MCU_timestamp,Navigation_System,Manual_Control,Guidance_Heading,Manual_Ctrl_Rudder,Rudder_Desired_Angle,Rudder_Feedback,Manual_Ctrl_Sail,Sail_Desired_Pos,Sail_Feedback,Rate,Heading,Pitch,Roll,Latitude,Longitude,COG,SOG,Wind_Speed,Wind_Angle,Point_Start_Lat,Point_Start_Lon,Point_End_Lat,Point_End_Lon
1386950004,4,0,0.0,0,0,20,0,0,0,-0.0292,95.6255,6.8213,0.4212,54.896885,9.784269,108.3,5.845,1.85,335.95,0.000000,0.000000,0.000000,0.000000
1386950004,1,0,468.2,0,-13,16,0,854,50,-0.0292,99.0922,6.8213,0.4212,54.896885,9.784301,108.3,5.845,1.85,335.95,54.896885,9.784269,54.895069,9.793790
1386950004,1,0,468.3,0,-9,12,0,870,100,-0.0292,101.4922,6.8213,0.4212,54.896881,9.784331,108.3,5.845,1.85,335.95,54.896885,9.784269,54.895069,9.793790
1386950004,1,0,468.3,0,-7,8,0,870,150,-0.0292,103.3588,6.8213,0.4212,54.896877,9.784362,108.3,5.845,1.85,335.95,54.896885,9.784269,54.895069,9.793790
1386950005,1,0,468.3,0,-5,4,0,870,200,-0.0292,104.6922,6.8213,0.4212,54.896873,9.784391,108.3,5.845,1.85,335.95,54.896885,9.784269,54.895069,9.793790
1386950005,1,0,468.4,0,-4,0,0,870,250,-0.0292,105.7588,6.8213,0.4212,54.896870,9.784422,108.3,5.845,1.85,335.95,54.896885,9.784269,54.895069,9.793790
1386950005,1,0,468.4,0,-3,-4,0,870,300,-0.0292,106.5588,6.8213,0.4212,54.896862,9.784451,108.3,5.845,1.85,335.95,54.896885,9.784269,54.895069,9.793790
1386950005,1,0,468.4,0,-2,0,0,870,350,-0.0292,107.0922,6.8213,0.4212,54.896858,9.784481,108.3,5.845,1.85,335.95,54.896885,9.784269,54.895069,9.793790
1386950006,1,0,468.4,0,-1,-4,0,870,400,-0.0292,107.3588,6.8213,0.4212,54.896854,9.784512,108.3,5.845,1.85,335.95,54.896885,9.784269,54.895069,9.793790
1386950006,1,0,468.4,0,-1,0,0,870,450,-0.0292,107.6255,6.8213,0.4212,54.896851,9.784541,108.3,5.845,1.85,335.95,54.896885,9.784269,54.895069,9.793790
1386950006,1,0,468.4,0,-1,-4,0,870,500,-0.0292,107.8922,6.8213,0.4212,54.896843,9.784571,108.3,5.845,1.85,335.95,54.896885,9.784269,54.895069,9.793790
1386950006,1,0,468.4,0,-1,0,0,870,550,-0.0292,108.1588,6.8213,0.4212,54.896835,9.784601,108.3,5.845,1.85,335.95,54.896885,9.784269,54.895069,9.793790
1386950007,1,0,468.4,0,0,4,0,870,600,-0.0292,108.1588,6.8213,0.4212,54.896832,9.784631,108.3,5.845,1.85,335.95,54.896885,9.784269,54.895069,9.793790
1386950007,1,0,468.4,0,0,0,0,870,650,-0.0292,108.1588,6.8213,0.4212,54.896828,9.784660,108.3,5.845,1.85,335.95,54.896885,9.784269,54.895069,9.793790
1386950007,1,0,468.4,0,0,4,0,870,700,-0.0292,108.1588,6.8213,0.4212,54.896824,9.784690,108.3,5.845,1.85,335.95,54.896885,9.784269,54.895069,9.793790
1386950007,1,0,468.4,0,0,0,0,870,750,-0.0292,108.1588,6.8213,0.4212,54.896816,9.784719,108.3,5.845,1.85,335.95,54.896885,9.784269,54.895069,9.793790
1386950008,1,0,468.4,0,0,4,0,870,800,-0.0292,108.1588,6.8213,0.4212,54.896809,9.784749,108.3,5.845,1.85,335.95,54.896885,9.784269,54.895069,9.793790
1386950008,1,0,468.4,0,0,0,0,870,850,-0.0292,108.1588,6.8213,0.4212,54.896805,9.784779,108.3,5.845,1.85,335.95,54.896885,9.784269,54.895069,9.793790
1386950008,1,0,468.4,0,0,4,0,870,900,-0.0292,108.1588,6.8213,0.4212,54.896801,9.784808,108.3,5.845,1.85,335.95,54.896885,9.784269,54.895069,9.793790
1386950008,1,0,468.4,0,0,0,0,870,850,-0.0292,108.1588,6.8213,0.4212,54.896793,9.784838,108.3,5.845,1.85,335.95,54.896885,9.784269,54.895069,9.793790
1386950009,1,0,468.4,0,0,4,0,870,900,-0.0292,108.1588,6.8213,0.4212,54.896786,9.784867,108.3,5.845,1.85,335.95,54.896885,9.784269,54.895069,9.793790
1386950009,1,0,468.4,0,0,0,0,870,850,-0.0292,108.1588,6.8213,0.4212,54.896782,9.784897,108.3,5.845,1.85,335.95,54.896885,9.784269,54.895069,9.793790
1386950009,1,0,468.4,0,0,4,0,870,900,-0.0292,108.1588,6.8213,0.4212,54.896778,9.784926,108.3,5.845,1.85,335.95,54.896885,9.784269,54.895069,9.793790
1386950009,1,0,468.4,0,0,0,0,870,850,-0.0292,108.1588,6.8213,0.4212,54.896774,9.784956,108.3,5.845,1.85,335.95,54.896885,9.784269,54.895069,9.793790
1386950010,1,0,468.4,0,0,4,0,870,900,-0.0292,108.1588,6.8213,0.4212,54.896767,9.784986,108.3,5.845,1.85,335.95,54.896885,9.784269,54.895069,9.793790
1386950010,1,0,468.4,0,0,0,0,870,850,-0.0292,108.1588,6.8213,0.4212,54.896759,9.785016,108.3,5.845,1.85,335.95,54.896885,9.784269,54.895069,9.793790
1386950010,1,0,468.4,0,0,4,0,870,900,-0.0292,108.1588,6.8213,0.4212,54.896755,9.785046,108.3,5.845,1.85,335.95,54.896885,9.784269,54.895069,9.793790
1386950011,1,0,468.4,0,0,0,0,870,850,-0.0292,108.1588,6.8213,0.4212,54.896751,9.785075,108.3,5.845,1.85,335.95,54.896885,9.784269,54.895069,9.793790
1386950011,1,0,468.4,0,0,4,0,870,900,-0.0292,108.1588,6.8213,0.4212,54.896744,9.785105,108.3,5.845,1.85,335.95,54.896885,9.784269,54.895069,9.793790
1386950011,1,0,468.4,0,0,0,0,870,850,-0.0292,108.1588,6.8213,0.4212,54.896736,9.785134,108.3,5.845,1.85,335.95,54.896885,9.784269,54.895069,9.793790
1386950011,1,0,468.4,0,0,4,0,870,900,-0.0292,108.1588,6.8213,0.4212,54.896732,9.785164,108.3,5.845,1.85,335.95,54.896885,9.784269,54.895069,9.793790
1386950012,1,0,468.4,0,0,0,0,870,850,-0.0292,108.1588,6.8213,0.4212,54.896729,9.785193,108.3,5.845,1.85,335.95,54.896885,9.784269,54.895069,9.793790
1386950012,1,0,468.4,0,0,4,0,870,900,-0.0292,108.1588,6.8213,0.4212,54.896725,9.785223,108.3,5.845,1.85,335.95,54.896885,9.784269,54.895069,9.793790
1386950012,1,0,468.5,0,0,0,0,870,850,-0.0292,108.1588,6.8213,0.4212,54.896717,9.785253,108.3,5.845,1.85,335.95,54.896885,9.784269,54.895069,9.793790
1386950012,1,0,468.4,0,0,4,0,870,900,-0.0292,108.1588,6.8213,0.4212,54.896709,9.785282,108.3,5.845,1.85,335.95,54.896885,9.784269,54.895069,9.793790
1386950013,1,0,468.4,0,0,0,0,870,850,-0.0292,108.1588,6.8213,0.4212,54.896706,9.785312,108.3,5.845,1.85,335.95,54.896885,9.784269,54.895069,9.793790
1386950013,1,0,468.4,0,0,4,0,870,900,-0.0292,108.1588,6.8213,0.4212,54.896702,9.785341,108.3,5.845,1.85,335.95,54.896885,9.784269,54.895069,9.793790
1386950013,1,0,468.5,0,0,0,0,870,850,-0.0292,108.1588,6.8213,0.4212,54.896694,9.785372,108.3,5.845,1.85,335.95,54.896885,9.784269,54.895069,9.793790
1386950013,1,0,468.5,0,0,4,0,870,900,-0.0292,108.1588,6.8213,0.4212,54.896687,9.785401,108.3,5.845,1.85,335.95,54.896885,9.784269,54.895069,9.793790
1386950014,1,0,468.4,0,0,0,0,870,850,-0.0292,108.1588,6.8213,0.4212,54.896683,9.785431,108.3,5.845,1.85,335.95,54.896885,9.784269,54.895069,9.793790
1386950014,1,0,468.4,0,0,4,0,870,900,-0.0292,108.1588,6.8213,0.4212,54.896679,9.785460,108.3,5.845,1.85,335.95,54.896885,9.784269,54.895069,9.793790
1386950014,1,0,468.5,0,0,0,0,870,850,-0.0292,108.1588,6.8213,0.4212,54.896671,9.785490,108.3,5.845,1.85,335.95,54.896885,9.784269,54.895069,9.793790
1386950014,1,0,468.4,0,0,4,0,870,900,-0.0292,108.1588,6.8213,0.4212,54.896664,9.785520,108.3,5.845,1.85,335.95,54.896885,9.784269,54.895069,9.793790
1386950015,1,0,468.4,0,0,0,0,870,850,-0.0292,108.1588,6.8213,0.4212,54.896660,9.785549,108.3,5.845,1.85,335.95,54.896885,9.784269,54.895069,9.793790
1386950015,1,0,468.4,0,0,4,0,870,900,-0.0292,108.1588,6.8213,0.4212,54.896656,9.785579,108.3,5.845,1.85,335.95,54.896885,9.784269,54.895069,9.793790
1386950015,1,0,468.5,0,0,0,0,870,850,-0.0292,108.1588,6.8213,0.4212,54.896652,9.785608,108.3,5.845,1.85,335.95,54.896885,9.784269,54.895069,9.793790
1386950015,1,0,468.5,0,0,4,0,870,900,-0.0292,108.1588,6.8213,0.4212,54.896645,9.785638,108.3,5.845,1.85,335.95,54.896885,9.784269,54.895069,9.793790
1386950016,1,0,468.5,0,0,0,0,870,850,-0.0292,108.1588,6.8213,0.4212,54.896637,9.785667,108.3,5.845,1.85,335.95,54.896885,9.784269,54.895069,9.793790
1386950016,1,0,468.4,0,0,4,0,870,900,-0.0292,108.1588,6.8213,0.4212,54.896633,9.785697,108.3,5.845,1.85,335.95,54.896885,9.784269,54.895069,9.793790
1386950016,1,0,468.5,0,0,0,0,870,850,-0.0292,108.1588,6.8213,0.4212,54.896629,9.785727,108.3,5.845,1.85,335.95,54.896885,9.784269,54.895069,9.793790
1386950016,1,0,468.5,0,0,4,0,870,900,-0.0292,108.1588,6.8213,0.4212,54.896622,9.785757,108.3,5.845,1.85,335.95,54.896885,9.784269,54.895069,9.793790
1386950017,1,0,468.5,0,0,0,0,870,850,-0.0292,108.1588,6.8213,0.4212,54.896614,9.785787,108.3,5.845,1.85,335.95,54.896885,9.784269,54.895069,9.793790
1386950017,1,0,468.4,0,0,4,0,870,900,-0.0292,108.1588,6.8213,0.4212,54.896610,9.785816,108.3,5.845,1.85,335.95,54.896885,9.784269,54.895069,9.793790
1386950017,1,0,468.5,0,0,0,0,870,850,-0.0292,108.1588,6.8213,0.4212,54.896606,9.785846,108.3,5.845,1.85,335.95,54.896885,9.784269,54.895069,9.793790
1386950017,1,0,468.5,0,0,4,0,870,900,-0.0292,108.1588,6.8213,0.4212,54.896603,9.785875,108.3,5.845,1.85,335.95,54.896885,9.784269,54.895069,9.793790
1386950018,1,0,468.5,0,0,0,0,870,850,-0.0292,108.1588,6.8213,0.4212,54.896595,9.785905,108.3,5.845,1.85,335.95,54.896885,9.784269,54.895069,9.793790
1386950018,1,0,468.5,0,0,4,0,870,900,-0.0292,108.1588,6.8213,0.4212,54.896587,9.785934,108.3,5.845,1.85,335.95,54.896885,9.784269,54.895069,9.793790
1386950018,1,0,468.5,0,0,0,0,870,850,-0.0292,108.1588,6.8213,0.4212,54.896584,9.785964,108.3,5.845,1.85,335.95,54.896885,9.784269,54.895069,9.793790
1386950018,1,0,468.5,0,0,4,0,870,900,-0.0292,108.1588,6.8213,0.4212,54.896580,9.785994,108.3,5.845,1.85,335.95,54.896885,9.784269,54.895069,9.793790
1386950019,1,0,468.5,0,0,0,0,870,850,-0.0292,108.1588,6.8213,0.4212,54.896572,9.786023,108.3,5.845,1.85,335.95,54.896885,9.784269,54.895069,9.793790
1386950019,1,0,468.5,0,0,4,0,870,900,-0.0292,108.1588,6.8213,0.4212,54.896564,9.786053,108.3,5.845,1.85,335.95,54.896885,9.784269,54.895069,9.793790
1386950019,1,0,468.5,0,0,0,0,870,850,-0.0292,108.1588,6.8213,0.4212,54.896561,9.786082,108.3,5.845,1.85,335.95,54.896885,9.784269,54.895069,9.793790
1386950019,1,0,468.5,0,0,4,0,870,900,-0.0292,108.1588,6.8213,0.4212,54.896557,9.786112,108.3,5.845,1.85,335.95,54.896885,9.784269,54.895069,9.793790
1386950020,1,0,468.5,0,0,0,0,870,850,-0.0292,108.1588,6.8213,0.4212,54.896553,9.786142,108.3,5.845,1.85,335.95,54.896885,9.784269,54.895069,9.793790
1386950020,1,0,468.5,0,0,4,0,870,900,-0.0292,108.1588,6.8213,0.4212,54.896545,9.786172,108.3,5.845,1.85,335.95,54.896885,9.784269,54.895069,9.793790
1386950020,1,0,468.5,0,0,0,0,870,850,-0.0292,108.1588,6.8213,0.4212,54.896538,9.786201,108.3,5.845,1.85,335.95,54.896885,9.784269,54.895069,9.793790
1386950020,1,0,468.5,0,0,4,0,870,900,-0.0292,108.1588,6.8213,0.4212,54.896534,9.786231,108.3,5.845,1.85,335.95,54.896885,9.784269,54.895069,9.793790
1386950021,1,0,468.5,0,0,0,0,870,850,-0.0292,108.1588,6.8213,0.4212,54.896530,9.786261,108.3,5.845,1.85,335.95,54.896885,9.784269,54.895069,9.793790
1386950021,1,0,468.5,0,0,4,0,870,900,-0.0292,108.1588,6.8213,0.4212,54.896523,9.786290,108.3,5.845,1.85,335.95,54.896885,9.784269,54.895069,9.793790
1386950021,1,0,468.5,0,0,0,0,870,850,-0.0292,108.1588,6.8213,0.4212,54.896515,9.786320,108.3,5.845,1.85,335.95,54.896885,9.784269,54.895069,9.793790
1386950021,1,0,468.5,0,0,4,0,870,900,-0.0292,108.1588,6.8213,0.4212,54.896511,9.786349,108.3,5.845,1.85,335.95,54.896885,9.784269,54.895069,9.793790
1386950022,1,0,468.5,0,0,0,0,870,850,-0.0292,108.1588,6.8213,0.4212,54.896507,9.786379,108.3,5.845,1.85,335.95,54.896885,9.784269,54.895069,9.793790
1386950022,1,0,468.5,0,0,4,0,870,900,-0.0292,108.1588,6.8213,0.4212,54.896503,9.786408,108.3,5.845,1.85,335.95,54.896885,9.784269,54.895069,9.793790
1386950022,1,0,468.6,0,0,0,0,870,850,-0.0292,108.1588,6.8213,0.4212,54.896496,9.786438,108.3,5.845,1.85,335.95,54.896885,9.784269,54.895069,9.793790
1386950022,1,0,468.5,0,0,4,0,870,900,-0.0292,108.1588,6.8213,0.4212,54.896488,9.786468,108.3,5.845,1.85,335.95,54.896885,9.784269,54.895069,9.793790
1386950023,1,0,468.5,0,0,0,0,870,850,-0.0292,108.1588,6.8213,0.4212,54.896484,9.786497,108.3,5.845,1.85,335.95,54.896885,9.784269,54.895069,9.793790
1386950023,1,0,468.5,0,0,4,0,870,900,-0.0292,108.1588,6.8213,0.4212,54.896481,9.786528,108.3,5.845,1.85,335.95,54.896885,9.784269,54.895069,9.793790
1386950023,1,0,468.6,0,0,0,0,870,850,-0.0292,108.1588,6.8213,0.4212,54.896473,9.786557,108.3,5.845,1.85,335.95,54.896885,9.784269,54.895069,9.793790
1386950023,1,0,468.5,0,0,4,0,870,900,-0.0292,108.1588,6.8213,0.4212,54.896465,9.786587,108.3,5.845,1.85,335.95,54.896885,9.784269,54.895069,9.793790
1386950024,1,0,468.5,0,0,0,0,870,850,-0.0292,108.1588,6.8213,0.4212,54.896461,9.786617,108.3,5.845,1.85,335.95,54.896885,9.784269,54.895069,9.793790
1386950024,1,0,468.5,0,0,4,0,870,900,-0.0292,108.1588,6.8213,0.4212,54.896458,9.786647,108.3,5.845,1.85,335.95,54.896885,9.784269,54.895069,9.793790
1386950024,1,0,468.6,0,0,0,0,870,850,-0.0292,108.1588,6.8213,0.4212,54.896450,9.786676,108.3,5.845,1.85,335.95,54.896885,9.784269,54.895069,9.793790
1386950024,1,0,468.5,0,0,4,0,870,900,-0.0292,108.1588,6.8213,0.4212,54.896442,9.786706,108.3,5.845,1.85,335.95,54.896885,9.784269,54.895069,9.793790
1386950025,1,0,468.5,0,0,0,0,870,850,-0.0292,108.1588,6.8213,0.4212,54.896439,9.786736,108.3,5.845,1.85,335.95,54.896885,9.784269,54.895069,9.793790
1386950025,1,0,468.5,0,0,4,0,870,900,-0.0292,108.1588,6.8213,0.4212,54.896435,9.786765,108.3,5.845,1.85,335.95,54.896885,9.784269,54.895069,9.793790
1386950025,1,0,468.6,0,0,0,0,870,850,-0.0292,108.1588,6.8213,0.4212,54.896431,9.786795,108.3,5.845,1.85,335.95,54.896885,9.784269,54.895069,9.793790
1386950025,1,0,468.6,0,0,4,0,870,900,-0.0292,108.1588,6.8213,0.4212,54.896423,9.786824,108.3,5.845,1.85,335.95,54.896885,9.784269,54.895069,9.793790
1386950026,1,0,468.6,0,0,0,0,870,850,-0.0292,108.1588,6.8213,0.4212,54.896416,9.786854,108.3,5.845,1.85,335.95,54.896885,9.784269,54.895069,9.793790
1386950026,1,0,468.5,0,0,4,0,870,900,-0.0292,108.1588,6.8213,0.4212,54.896412,9.786883,108.3,5.845,1.85,335.95,54.896885,9.784269,54.895069,9.793790
1386950026,1,0,468.6,0,0,0,0,870,850,-0.0292,108.1588,6.8213,0.4212,54.896408,9.786914,108.3,5.845,1.85,335.95,54.896885,9.784269,54.895069,9.793790
1386950026,1,0,468.6,0,0,4,0,870,900,-0.0292,108.1588,6.8213,0.4212,54.896400,9.786943,108.3,5.845,1.85,335.95,54.896885,9.784269,54.895069,9.793790
1386950027,1,0,468.6,0,0,0,0,870,850,-0.0292,108.1588,6.8213,0.4212,54.896393,9.786973,108.3,5.845,1.85,335.95,54.896885,9.784269,54.895069,9.793790
1386950027,1,0,468.6,0,0,4,0,870,900,-0.0292,108.1588,6.8213,0.4212,54.896389,9.787003,108.3,5.845,1.85,335.95,54.896885,9.784269,54.895069,9.793790
1386950027,1,0,468.6,0,0,0,0,870,850,-0.0292,108.1588,6.8213,0.4212,54.896385,9.787032,108.3,5.845,1.85,335.95,54.896885,9.784269,54.895069,9.793790
1386950027,1,0,468.6,0,0,4,0,870,900,-0.0292,108.1588,6.8213,0.4212,54.896381,9.787062,108.3,5.845,1.85,335.95,54.896885,9.784269,54.895069,9.793790
1386950028,1,0,468.6,0,0,0,0,870,850,-0.0292,108.1588,6.8213,0.4212,54.896374,9.787091,108.3,5.845,1.85,335.95,54.896885,9.784269,54.895069,9.793790
1386950028,1,0,468.6,0,0,4,0,870,900,-0.0292,108.1588,6.8213,0.4212,54.896366,9.787121,108.3,5.845,1.85,335.95,54.896885,9.784269,54.895069,9.793790
1386950028,1,0,468.6,0,0,0,0,870,850,-0.0292,108.1588,6.8213,0.4212,54.896362,9.787150,108.3,5.845,1.85,335.95,54.896885,9.784269,54.895069,9.793790
1386950028,1,0,468.6,0,0,4,0,870,900,-0.0292,108.1588,6.8213,0.4212,54.896358,9.787180,108.3,5.845,1.85,335.95,54.896885,9.784269,54.895069,9.793790
1386950029,1,0,468.6,0,0,0,0,870,850,-0.0292,108.1588,6.8213,0.4212,54.896351,9.787210,108.3,5.845,1.85,335.95,54.896885,9.784269,54.895069,9.793790
1386950029,1,0,468.6,0,0,4,0,870,900,-0.0292,108.1588,6.8213,0.4212,54.896343,9.787239,108.3,5.845,1.85,335.95,54.896885,9.784269,54.895069,9.793790
1386950029,1,0,468.6,0,0,0,0,870,850,-0.0292,108.1588,6.8213,0.4212,54.896339,9.787269,108.3,5.845,1.85,335.95,54.896885,9.784269,54.895069,9.793790
1386950029,1,0,468.6,0,0,4,0,870,900,-0.0292,108.1588,6.8213,0.4212,54.896336,9.787299,108.3,5.845,1.85,335.95,54.896885,9.784269,54.895069,9.793790
1386950030,1,0,468.6,0,0,0,0,870,850,-0.0292,108.1588,6.8213,0.4212,54.896332,9.787329,108.3,5.845,1.85,335.95,54.896885,9.784269,54.895069,9.793790
1386950030,1,0,468.7,0,-1,-4,0,870,900,-0.0292,108.4255,6.8213,0.4212,54.896324,9.787358,108.3,5.845,1.85,335.95,54.896885,9.784269,54.895069,9.793790
1386950030,1,0,468.6,0,0,0,0,870,850,-0.0292,108.4255,6.8213,0.4212,54.896317,9.787389,108.3,5.845,1.85,335.95,54.896885,9.784269,54.895069,9.793790
1386950030,1,0,468.6,0,0,4,0,870,900,-0.0292,108.4255,6.8213,0.4212,54.896313,9.787418,108.3,5.845,1.85,335.95,54.896885,9.784269,54.895069,9.793790
1386950031,1,0,468.6,0,0,0,0,870,850,-0.0292,108.4255,6.8213,0.4212,54.896309,9.787448,108.3,5.845,1.85,335.95,54.896885,9.784269,54.895069,9.793790
1386950031,1,0,468.7,0,0,4,0,870,900,-0.0292,108.4255,6.8213,0.4212,54.896301,9.787477,108.3,5.845,1.85,335.95,54.896885,9.784269,54.895069,9.793790
1386950031,1,0,468.6,0,0,0,0,870,850,-0.0292,108.4255,6.8213,0.4212,54.896294,9.787507,108.3,5.845,1.85,335.95,54.896885,9.784269,54.895069,9.793790
1386950031,1,0,468.6,0,0,4,0,870,900,-0.0292,108.4255,6.8213,0.4212,54.896290,9.787537,108.3,5.845,1.85,335.95,54.896885,9.784269,54.895069,9.793790
1386950032,1,0,468.6,0,0,0,0,870,850,-0.0292,108.4255,6.8213,0.4212,54.896286,9.787566,108.3,5.845,1.85,335.95,54.896885,9.784269,54.895069,9.793790
1386950032,1,0,468.7,0,0,4,0,870,900,-0.0292,108.4255,6.8213,0.4212,54.896278,9.787596,108.3,5.845,1.85,335.95,54.896885,9.784269,54.895069,9.793790
1386950032,1,0,468.6,0,0,0,0,870,850,-0.0292,108.4255,6.8213,0.4212,54.896271,9.787625,108.3,5.845,1.85,335.95,54.896885,9.784269,54.895069,9.793790
1386950032,1,0,468.6,0,0,4,0,870,900,-0.0292,108.4255,6.8213,0.4212,54.896267,9.787655,108.3,5.845,1.85,335.95,54.896885,9.784269,54.895069,9.793790
1386950033,1,0,468.6,0,0,0,0,870,850,-0.0292,108.4255,6.8213,0.4212,54.896263,9.787684,108.3,5.845,1.85,335.95,54.896885,9.784269,54.895069,9.793790
1386950033,1,0,468.7,0,0,4,0,870,900,-0.0292,108.4255,6.8213,0.4212,54.896259,9.787714,108.3,5.845,1.85,335.95,54.896885,9.784269,54.895069,9.793790
1386950033,1,0,468.7,0,0,0,0,870,850,-0.0292,108.4255,6.8213,0.4212,54.896252,9.787744,108.3,5.845,1.85,335.95,54.896885,9.784269,54.895069,9.793790
1386950033,1,0,468.7,0,0,4,0,870,900,-0.0292,108.4255,6.8213,0.4212,54.896244,9.787774,108.3,5.845,1.85,335.95,54.896885,9.784269,54.895069,9.793790
1386950034,1,0,468.7,0,0,0,0,870,850,-0.0292,108.4255,6.8213,0.4212,54.896240,9.787804,108.3,5.845,1.85,335.95,54.896885,9.784269,54.895069,9.793790
1386950034,1,0,468.7,0,0,4,0,870,900,-0.0292,108.4255,6.8213,0.4212,54.896236,9.787833,108.3,5.845,1.85,335.95,54.896885,9.784269,54.895069,9.793790
1386950034,1,0,468.7,0,0,0,0,870,850,-0.0292,108.4255,6.8213,0.4212,54.896229,9.787863,108.3,5.845,1.85,335.95,54.896885,9.784269,54.895069,9.793790
1386950034,1,0,468.7,0,0,4,0,870,900,-0.0292,108.4255,6.8213,0.4212,54.896221,9.787892,108.3,5.845,1.85,335.95,54.896885,9.784269,54.895069,9.793790
1386950035,1,0,468.7,0,0,0,0,870,850,-0.0292,108.4255,6.8213,0.4212,54.896217,9.787922,108.3,5.845,1.85,335.95,54.896885,9.784269,54.895069,9.793790
1386950035,1,0,468.7,0,0,4,0,870,900,-0.0292,108.4255,6.8213,0.4212,54.896214,9.787951,108.3,5.845,1.85,335.95,54.896885,9.784269,54.895069,9.793790
1386950035,1,0,468.7,0,0,0,0,870,850,-0.0292,108.4255,6.8213,0.4212,54.896210,9.787981,108.3,5.845,1.85,335.95,54.896885,9.784269,54.895069,9.793790
1386950035,1,0,468.7,0,0,4,0,870,900,-0.0292,108.4255,6.8213,0.4212,54.896202,9.788011,108.3,5.845,1.85,335.95,54.896885,9.784269,54.895069,9.793790
1386950036,1,0,468.7,0,0,0,0,870,850,-0.0292,108.4255,6.8213,0.4212,54.896194,9.788040,108.3,5.845,1.85,335.95,54.896885,9.784269,54.895069,9.793790
1386950036,1,0,468.7,0,0,4,0,870,900,-0.0292,108.4255,6.8213,0.4212,54.896191,9.788070,108.3,5.845,1.85,335.95,54.896885,9.784269,54.895069,9.793790
1386950036,1,0,468.7,0,0,0,0,870,850,-0.0292,108.4255,6.8213,0.4212,54.896187,9.788099,108.3,5.845,1.85,335.95,54.896885,9.784269,54.895069,9.793790
1386950036,1,0,468.7,0,0,4,0,870,900,-0.0292,108.4255,6.8213,0.4212,54.896179,9.788129,108.3,5.845,1.85,335.95,54.896885,9.784269,54.895069,9.793790
1386950037,1,0,468.7,0,0,0,0,870,850,-0.0292,108.4255,6.8213,0.4212,54.896172,9.788159,108.3,5.845,1.85,335.95,54.896885,9.784269,54.895069,9.793790
1386950037,1,0,468.7,0,0,4,0,870,900,-0.0292,108.4255,6.8213,0.4212,54.896168,9.788189,108.3,5.845,1.85,335.95,54.896885,9.784269,54.895069,9.793790
1386950037,1,0,468.7,0,0,0,0,870,850,-0.0292,108.4255,6.8213,0.4212,54.896164,9.788218,108.3,5.845,1.85,335.95,54.896885,9.784269,54.895069,9.793790
1386950037,1,0,468.8,0,0,4,0,870,900,-0.0292,108.4255,6.8213,0.4212,54.896160,9.788248,108.3,5.845,1.85,335.95,54.896885,9.784269,54.895069,9.793790
1386950038,1,0,468.8,0,0,0,0,870,850,-0.0292,108.4255,6.8213,0.4212,54.896152,9.788278,108.3,5.845,1.85,335.95,54.896885,9.784269,54.895069,9.793790
1386950038,1,0,468.8,0,0,4,0,870,900,-0.0292,108.4255,6.8213,0.4212,54.896145,9.788307,108.3,5.845,1.85,335.95,54.896885,9.784269,54.895069,9.793790
1386950038,1,0,468.7,0,0,0,0,870,850,-0.0292,108.4255,6.8213,0.4212,54.896141,9.788337,108.3,5.845,1.85,335.95,54.896885,9.784269,54.895069,9.793790
1386950039,1,0,468.8,0,0,4,0,870,900,-0.0292,108.4255,6.8213,0.4212,54.896137,9.788366,108.3,5.845,1.85,335.95,54.896885,9.784269,54.895069,9.793790
1386950039,1,0,468.8,0,0,0,0,870,850,-0.0292,108.4255,6.8213,0.4212,54.896130,9.788396,108.3,5.845,1.85,335.95,54.896885,9.784269,54.895069,9.793790
1386950039,1,0,468.8,0,0,4,0,870,900,-0.0292,108.4255,6.8213,0.4212,54.896122,9.788425,108.3,5.845,1.85,335.95,54.896885,9.784269,54.895069,9.793790
1386950039,1,0,468.7,0,0,0,0,870,850,-0.0292,108.4255,6.8213,0.4212,54.896118,9.788455,108.3,5.845,1.85,335.95,54.896885,9.784269,54.895069,9.793790
1386950040,1,0,468.8,0,0,4,0,870,900,-0.0292,108.4255,6.8213,0.4212,54.896114,9.788485,108.3,5.845,1.85,335.95,54.896885,9.784269,54.895069,9.793790
1386950040,1,0,468.8,0,0,0,0,870,850,-0.0292,108.4255,6.8213,0.4212,54.896111,9.788514,108.3,5.845,1.85,335.95,54.896885,9.784269,54.895069,9.793790
1386950040,1,0,468.8,0,0,4,0,870,900,-0.0292,108.4255,6.8213,0.4212,54.896103,9.788545,108.3,5.845,1.85,335.95,54.896885,9.784269,54.895069,9.793790
1386950040,1,0,468.8,0,0,0,0,870,850,-0.0292,108.4255,6.8213,0.4212,54.896095,9.788574,108.3,5.845,1.85,335.95,54.896885,9.784269,54.895069,9.793790
1386950041,1,0,468.8,0,0,4,0,870,900,-0.0292,108.4255,6.8213,0.4212,54.896091,9.788604,108.3,5.845,1.85,335.95,54.896885,9.784269,54.895069,9.793790
1386950041,1,0,468.8,0,0,0,0,870,850,-0.0292,108.4255,6.8213,0.4212,54.896088,9.788633,108.3,5.845,1.85,335.95,54.896885,9.784269,54.895069,9.793790
1386950041,1,0,468.8,0,0,4,0,870,900,-0.0292,108.4255,6.8213,0.4212,54.896080,9.788663,108.3,5.845,1.85,335.95,54.896885,9.784269,54.895069,9.793790
1386950041,1,0,468.8,0,0,0,0,870,850,-0.0292,108.4255,6.8213,0.4212,54.896072,9.788692,108.3,5.845,1.85,335.95,54.896885,9.784269,54.895069,9.793790
1386950042,1,0,468.8,0,0,4,0,870,900,-0.0292,108.4255,6.8213,0.4212,54.896069,9.788722,108.3,5.845,1.85,335.95,54.896885,9.784269,54.895069,9.793790
1386950042,1,0,468.8,0,0,0,0,870,850,-0.0292,108.4255,6.8213,0.4212,54.896065,9.788752,108.3,5.845,1.85,335.95,54.896885,9.784269,54.895069,9.793790
1386950042,1,0,468.9,0,0,4,0,870,900,-0.0292,108.4255,6.8213,0.4212,54.896057,9.788781,108.3,5.845,1.85,335.95,54.896885,9.784269,54.895069,9.793790
1386950042,1,0,468.8,0,0,0,0,870,850,-0.0292,108.4255,6.8213,0.4212,54.896049,9.788811,108.3,5.845,1.85,335.95,54.896885,9.784269,54.895069,9.793790
1386950043,1,0,468.8,0,0,4,0,870,900,-0.0292,108.4255,6.8213,0.4212,54.896046,9.788840,108.3,5.845,1.85,335.95,54.896885,9.784269,54.895069,9.793790
1386950043,1,0,468.8,0,0,0,0,870,850,-0.0292,108.4255,6.8213,0.4212,54.896042,9.788870,108.3,5.845,1.85,335.95,54.896885,9.784269,54.895069,9.793790
1386950043,1,0,468.9,0,0,4,0,870,900,-0.0292,108.4255,6.8213,0.4212,54.896038,9.788899,108.3,5.845,1.85,335.95,54.896885,9.784269,54.895069,9.793790
1386950043,1,0,468.9,0,0,0,0,870,850,-0.0292,108.4255,6.8213,0.4212,54.896030,9.788930,108.3,5.845,1.85,335.95,54.896885,9.784269,54.895069,9.793790
1386950044,1,0,468.9,0,0,4,0,870,900,-0.0292,108.4255,6.8213,0.4212,54.896023,9.788960,108.3,5.845,1.85,335.95,54.896885,9.784269,54.895069,9.793790
1386950044,1,0,468.8,0,0,0,0,870,850,-0.0292,108.4255,6.8213,0.4212,54.896019,9.788989,108.3,5.845,1.85,335.95,54.896885,9.784269,54.895069,9.793790
1386950044,1,0,468.9,0,0,4,0,870,900,-0.0292,108.4255,6.8213,0.4212,54.896015,9.789019,108.3,5.845,1.85,335.95,54.896885,9.784269,54.895069,9.793790
1386950044,1,0,468.9,0,0,0,0,870,850,-0.0292,108.4255,6.8213,0.4212,54.896008,9.789048,108.3,5.845,1.85,335.95,54.896885,9.784269,54.895069,9.793790
1386950045,1,0,468.9,0,0,4,0,870,900,-0.0292,108.4255,6.8213,0.4212,54.896000,9.789078,108.3,5.845,1.85,335.95,54.896885,9.784269,54.895069,9.793790
1386950045,1,0,468.8,0,0,0,0,870,850,-0.0292,108.4255,6.8213,0.4212,54.895996,9.789107,108.3,5.845,1.85,335.95,54.896885,9.784269,54.895069,9.793790
1386950045,1,0,468.9,0,0,4,0,870,900,-0.0292,108.4255,6.8213,0.4212,54.895992,9.789137,108.3,5.845,1.85,335.95,54.896885,9.784269,54.895069,9.793790
1386950045,1,0,468.9,0,-1,0,0,870,850,-0.0292,108.6922,6.8213,0.4212,54.895988,9.789166,108.3,5.845,1.85,335.95,54.896885,9.784269,54.895069,9.793790
1386950046,1,0,469.0,0,0,4,0,870,900,-0.0292,108.6922,6.8213,0.4212,54.895981,9.789196,108.3,5.845,1.85,335.95,54.896885,9.784269,54.895069,9.793790
1386950046,1,0,468.9,0,0,0,0,870,850,-0.0292,108.6922,6.8213,0.4212,54.895973,9.789226,108.3,5.845,1.85,335.95,54.896885,9.784269,54.895069,9.793790
1386950046,1,0,468.9,0,0,4,0,870,900,-0.0292,108.6922,6.8213,0.4212,54.895969,9.789255,108.3,5.845,1.85,335.95,54.896885,9.784269,54.895069,9.793790
1386950046,1,0,468.9,0,0,0,0,870,850,-0.0292,108.6922,6.8213,0.4212,54.895966,9.789285,108.3,5.845,1.85,335.95,54.896885,9.784269,54.895069,9.793790
1386950047,1,0,469.0,0,0,4,0,870,900,-0.0292,108.6922,6.8213,0.4212,54.895958,9.789314,108.3,5.845,1.85,335.95,54.896885,9.784269,54.895069,9.793790
1386950047,1,0,468.9,0,0,0,0,870,850,-0.0292,108.6922,6.8213,0.4212,54.895950,9.789344,108.3,5.845,1.85,335.95,54.896885,9.784269,54.895069,9.793790
1386950047,1,0,468.9,0,0,4,0,870,900,-0.0292,108.6922,6.8213,0.4212,54.895947,9.789373,108.3,5.845,1.85,335.95,54.896885,9.784269,54.895069,9.793790
1386950047,1,0,468.9,0,0,0,0,870,850,-0.0292,108.6922,6.8213,0.4212,54.895943,9.789402,108.3,5.845,1.85,335.95,54.896885,9.784269,54.895069,9.793790
1386950048,1,0,469.0,0,0,4,0,870,900,-0.0292,108.6922,6.8213,0.4212,54.895939,9.789432,108.3,5.845,1.85,335.95,54.896885,9.784269,54.895069,9.793790
1386950048,1,0,469.0,0,0,0,0,870,850,-0.0292,108.6922,6.8213,0.4212,54.895931,9.789461,108.3,5.845,1.85,335.95,54.896885,9.784269,54.895069,9.793790
1386950048,1,0,469.0,0,0,4,0,870,900,-0.0292,108.6922,6.8213,0.4212,54.895924,9.789491,108.3,5.845,1.85,335.95,54.896885,9.784269,54.895069,9.793790
1386950048,1,0,469.0,0,0,0,0,870,850,-0.0292,108.6922,6.8213,0.4212,54.895920,9.789520,108.3,5.845,1.85,335.95,54.896885,9.784269,54.895069,9.793790
1386950049,1,0,469.0,0,0,4,0,870,900,-0.0292,108.6922,6.8213,0.4212,54.895916,9.789550,108.3,5.845,1.85,335.95,54.896885,9.784269,54.895069,9.793790
1386950049,1,0,469.0,0,0,0,0,870,850,-0.0292,108.6922,6.8213,0.4212,54.895908,9.789579,108.3,5.845,1.85,335.95,54.896885,9.784269,54.895069,9.793790
1386950049,1,0,469.0,0,0,4,0,870,900,-0.0292,108.6922,6.8213,0.4212,54.895901,9.789609,108.3,5.845,1.85,335.95,54.896885,9.784269,54.895069,9.793790
1386950049,1,0,469.0,0,0,0,0,870,850,-0.0292,108.6922,6.8213,0.4212,54.895897,9.789639,108.3,5.845,1.85,335.95,54.896885,9.784269,54.895069,9.793790
1386950050,1,0,469.0,0,0,4,0,870,900,-0.0292,108.6922,6.8213,0.4212,54.895893,9.789668,108.3,5.845,1.85,335.95,54.896885,9.784269,54.895069,9.793790
1386950050,1,0,469.1,0,0,0,0,870,850,-0.0292,108.6922,6.8213,0.4212,54.895885,9.789698,108.3,5.845,1.85,335.95,54.896885,9.784269,54.895069,9.793790
1386950050,1,0,469.0,0,0,4,0,870,900,-0.0292,108.6922,6.8213,0.4212,54.895878,9.789727,108.3,5.845,1.85,335.95,54.896885,9.784269,54.895069,9.793790
1386950050,1,0,469.0,0,0,0,0,870,850,-0.0292,108.6922,6.8213,0.4212,54.895874,9.789757,108.3,5.845,1.85,335.95,54.896885,9.784269,54.895069,9.793790
1386950051,1,0,469.0,0,0,4,0,870,900,-0.0292,108.6922,6.8213,0.4212,54.895870,9.789786,108.3,5.845,1.85,335.95,54.896885,9.784269,54.895069,9.793790
1386950051,1,0,469.1,0,0,0,0,870,850,-0.0292,108.6922,6.8213,0.4212,54.895866,9.789816,108.3,5.845,1.85,335.95,54.896885,9.784269,54.895069,9.793790
1386950051,1,0,469.1,0,0,4,0,870,900,-0.0292,108.6922,6.8213,0.4212,54.895859,9.789845,108.3,5.845,1.85,335.95,54.896885,9.784269,54.895069,9.793790
1386950051,1,0,469.1,0,0,0,0,870,850,-0.0292,108.6922,6.8213,0.4212,54.895851,9.789875,108.3,5.845,1.85,335.95,54.896885,9.784269,54.895069,9.793790
1386950052,1,0,469.0,0,0,4,0,870,900,-0.0292,108.6922,6.8213,0.4212,54.895847,9.789905,108.3,5.845,1.85,335.95,54.896885,9.784269,54.895069,9.793790
1386950052,1,0,469.1,0,0,0,0,870,850,-0.0292,108.6922,6.8213,0.4212,54.895844,9.789934,108.3,5.845,1.85,335.95,54.896885,9.784269,54.895069,9.793790
1386950052,1,0,469.1,0,0,4,0,870,900,-0.0292,108.6922,6.8213,0.4212,54.895836,9.789964,108.3,5.845,1.85,335.95,54.896885,9.784269,54.895069,9.793790
1386950052,1,0,469.1,0,0,0,0,870,850,-0.0292,108.6922,6.8213,0.4212,54.895828,9.789993,108.3,5.845,1.85,335.95,54.896885,9.784269,54.895069,9.793790
1386950053,1,0,469.1,0,0,4,0,870,900,-0.0292,108.6922,6.8213,0.4212,54.895824,9.790023,108.3,5.845,1.85,335.95,54.896885,9.784269,54.895069,9.793790
1386950053,1,0,469.1,0,0,0,0,870,850,-0.0292,108.6922,6.8213,0.4212,54.895821,9.790052,108.3,5.845,1.85,335.95,54.896885,9.784269,54.895069,9.793790
1386950053,1,0,469.2,0,0,4,0,870,900,-0.0292,108.6922,6.8213,0.4212,54.895817,9.790082,108.3,5.845,1.85,335.95,54.896885,9.784269,54.895069,9.793790
1386950053,1,0,469.2,0,-1,0,0,870,850,-0.0292,108.9589,6.8213,0.4212,54.895809,9.790112,108.3,5.845,1.85,335.95,54.896885,9.784269,54.895069,9.793790
1386950054,1,0,469.2,0,0,4,0,870,900,-0.0292,108.9589,6.8213,0.4212,54.895802,9.790141,108.3,5.845,1.85,335.95,54.896885,9.784269,54.895069,9.793790
1386950054,1,0,469.1,0,0,0,0,870,850,-0.0292,108.9589,6.8213,0.4212,54.895798,9.790171,108.3,5.845,1.85,335.95,54.896885,9.784269,54.895069,9.793790
1386950054,1,0,469.2,0,0,4,0,870,900,-0.0292,108.9589,6.8213,0.4212,54.895794,9.790200,108.3,5.845,1.85,335.95,54.896885,9.784269,54.895069,9.793790
1386950054,1,0,469.2,0,0,0,0,870,850,-0.0292,108.9589,6.8213,0.4212,54.895786,9.790230,108.3,5.845,1.85,335.95,54.896885,9.784269,54.895069,9.793790
1386950055,1,0,469.2,0,0,4,0,870,900,-0.0292,108.9589,6.8213,0.4212,54.895779,9.790259,108.3,5.845,1.85,335.95,54.896885,9.784269,54.895069,9.793790
1386950055,1,0,469.2,0,0,0,0,870,850,-0.0292,108.9589,6.8213,0.4212,54.895775,9.790289,108.3,5.845,1.85,335.95,54.896885,9.784269,54.895069,9.793790
1386950055,1,0,469.2,0,0,4,0,870,900,-0.0292,108.9589,6.8213,0.4212,54.895771,9.790318,108.3,5.845,1.85,335.95,54.896885,9.784269,54.895069,9.793790
1386950055,1,0,469.3,0,0,0,0,870,850,-0.0292,108.9589,6.8213,0.4212,54.895767,9.790347,108.3,5.845,1.85,335.95,54.896885,9.784269,54.895069,9.793790
1386950056,1,0,469.3,0,0,4,0,870,900,-0.0292,108.9589,6.8213,0.4212,54.895760,9.790377,108.3,5.845,1.85,335.95,54.896885,9.784269,54.895069,9.793790
1386950056,1,0,469.3,0,0,0,0,870,850,-0.0292,108.9589,6.8213,0.4212,54.895752,9.790406,108.3,5.845,1.85,335.95,54.896885,9.784269,54.895069,9.793790
1386950056,1,0,469.2,0,0,4,0,870,900,-0.0292,108.9589,6.8213,0.4212,54.895748,9.790436,108.3,5.845,1.85,335.95,54.896885,9.784269,54.895069,9.793790
1386950056,1,0,469.3,0,0,0,0,870,850,-0.0292,108.9589,6.8213,0.4212,54.895744,9.790465,108.3,5.845,1.85,335.95,54.896885,9.784269,54.895069,9.793790
1386950057,1,0,469.3,0,0,4,0,870,900,-0.0292,108.9589,6.8213,0.4212,54.895737,9.790495,108.3,5.845,1.85,335.95,54.896885,9.784269,54.895069,9.793790
1386950057,1,0,469.3,0,0,0,0,870,850,-0.0292,108.9589,6.8213,0.4212,54.895729,9.790524,108.3,5.845,1.85,335.95,54.896885,9.784269,54.895069,9.793790
1386950057,1,0,469.3,0,0,4,0,870,900,-0.0292,108.9589,6.8213,0.4212,54.895725,9.790554,108.3,5.845,1.85,335.95,54.896885,9.784269,54.895069,9.793790
1386950057,1,0,469.3,0,0,0,0,870,850,-0.0292,108.9589,6.8213,0.4212,54.895721,9.790584,108.3,5.845,1.85,335.95,54.896885,9.784269,54.895069,9.793790
1386950058,1,0,469.4,0,0,4,0,870,900,-0.0292,108.9589,6.8213,0.4212,54.895718,9.790613,108.3,5.845,1.85,335.95,54.896885,9.784269,54.895069,9.793790
1386950058,1,0,469.4,0,0,0,0,870,850,-0.0292,108.9589,6.8213,0.4212,54.895710,9.790643,108.3,5.845,1.85,335.95,54.896885,9.784269,54.895069,9.793790
1386950058,1,0,469.4,0,0,4,0,870,900,-0.0292,108.9589,6.8213,0.4212,54.895702,9.790672,108.3,5.845,1.85,335.95,54.896885,9.784269,54.895069,9.793790
1386950058,1,0,469.3,0,0,0,0,870,850,-0.0292,108.9589,6.8213,0.4212,54.895699,9.790702,108.3,5.845,1.85,335.95,54.896885,9.784269,54.895069,9.793790
1386950059,1,0,469.4,0,0,4,0,870,900,-0.0292,108.9589,6.8213,0.4212,54.895695,9.790731,108.3,5.845,1.85,335.95,54.896885,9.784269,54.895069,9.793790
1386950059,1,0,469.5,0,-1,0,0,870,850,-0.0292,109.2255,6.8213,0.4212,54.895687,9.790761,108.3,5.845,1.85,335.95,54.896885,9.784269,54.895069,9.793790
1386950059,1,0,469.4,0,0,4,0,870,900,-0.0292,109.2255,6.8213,0.4212,54.895679,9.790791,108.3,5.845,1.85,335.95,54.896885,9.784269,54.895069,9.793790
1386950059,1,0,469.4,0,0,0,0,870,850,-0.0292,109.2255,6.8213,0.4212,54.895676,9.790819,108.3,5.845,1.85,335.95,54.896885,9.784269,54.895069,9.793790
1386950060,1,0,469.4,0,0,4,0,870,900,-0.0292,109.2255,6.8213,0.4212,54.895672,9.790849,108.3,5.845,1.85,335.95,54.896885,9.784269,54.895069,9.793790
1386950060,1,0,469.5,0,0,0,0,870,850,-0.0292,109.2255,6.8213,0.4212,54.895664,9.790878,108.3,5.845,1.85,335.95,54.896885,9.784269,54.895069,9.793790
1386950060,1,0,469.5,0,0,4,0,870,900,-0.0292,109.2255,6.8213,0.4212,54.895657,9.790908,108.3,5.845,1.85,335.95,54.896885,9.784269,54.895069,9.793790
1386950060,1,0,469.4,0,0,0,0,870,850,-0.0292,109.2255,6.8213,0.4212,54.895653,9.790937,108.3,5.845,1.85,335.95,54.896885,9.784269,54.895069,9.793790
1386950061,1,0,469.5,0,0,4,0,870,900,-0.0292,109.2255,6.8213,0.4212,54.895649,9.790967,108.3,5.845,1.85,335.95,54.896885,9.784269,54.895069,9.793790
1386950061,1,0,469.5,0,0,0,0,870,850,-0.0292,109.2255,6.8213,0.4212,54.895645,9.790997,108.3,5.845,1.85,335.95,54.896885,9.784269,54.895069,9.793790
1386950061,1,0,469.6,0,0,4,0,870,900,-0.0292,109.2255,6.8213,0.4212,54.895638,9.791026,108.3,5.845,1.85,335.95,54.896885,9.784269,54.895069,9.793790
1386950061,1,0,469.6,0,0,0,0,870,850,-0.0292,109.2255,6.8213,0.4212,54.895630,9.791056,108.3,5.845,1.85,335.95,54.896885,9.784269,54.895069,9.793790
1386950062,1,0,469.5,0,0,4,0,870,900,-0.0292,109.2255,6.8213,0.4212,54.895626,9.791085,108.3,5.845,1.85,335.95,54.896885,9.784269,54.895069,9.793790
1386950062,1,0,469.6,0,0,0,0,870,850,-0.0292,109.2255,6.8213,0.4212,54.895622,9.791115,108.3,5.845,1.85,335.95,54.896885,9.784269,54.895069,9.793790
1386950062,1,0,469.7,0,0,4,0,870,900,-0.0292,109.2255,6.8213,0.4212,54.895615,9.791144,108.3,5.845,1.85,335.95,54.896885,9.784269,54.895069,9.793790
1386950062,1,0,469.6,0,0,0,0,870,850,-0.0292,109.2255,6.8213,0.4212,54.895607,9.791174,108.3,5.845,1.85,335.95,54.896885,9.784269,54.895069,9.793790
1386950063,1,0,469.6,0,0,4,0,870,900,-0.0292,109.2255,6.8213,0.4212,54.895603,9.791203,108.3,5.845,1.85,335.95,54.896885,9.784269,54.895069,9.793790
1386950063,1,0,469.6,0,0,0,0,870,850,-0.0292,109.2255,6.8213,0.4212,54.895599,9.791232,108.3,5.845,1.85,335.95,54.896885,9.784269,54.895069,9.793790
1386950063,1,0,469.7,0,0,4,0,870,900,-0.0292,109.2255,6.8213,0.4212,54.895596,9.791262,108.3,5.845,1.85,335.95,54.896885,9.784269,54.895069,9.793790
1386950063,1,0,469.8,0,-1,0,0,870,850,-0.0292,109.4922,6.8213,0.4212,54.895588,9.791290,108.3,5.845,1.85,335.95,54.896885,9.784269,54.895069,9.793790
1386950064,1,0,469.7,0,0,4,0,870,900,-0.0292,109.4922,6.8213,0.4212,54.895580,9.791320,108.3,5.845,1.85,335.95,54.896885,9.784269,54.895069,9.793790
1386950064,1,0,469.7,0,0,0,0,870,850,-0.0292,109.4922,6.8213,0.4212,54.895576,9.791349,108.3,5.845,1.85,335.95,54.896885,9.784269,54.895069,9.793790
1386950064,1,0,469.8,0,0,4,0,870,900,-0.0292,109.4922,6.8213,0.4212,54.895573,9.791378,108.3,5.845,1.85,335.95,54.896885,9.784269,54.895069,9.793790
1386950064,1,0,469.8,0,0,0,0,870,850,-0.0292,109.4922,6.8213,0.4212,54.895565,9.791408,108.3,5.845,1.85,335.95,54.896885,9.784269,54.895069,9.793790
1386950065,1,0,469.8,0,0,4,0,870,900,-0.0292,109.4922,6.8213,0.4212,54.895557,9.791437,108.3,5.845,1.85,335.95,54.896885,9.784269,54.895069,9.793790
1386950065,1,0,469.7,0,0,0,0,870,850,-0.0292,109.4922,6.8213,0.4212,54.895554,9.791466,108.3,5.845,1.85,335.95,54.896885,9.784269,54.895069,9.793790
1386950065,1,0,469.8,0,0,4,0,870,900,-0.0292,109.4922,6.8213,0.4212,54.895550,9.791495,108.3,5.845,1.85,335.95,54.896885,9.784269,54.895069,9.793790
1386950065,1,0,469.9,0,0,0,0,870,850,-0.0292,109.4922,6.8213,0.4212,54.895542,9.791525,108.3,5.845,1.85,335.95,54.896885,9.784269,54.895069,9.793790
1386950066,1,0,469.8,0,0,4,0,870,900,-0.0292,109.4922,6.8213,0.4212,54.895535,9.791554,108.3,5.845,1.85,335.95,54.896885,9.784269,54.895069,9.793790
1386950066,1,0,469.8,0,0,0,0,870,850,-0.0292,109.4922,6.8213,0.4212,54.895531,9.791584,108.3,5.845,1.85,335.95,54.896885,9.784269,54.895069,9.793790
1386950066,1,0,469.9,0,0,4,0,870,900,-0.0292,109.4922,6.8213,0.4212,54.895527,9.791614,108.3,5.845,1.85,335.95,54.896885,9.784269,54.895069,9.793790
1386950066,1,0,470.0,0,0,0,0,870,850,-0.0292,109.4922,6.8213,0.4212,54.895523,9.791643,108.3,5.845,1.85,335.95,54.896885,9.784269,54.895069,9.793790
1386950067,1,0,470.1,0,-1,-4,0,870,900,-0.0292,109.7589,6.8213,0.4212,54.895515,9.791673,108.3,5.845,1.85,335.95,54.896885,9.784269,54.895069,9.793790
1386950067,1,0,470.0,0,0,0,0,870,850,-0.0292,109.7589,6.8213,0.4212,54.895508,9.791702,108.3,5.845,1.85,335.95,54.896885,9.784269,54.895069,9.793790
1386950067,1,0,470.0,0,0,4,0,870,900,-0.0292,109.7589,6.8213,0.4212,54.895504,9.791732,108.3,5.845,1.85,335.95,54.896885,9.784269,54.895069,9.793790
1386950068,1,0,470.1,0,0,0,0,870,850,-0.0292,109.7589,6.8213,0.4212,54.895500,9.791760,108.3,5.845,1.85,335.95,54.896885,9.784269,54.895069,9.793790
1386950068,1,0,470.2,0,0,4,0,870,900,-0.0292,109.7589,6.8213,0.4212,54.895493,9.791790,108.3,5.845,1.85,335.95,54.896885,9.784269,54.895069,9.793790
1386950068,1,0,470.1,0,0,0,0,870,850,-0.0292,109.7589,6.8213,0.4212,54.895485,9.791820,108.3,5.845,1.85,335.95,54.896885,9.784269,54.895069,9.793790
1386950068,1,0,470.0,0,0,4,0,870,900,-0.0292,109.7589,6.8213,0.4212,54.895481,9.791848,108.3,5.845,1.85,335.95,54.896885,9.784269,54.895069,9.793790
1386950069,1,0,470.1,0,0,0,0,870,850,-0.0292,109.7589,6.8213,0.4212,54.895477,9.791878,108.3,5.845,1.85,335.95,54.896885,9.784269,54.895069,9.793790
1386950069,1,0,470.3,0,0,4,0,870,900,-0.0292,109.7589,6.8213,0.4212,54.895473,9.791907,108.3,5.845,1.85,335.95,54.896885,9.784269,54.895069,9.793790
1386950069,1,0,470.4,0,-1,0,0,870,850,-0.0292,110.0255,6.8213,0.4212,54.895466,9.791936,108.3,5.845,1.85,335.95,54.896885,9.784269,54.895069,9.793790
1386950069,1,0,470.3,0,0,4,0,870,900,-0.0292,110.0255,6.8213,0.4212,54.895458,9.791965,108.3,5.845,1.85,335.95,54.896885,9.784269,54.895069,9.793790
1386950070,1,0,470.2,0,0,0,0,870,850,-0.0292,110.0255,6.8213,0.4212,54.895454,9.791995,108.3,5.845,1.85,335.95,54.896885,9.784269,54.895069,9.793790
1386950070,1,0,470.4,0,0,4,0,870,900,-0.0292,110.0255,6.8213,0.4212,54.895451,9.792024,108.3,5.845,1.85,335.95,54.896885,9.784269,54.895069,9.793790
1386950070,1,0,470.5,0,0,0,0,870,850,-0.0292,110.0255,6.8213,0.4212,54.895443,9.792053,108.3,5.845,1.85,335.95,54.896885,9.784269,54.895069,9.793790
1386950070,1,0,470.4,0,0,4,0,870,900,-0.0292,110.0255,6.8213,0.4212,54.895435,9.792083,108.3,5.845,1.85,335.95,54.896885,9.784269,54.895069,9.793790
1386950071,1,0,470.3,0,0,0,0,870,850,-0.0292,110.0255,6.8213,0.4212,54.895432,9.792111,108.3,5.845,1.85,335.95,54.896885,9.784269,54.895069,9.793790
1386950071,1,0,470.5,0,0,4,0,870,900,-0.0292,110.0255,6.8213,0.4212,54.895428,9.792141,108.3,5.845,1.85,335.95,54.896885,9.784269,54.895069,9.793790
1386950071,1,0,470.6,0,-1,0,0,870,850,-0.0292,110.2922,6.8213,0.4212,54.895420,9.792171,108.3,5.845,1.85,335.95,54.896885,9.784269,54.895069,9.793790
1386950071,1,0,470.5,0,0,4,0,870,900,-0.0292,110.2922,6.8213,0.4212,54.895412,9.792199,108.3,5.845,1.85,335.95,54.896885,9.784269,54.895069,9.793790
1386950072,1,0,470.5,0,0,0,0,870,850,-0.0292,110.2922,6.8213,0.4212,54.895409,9.792229,108.3,5.845,1.85,335.95,54.896885,9.784269,54.895069,9.793790
1386950072,1,0,470.6,0,0,4,0,870,900,-0.0292,110.2922,6.8213,0.4212,54.895405,9.792258,108.3,5.845,1.85,335.95,54.896885,9.784269,54.895069,9.793790
1386950072,1,0,470.7,0,0,0,0,870,850,-0.0292,110.2922,6.8213,0.4212,54.895401,9.792287,108.3,5.845,1.85,335.95,54.896885,9.784269,54.895069,9.793790
1386950072,1,0,470.9,0,-1,-4,0,870,900,-0.0292,110.5589,6.8213,0.4212,54.895393,9.792316,108.3,5.845,1.85,335.95,54.896885,9.784269,54.895069,9.793790
1386950073,1,0,470.8,0,0,0,0,870,850,-0.0292,110.5589,6.8213,0.4212,54.895386,9.792346,108.3,5.845,1.85,335.95,54.896885,9.784269,54.895069,9.793790
1386950073,1,0,470.8,0,0,4,0,870,900,-0.0292,110.5589,6.8213,0.4212,54.895382,9.792375,108.3,5.845,1.85,335.95,54.896885,9.784269,54.895069,9.793790
1386950073,1,0,470.9,0,0,0,0,870,850,-0.0292,110.5589,6.8213,0.4212,54.895378,9.792403,108.3,5.845,1.85,335.95,54.896885,9.784269,54.895069,9.793790
1386950073,1,0,471.1,0,-1,-4,0,870,900,-0.0292,110.8255,6.8213,0.4212,54.895370,9.792433,108.3,5.845,1.85,335.95,54.896885,9.784269,54.895069,9.793790
1386950074,1,0,471.0,0,0,0,0,870,850,-0.0292,110.8255,6.8213,0.4212,54.895363,9.792461,108.3,5.845,1.85,335.95,54.896885,9.784269,54.895069,9.793790
1386950074,1,0,470.9,0,0,4,0,870,900,-0.0292,110.8255,6.8213,0.4212,54.895359,9.792490,108.3,5.845,1.85,335.95,54.896885,9.784269,54.895069,9.793790
1386950074,1,0,471.1,0,0,0,0,870,850,-0.0292,110.8255,6.8213,0.4212,54.895355,9.792520,108.3,5.845,1.85,335.95,54.896885,9.784269,54.895069,9.793790
1386950074,1,0,471.3,0,0,4,0,870,900,-0.0292,110.8255,6.8213,0.4212,54.895348,9.792548,108.3,5.845,1.85,335.95,54.896885,9.784269,54.895069,9.793790
1386950075,1,0,471.2,0,0,0,0,870,850,-0.0292,110.8255,6.8213,0.4212,54.895340,9.792577,108.3,5.845,1.85,335.95,54.896885,9.784269,54.895069,9.793790
1386950075,1,0,471.1,0,0,4,0,870,900,-0.0292,110.8255,6.8213,0.4212,54.895332,9.792606,108.3,5.845,1.85,335.95,54.896885,9.784269,54.895069,9.793790
1386950075,1,0,471.0,0,0,0,0,870,850,-0.0292,110.8255,6.8213,0.4212,54.895329,9.792636,108.3,5.845,1.85,335.95,54.896885,9.784269,54.895069,9.793790
1386950075,1,0,471.2,0,0,4,0,870,900,-0.0292,110.8255,6.8213,0.4212,54.895321,9.792665,108.3,5.845,1.85,335.95,54.896885,9.784269,54.895069,9.793790
1386950076,1,0,471.1,0,0,0,0,870,850,-0.0292,110.8255,6.8213,0.4212,54.895313,9.792694,108.3,5.845,1.85,335.95,54.896885,9.784269,54.895069,9.793790
1386950076,1,0,471.1,0,0,4,0,870,900,-0.0292,110.8255,6.8213,0.4212,54.895309,9.792724,108.3,5.845,1.85,335.95,54.896885,9.784269,54.895069,9.793790
1386950076,1,0,471.3,0,0,0,0,870,850,-0.0292,110.8255,6.8213,0.4212,54.895306,9.792752,108.3,5.845,1.85,335.95,54.896885,9.784269,54.895069,9.793790
1386950076,1,0,471.5,0,-1,-4,0,870,900,-0.0292,111.0922,6.8213,0.4212,54.895298,9.792782,108.3,5.845,1.85,335.95,54.896885,9.784269,54.895069,9.793790
1386950077,1,0,471.4,0,0,0,0,713,850,-0.0292,111.0922,6.8213,0.4212,54.895290,9.792811,108.3,5.845,1.85,335.95,54.896885,9.784269,54.895069,9.793790
1386950077,1,0,471.3,0,0,4,0,713,800,-0.0292,111.0922,6.8213,0.4212,54.895283,9.792840,108.3,5.845,1.85,335.95,54.896885,9.784269,54.895069,9.793790
1386950077,1,0,471.2,0,0,0,0,713,750,-0.0292,111.0922,6.8213,0.4212,54.895279,9.792870,108.3,5.845,1.85,335.95,54.896885,9.784269,54.895069,9.793790
1386950077,1,0,471.5,0,0,4,0,713,700,-0.0292,111.0922,6.8213,0.4212,54.895271,9.792899,108.3,5.845,1.85,335.95,54.896885,9.784269,54.895069,9.793790
1386950078,1,0,471.4,0,0,0,0,713,750,-0.0292,111.0922,6.8213,0.4212,54.895264,9.792928,108.3,5.845,1.85,335.95,54.896885,9.784269,54.895069,9.793790
1386950078,1,0,471.3,0,0,4,0,713,700,-0.0292,111.0922,6.8213,0.4212,54.895260,9.792957,108.3,5.845,1.85,335.95,54.896885,9.784269,54.895069,9.793790
1386950078,1,0,471.6,0,-1,0,0,713,750,-0.0292,111.3589,6.8213,0.4212,54.895256,9.792987,108.3,5.845,1.85,335.95,54.896885,9.784269,54.895069,9.793790
1386950078,1,0,471.9,0,-1,-4,0,713,700,-0.0292,111.6256,6.8213,0.4212,54.895248,9.793015,108.3,5.845,1.85,335.95,54.896885,9.784269,54.895069,9.793790
1386950079,1,0,471.8,0,0,0,0,713,750,-0.0292,111.6256,6.8213,0.4212,54.895241,9.793045,108.3,5.845,1.85,335.95,54.896885,9.784269,54.895069,9.793790
1386950079,1,0,471.7,0,0,4,0,713,700,-0.0292,111.6256,6.8213,0.4212,54.895237,9.793075,108.3,5.845,1.85,335.95,54.896885,9.784269,54.895069,9.793790
1386950079,1,0,472.1,0,0,0,0,713,750,-0.0292,111.6256,6.8213,0.4212,54.895233,9.793103,108.3,5.845,1.85,335.95,54.896885,9.784269,54.895069,9.793790
1386950079,1,0,472.4,0,-1,-4,0,713,700,-0.0292,111.8922,6.8213,0.4212,54.895226,9.793132,108.3,5.845,1.85,335.95,54.896885,9.784269,54.895069,9.793790
1386950080,1,0,472.3,0,0,0,0,713,750,-0.0292,111.8922,6.8213,0.4212,54.895218,9.793161,108.3,5.845,1.85,335.95,54.896885,9.784269,54.895069,9.793790
1386950080,1,0,472.3,0,0,4,0,713,700,-0.0292,111.8922,6.8213,0.4212,54.895210,9.793190,108.3,5.845,1.85,335.95,54.896885,9.784269,54.895069,9.793790
1386950080,1,0,472.1,0,0,0,0,713,750,-0.0292,111.8922,6.8213,0.4212,54.895206,9.793219,108.3,5.845,1.85,335.95,54.896885,9.784269,54.895069,9.793790
1386950080,1,0,472.6,0,-1,-4,0,713,700,-0.0292,112.1589,6.8213,0.4212,54.895199,9.793248,108.3,5.845,1.85,335.95,54.896885,9.784269,54.895069,9.793790
1386950081,1,0,472.5,0,0,0,0,713,750,-0.0292,112.1589,6.8213,0.4212,54.895191,9.793277,108.3,5.845,1.85,335.95,54.896885,9.784269,54.895069,9.793790
1386950081,1,0,472.4,0,0,4,0,713,700,-0.0292,112.1589,6.8213,0.4212,54.895187,9.793305,108.3,5.845,1.85,335.95,54.896885,9.784269,54.895069,9.793790
1386950081,1,0,472.9,0,-1,0,0,713,750,-0.0292,112.4256,6.8213,0.4212,54.895184,9.793334,108.3,5.845,1.85,335.95,54.896885,9.784269,54.895069,9.793790
1386950081,1,0,473.5,0,-1,-4,0,713,700,-0.0292,112.6922,6.8213,0.4212,54.895176,9.793363,108.3,5.845,1.85,335.95,54.896885,9.784269,54.895069,9.793790
1386950082,1,0,473.4,0,-1,0,0,713,750,-0.0292,112.9589,6.8213,0.4212,54.895168,9.793391,108.3,5.845,1.85,335.95,54.896885,9.784269,54.895069,9.793790
1386950082,1,0,473.3,0,0,4,0,713,700,-0.0292,112.9589,6.8213,0.4212,54.895161,9.793420,108.3,5.845,1.85,335.95,54.896885,9.784269,54.895069,9.793790
1386950082,1,0,473.2,0,0,0,0,713,750,-0.0292,112.9589,6.8213,0.4212,54.895153,9.793448,108.3,5.845,1.85,335.95,54.896885,9.784269,54.895069,9.793790
1386950082,1,0,473.0,0,0,4,0,713,700,-0.0292,112.9589,6.8213,0.4212,54.895145,9.793477,108.3,5.845,1.85,335.95,54.896885,9.784269,54.895069,9.793790
1386950083,1,0,472.9,0,0,0,0,713,750,-0.0292,112.9589,6.8213,0.4212,54.895138,9.793506,108.3,5.845,1.85,335.95,54.896885,9.784269,54.895069,9.793790
1386950083,1,0,472.7,0,0,4,0,713,700,-0.0292,112.9589,6.8213,0.4212,54.895134,9.793534,108.3,5.845,1.85,335.95,54.896885,9.784269,54.895069,9.793790
1386950083,1,0,473.7,0,-1,0,0,713,750,-0.0292,113.2256,6.8213,0.4212,54.895126,9.793563,108.3,5.845,1.85,335.95,54.896885,9.784269,54.895069,9.793790
1386950083,1,0,473.5,0,0,4,0,713,700,-0.0292,113.2256,6.8213,0.4212,54.895119,9.793591,108.3,5.845,1.85,335.95,54.896885,9.784269,54.895069,9.793790
1386950084,1,0,473.4,0,0,0,0,713,750,-0.0292,113.2256,6.8213,0.4212,54.895111,9.793620,108.3,5.845,1.85,335.95,54.896885,9.784269,54.895069,9.793790
1386950084,1,0,473.1,0,0,4,0,713,700,-0.0292,113.2256,6.8213,0.4212,54.895103,9.793649,108.3,5.845,1.85,335.95,54.896885,9.784269,54.895069,9.793790
1386950084,1,0,472.8,0,0,0,0,713,750,-0.0292,113.2256,6.8213,0.4212,54.895096,9.793677,108.3,5.845,1.85,335.95,54.896885,9.784269,54.895069,9.793790
1386950084,1,0,472.3,0,1,4,0,713,700,-0.0292,112.9589,6.8213,0.4212,54.895088,9.793706,108.3,5.845,1.85,335.95,54.896885,9.784269,54.895069,9.793790
1386950085,1,0,471.4,0,2,0,0,713,750,-0.0292,112.4256,6.8213,0.4212,54.895084,9.793735,108.3,5.845,1.85,335.95,54.896885,9.784269,54.895069,9.793790
1386950085,1,0,475.5,0,-3,-4,0,713,700,-0.0292,113.2256,6.8213,0.4212,54.895077,9.793763,108.3,5.845,1.85,335.95,54.895069,9.793790,54.895348,9.797490
1386950085,1,0,442.8,0,30,0,0,713,750,-0.0292,105.2256,6.8213,0.4212,54.895073,9.793793,108.3,5.845,1.85,335.95,54.895069,9.793790,54.895348,9.797490
1386950085,1,0,442.7,0,23,4,0,870,800,-0.0292,99.0922,6.8213,0.4212,54.895069,9.793823,108.3,5.845,1.85,335.95,54.895069,9.793790,54.895348,9.797490
1386950086,1,0,442.5,0,17,8,0,870,850,-0.0292,94.5589,6.8213,0.4212,54.895065,9.793855,108.3,5.845,1.85,335.95,54.895069,9.793790,54.895348,9.797490
1386950086,1,0,442.4,0,12,12,0,839,800,-0.0292,91.3589,6.8213,0.4212,54.895065,9.793886,108.3,5.845,1.85,335.95,54.895069,9.793790,54.895348,9.797490
1386950086,1,0,442.3,0,9,8,0,793,750,-0.0292,88.9589,6.8213,0.4212,54.895069,9.793917,108.3,5.845,1.85,335.95,54.895069,9.793790,54.895348,9.797490
1386950086,1,0,442.3,0,7,4,0,758,800,-0.0292,87.0922,6.8213,0.4212,54.895069,9.793948,108.3,5.845,1.85,335.95,54.895069,9.793790,54.895348,9.797490
1386950087,1,0,442.3,0,5,8,0,730,750,-0.0292,85.7589,6.8213,0.4212,54.895069,9.793980,108.3,5.845,1.85,335.95,54.895069,9.793790,54.895348,9.797490
1386950087,1,0,442.2,0,4,4,0,710,700,-0.0292,84.6922,6.8213,0.4212,54.895069,9.794011,108.3,5.845,1.85,335.95,54.895069,9.793790,54.895348,9.797490
1386950087,1,0,442.1,0,3,0,0,694,650,-0.0292,83.8922,6.8213,0.4212,54.895069,9.794042,108.3,5.845,1.85,335.95,54.895069,9.793790,54.895348,9.797490
1386950087,1,0,442.1,0,2,4,0,682,700,-0.0292,83.3589,6.8213,0.4212,54.895069,9.794073,108.3,5.845,1.85,335.95,54.895069,9.793790,54.895348,9.797490
1386950088,1,0,442.0,0,1,0,0,673,650,-0.0292,83.0922,6.8213,0.4212,54.895069,9.794105,108.3,5.845,1.85,335.95,54.895069,9.793790,54.895348,9.797490
1386950088,1,0,441.9,0,1,4,0,669,700,-0.0292,82.8256,6.8213,0.4212,54.895069,9.794135,108.3,5.845,1.85,335.95,54.895069,9.793790,54.895348,9.797490
1386950088,1,0,441.8,0,1,0,0,665,650,-0.0292,82.5589,6.8213,0.4212,54.895069,9.794166,108.3,5.845,1.85,335.95,54.895069,9.793790,54.895348,9.797490
1386950088,1,0,441.8,0,1,4,0,661,700,-0.0292,82.2922,6.8213,0.4212,54.895069,9.794197,108.3,5.845,1.85,335.95,54.895069,9.793790,54.895348,9.797490
1386950089,1,0,441.7,0,1,0,0,657,650,-0.0292,82.0256,6.8213,0.4212,54.895069,9.794228,108.3,5.845,1.85,335.95,54.895069,9.793790,54.895348,9.797490
1386950089,1,0,441.6,0,0,4,0,653,700,-0.0292,82.0256,6.8213,0.4212,54.895069,9.794258,108.3,5.845,1.85,335.95,54.895069,9.793790,54.895348,9.797490
1386950089,1,0,441.5,0,0,0,0,653,650,-0.0292,82.0256,6.8213,0.4212,54.895069,9.794290,108.3,5.845,1.85,335.95,54.895069,9.793790,54.895348,9.797490
1386950089,1,0,441.4,0,1,4,0,653,700,-0.0292,81.7589,6.8213,0.4212,54.895069,9.794321,108.3,5.845,1.85,335.95,54.895069,9.793790,54.895348,9.797490
1386950090,1,0,441.4,0,0,0,0,649,650,-0.0292,81.7589,6.8213,0.4212,54.895069,9.794352,108.3,5.845,1.85,335.95,54.895069,9.793790,54.895348,9.797490
1386950090,1,0,441.3,0,0,4,0,649,600,-0.0292,81.7589,6.8213,0.4212,54.895069,9.794382,108.3,5.845,1.85,335.95,54.895069,9.793790,54.895348,9.797490
1386950090,1,0,441.2,0,1,0,0,649,650,-0.0292,81.4922,6.8213,0.4212,54.895069,9.794414,108.3,5.845,1.85,335.95,54.895069,9.793790,54.895348,9.797490
1386950090,1,0,441.1,0,0,4,0,645,600,-0.0292,81.4922,6.8213,0.4212,54.895069,9.794444,108.3,5.845,1.85,335.95,54.895069,9.793790,54.895348,9.797490
1386950091,1,0,441.0,0,0,0,0,645,650,-0.0292,81.4922,6.8213,0.4212,54.895069,9.794475,108.3,5.845,1.85,335.95,54.895069,9.793790,54.895348,9.797490
1386950091,1,0,440.9,0,1,4,0,645,600,-0.0292,81.2255,6.8213,0.4212,54.895069,9.794505,108.3,5.845,1.85,335.95,54.895069,9.793790,54.895348,9.797490
1386950091,1,0,440.8,0,0,0,0,641,650,-0.0292,81.2255,6.8213,0.4212,54.895069,9.794537,108.3,5.845,1.85,335.95,54.895069,9.793790,54.895348,9.797490
1386950091,1,0,440.7,0,0,4,0,641,600,-0.0292,81.2255,6.8213,0.4212,54.895069,9.794567,108.3,5.845,1.85,335.95,54.895069,9.793790,54.895348,9.797490
1386950092,1,0,440.7,0,1,0,0,641,650,-0.0292,80.9589,6.8213,0.4212,54.895069,9.794598,108.3,5.845,1.85,335.95,54.895069,9.793790,54.895348,9.797490
1386950092,1,0,440.6,0,0,4,0,637,600,-0.0292,80.9589,6.8213,0.4212,54.895069,9.794629,108.3,5.845,1.85,335.95,54.895069,9.793790,54.895348,9.797490
1386950093,1,0,440.5,0,1,0,0,637,650,-0.0292,80.6922,6.8213,0.4212,54.895069,9.794660,108.3,5.845,1.85,335.95,54.895069,9.793790,54.895348,9.797490
1386950093,1,0,440.4,0,0,4,0,632,600,-0.0292,80.6922,6.8213,0.4212,54.895069,9.794690,108.3,5.845,1.85,335.95,54.895069,9.793790,54.895348,9.797490
1386950093,1,0,440.2,0,0,0,0,632,650,-0.0292,80.6922,6.8213,0.4212,54.895069,9.794721,108.3,5.845,1.85,335.95,54.895069,9.793790,54.895348,9.797490
1386950093,1,0,440.1,0,1,4,0,632,600,-0.0292,80.4255,6.8213,0.4212,54.895069,9.794752,108.3,5.845,1.85,335.95,54.895069,9.793790,54.895348,9.797490
1386950094,1,0,440.0,0,0,0,0,628,650,-0.0292,80.4255,6.8213,0.4212,54.895069,9.794783,108.3,5.845,1.85,335.95,54.895069,9.793790,54.895348,9.797490
1386950094,1,0,439.9,0,1,4,0,628,600,-0.0292,80.1589,6.8213,0.4212,54.895069,9.794813,108.3,5.845,1.85,335.95,54.895069,9.793790,54.895348,9.797490
1386950094,1,0,439.8,0,0,0,0,624,650,-0.0292,80.1589,6.8213,0.4212,54.895069,9.794845,108.3,5.845,1.85,335.95,54.895069,9.793790,54.895348,9.797490
1386950094,1,0,439.7,0,0,4,0,624,600,-0.0292,80.1589,6.8213,0.4212,54.895069,9.794875,108.3,5.845,1.85,335.95,54.895069,9.793790,54.895348,9.797490
1386950095,1,0,439.6,0,1,0,0,624,650,-0.0292,79.8922,6.8213,0.4212,54.895069,9.794906,108.3,5.845,1.85,335.95,54.895069,9.793790,54.895348,9.797490
1386950095,1,0,439.5,0,0,4,0,620,600,-0.0292,79.8922,6.8213,0.4212,54.895069,9.794936,108.3,5.845,1.85,335.95,54.895069,9.793790,54.895348,9.797490
1386950095,1,0,439.3,0,1,0,0,620,650,-0.0292,79.6255,6.8213,0.4212,54.895069,9.794967,108.3,5.845,1.85,335.95,54.895069,9.793790,54.895348,9.797490
1386950095,1,0,439.2,0,0,4,0,616,600,-0.0292,79.6255,6.8213,0.4212,54.895069,9.794997,108.3,5.845,1.85,335.95,54.895069,9.793790,54.895348,9.797490
1386950096,1,0,439.1,0,1,0,0,616,650,-0.0292,79.3589,6.8213,0.4212,54.895069,9.795028,108.3,5.845,1.85,335.95,54.895069,9.793790,54.895348,9.797490
1386950096,1,0,438.9,0,0,4,0,612,600,-0.0292,79.3589,6.8213,0.4212,54.895069,9.795059,108.3,5.845,1.85,335.95,54.895069,9.793790,54.895348,9.797490
1386950096,1,0,438.8,0,1,0,0,612,650,-0.0292,79.0922,6.8213,0.4212,54.895069,9.795090,108.3,5.845,1.85,335.95,54.895069,9.793790,54.895348,9.797490
1386950096,1,0,438.7,0,0,4,0,607,600,-0.0292,79.0922,6.8213,0.4212,54.895069,9.795120,108.3,5.845,1.85,335.95,54.895069,9.793790,54.895348,9.797490
1386950097,1,0,438.5,0,1,0,0,607,650,-0.0292,78.8255,6.8213,0.4212,54.895069,9.795151,108.3,5.845,1.85,335.95,54.895069,9.793790,54.895348,9.797490
1386950097,1,0,438.4,0,0,4,0,603,600,-0.0292,78.8255,6.8213,0.4212,54.895069,9.795181,108.3,5.845,1.85,335.95,54.895069,9.793790,54.895348,9.797490
1386950097,1,0,438.2,0,1,0,0,603,650,-0.0292,78.5588,6.8213,0.4212,54.895069,9.795212,108.3,5.845,1.85,335.95,54.895069,9.793790,54.895348,9.797490
1386950097,1,0,438.1,0,0,4,0,599,600,-0.0292,78.5588,6.8213,0.4212,54.895069,9.795242,108.3,5.845,1.85,335.95,54.895069,9.793790,54.895348,9.797490
1386950098,1,0,437.9,0,1,0,0,599,550,-0.0292,78.2922,6.8213,0.4212,54.895069,9.795273,108.3,5.845,1.85,335.95,54.895069,9.793790,54.895348,9.797490
1386950098,1,0,437.8,0,1,4,0,595,600,-0.0292,78.0255,6.8213,0.4212,54.895069,9.795303,108.3,5.845,1.85,335.95,54.895069,9.793790,54.895348,9.797490
1386950098,1,0,437.6,0,0,0,0,591,550,-0.0292,78.0255,6.8213,0.4212,54.895069,9.795334,108.3,5.845,1.85,335.95,54.895069,9.793790,54.895348,9.797490
1386950098,1,0,437.4,0,1,4,0,591,600,-0.0292,77.7588,6.8213,0.4212,54.895069,9.795364,108.3,5.845,1.85,335.95,54.895069,9.793790,54.895348,9.797490
