MCU_timestamp,Navigation_System,Manual_Control,Guidance_Heading,Manual_Ctrl_Rudder,Rudder_Desired_Angle,Rudder_Feedback,Manual_Ctrl_Sail,Sail_Desired_Pos,Sail_Feedback,Rate,Heading,Pitch,Roll,Latitude,Longitude,COG,SOG,Wind_Speed,Wind_Angle,Point_Start_Lat,Point_Start_Lon,Point_End_Lat,Point_End_Lon
1386891567,4,0,0.0,0,0,20,0,0,0,-0.0292,3320.4978,6.8213,0.4212,54.894493,9.794030,108.3,5.845,1.85,335.95,0.000000,0.000000,0.000000,0.000000
1386891567,1,0,390.9,0,35,24,0,629,650,-0.0292,3311.1646,6.8213,0.4212,54.894501,9.794060,108.3,5.845,1.85,335.95,54.894493,9.794030,54.895069,9.793790
1386891567,1,0,390.9,0,35,28,0,482,600,-0.0292,3301.8313,6.8213,0.4212,54.894512,9.794087,108.3,5.845,1.85,335.95,54.894493,9.794030,54.895069,9.793790
1386891567,1,0,390.9,0,31,32,0,333,550,-0.0292,3293.5647,6.8213,0.4212,54.894524,9.794113,108.3,5.845,1.85,335.95,54.894493,9.794030,54.895069,9.793790
1386891568,1,0,390.9,0,23,28,0,207,500,-0.0292,3287.4314,6.8213,0.4212,54.894539,9.794136,108.3,5.845,1.85,335.95,54.894493,9.794030,54.895069,9.793790
1386891568,1,0,390.9,0,16,24,0,122,450,-0.0292,3283.1648,6.8213,0.4212,54.894550,9.794157,108.3,5.845,1.85,335.95,54.894493,9.794030,54.895069,9.793790
1386891568,1,0,390.9,0,12,20,0,71,400,-0.0292,3279.9648,6.8213,0.4212,54.894566,9.794177,108.3,5.845,1.85,335.95,54.894493,9.794030,54.895069,9.793790
1386891568,1,0,390.9,0,9,16,0,40,350,-0.0292,3277.5649,6.8213,0.4212,54.894581,9.794196,108.3,5.845,1.85,335.95,54.894493,9.794030,54.895069,9.793790
1386891569,1,0,390.9,0,7,12,0,22,300,-0.0292,3275.6982,6.8213,0.4212,54.894592,9.794214,108.3,5.845,1.85,335.95,54.894493,9.794030,54.895069,9.793790
1386891569,1,0,390.9,0,5,8,0,11,250,-0.0292,3274.3650,6.8213,0.4212,54.894608,9.794232,108.3,5.845,1.85,335.95,54.894493,9.794030,54.895069,9.793790
1386891569,1,0,390.9,0,3,4,0,6,200,-0.0292,3273.5649,6.8213,0.4212,54.894623,9.794250,108.3,5.845,1.85,335.95,54.894493,9.794030,54.895069,9.793790
1386891569,1,0,390.9,0,3,0,0,3,150,-0.0292,3272.7649,6.8213,0.4212,54.894638,9.794267,108.3,5.845,1.85,335.95,54.894493,9.794030,54.895069,9.793790
1386891570,1,0,390.9,0,2,4,0,1,100,-0.0292,3272.2314,6.8213,0.4212,54.894653,9.794283,108.3,5.845,1.85,335.95,54.894493,9.794030,54.895069,9.793790
1386891570,1,0,390.9,0,1,0,0,0,50,-0.0292,3271.9648,6.8213,0.4212,54.894669,9.794299,108.3,5.845,1.85,335.95,54.894493,9.794030,54.895069,9.793790
1386891570,1,0,390.9,0,1,4,0,0,0,-0.0292,3271.6982,6.8213,0.4212,54.894684,9.794316,108.3,5.845,1.85,335.95,54.894493,9.794030,54.895069,9.793790
1386891570,1,0,390.9,0,1,0,0,0,50,-0.0292,3271.4316,6.8213,0.4212,54.894699,9.794333,108.3,5.845,1.85,335.95,54.894493,9.794030,54.895069,9.793790
1386891571,1,0,390.9,0,0,4,0,0,0,-0.0292,3271.4316,6.8213,0.4212,54.894718,9.794349,108.3,5.845,1.85,335.95,54.894493,9.794030,54.895069,9.793790
1386891571,1,0,390.9,0,0,0,0,0,50,-0.0292,3271.4316,6.8213,0.4212,54.894733,9.794365,108.3,5.845,1.85,335.95,54.894493,9.794030,54.895069,9.793790
1386891571,1,0,390.9,0,0,4,0,0,0,-0.0292,3271.4316,6.8213,0.4212,54.894749,9.794381,108.3,5.845,1.85,335.95,54.894493,9.794030,54.895069,9.793790
1386891571,1,0,390.9,0,0,0,0,0,50,-0.0292,3271.4316,6.8213,0.4212,54.894768,9.794397,108.3,5.845,1.85,335.95,54.894493,9.794030,54.895069,9.793790
1386891572,0,0,390.9,0,0,0,0,0,50,-0.0292,3271.4316,6.8213,0.4212,54.894768,9.794397,108.3,5.845,1.85,335.95,54.894493,9.794030,54.895069,9.793790
1386891572,0,0,390.9,0,0,0,0,0,50,-0.0292,3271.4316,6.8213,0.4212,54.894768,9.794397,108.3,5.845,1.85,335.95,54.894493,9.794030,54.895069,9.793790
1386891572,0,0,390.9,0,0,0,0,0,50,-0.0292,3271.4316,6.8213,0.4212,54.894768,9.794397,108.3,5.845,1.85,335.95,54.894493,9.794030,54.895069,9.793790
1386891572,0,0,390.9,0,0,0,0,0,50,-0.0292,3271.4316,6.8213,0.4212,54.894768,9.794397,108.3,5.845,1.85,335.95,54.894493,9.794030,54.895069,9.793790
1386891573,0,0,390.9,0,0,0,0,0,50,-0.0292,3271.4316,6.8213,0.4212,54.894768,9.794397,108.3,5.845,1.85,335.95,54.894493,9.794030,54.895069,9.793790
1386891573,0,0,390.9,0,0,0,0,0,50,-0.0292,3271.4316,6.8213,0.4212,54.894768,9.794397,108.3,5.845,1.85,335.95,54.894493,9.794030,54.895069,9.793790
1386891573,0,0,390.9,0,0,0,0,0,50,-0.0292,3271.4316,6.8213,0.4212,54.894768,9.794397,108.3,5.845,1.85,335.95,54.894493,9.794030,54.895069,9.793790
1386891573,0,0,390.9,0,0,0,0,0,50,-0.0292,3271.4316,6.8213,0.4212,54.894768,9.794397,108.3,5.845,1.85,335.95,54.894493,9.794030,54.895069,9.793790
1386891574,0,0,390.9,0,0,0,0,0,50,-0.0292,3271.4316,6.8213,0.4212,54.894768,9.794397,108.3,5.845,1.85,335.95,54.894493,9.794030,54.895069,9.793790
1386891574,0,0,390.9,0,0,0,0,0,50,-0.0292,3271.4316,6.8213,0.4212,54.898869,9.790379,108.3,5.845,1.85,335.95,54.894493,9.794030,54.895069,9.793790
1386891574,0,0,390.9,0,0,0,0,0,50,-0.0292,3271.4316,6.8213,0.4212,54.898869,9.790379,108.3,5.845,1.85,335.95,54.894493,9.794030,54.895069,9.793790
1386891574,0,0,390.9,0,0,0,0,0,50,-0.0292,3271.4316,6.8213,0.4212,54.898869,9.790379,108.3,5.845,1.85,335.95,54.894493,9.794030,54.895069,9.793790
1386891575,0,0,390.9,0,0,0,0,0,50,-0.0292,3271.4316,6.8213,0.4212,54.898869,9.790379,108.3,5.845,1.85,335.95,54.894493,9.794030,54.895069,9.793790
1386891575,4,0,390.9,0,0,0,0,0,50,-0.0292,3271.4316,6.8213,0.4212,54.898869,9.790379,108.3,5.845,1.85,335.95,54.894493,9.794030,54.895069,9.793790
1386891575,1,0,485.9,0,-35,-4,0,0,0,-0.0292,3280.7649,6.8213,0.4212,54.898884,9.790399,108.3,5.845,1.85,335.95,54.898869,9.790379,54.895069,9.793790
1386891575,1,0,485.9,0,-35,-8,0,47,50,-0.0292,3290.0981,6.8213,0.4212,54.898895,9.790423,108.3,5.845,1.85,335.95,54.898869,9.790379,54.895069,9.793790
1386891576,1,0,485.9,0,-35,-12,0,157,100,-0.0292,3299.4314,6.8213,0.4212,54.898907,9.790450,108.3,5.845,1.85,335.95,54.898869,9.790379,54.895069,9.793790
1386891576,1,0,485.9,0,-35,-16,0,296,150,-0.0292,3308.7646,6.8213,0.4212,54.898911,9.790479,108.3,5.845,1.85,335.95,54.898869,9.790379,54.895069,9.793790
1386891576,1,0,485.9,0,-35,-20,0,444,200,-0.0292,3318.0979,6.8213,0.4212,54.898914,9.790509,108.3,5.845,1.85,335.95,54.898869,9.790379,54.895069,9.793790
1386891576,1,0,485.9,0,-35,-24,0,592,250,-0.0292,3327.4312,6.8213,0.4212,54.898914,9.790541,108.3,5.845,1.85,335.95,54.898869,9.790379,54.895069,9.793790
1386891577,1,0,485.9,0,-35,-28,0,735,300,-0.0292,3336.7644,6.8213,0.4212,54.898911,9.790571,108.3,5.845,1.85,335.95,54.898869,9.790379,54.895069,9.793790
1386891577,1,0,485.9,0,-29,-32,0,870,350,-0.0292,3344.4978,6.8213,0.4212,54.898903,9.790602,108.3,5.845,1.85,335.95,54.898869,9.790379,54.895069,9.793790
1386891577,1,0,485.9,0,-21,-28,0,870,400,-0.0292,3350.0979,6.8213,0.4212,54.898899,9.790631,108.3,5.845,1.85,335.95,54.898869,9.790379,54.895069,9.793790
1386891577,1,0,485.9,0,-16,-24,0,870,450,-0.0292,3354.3645,6.8213,0.4212,54.898891,9.790660,108.3,5.845,1.85,335.95,54.898869,9.790379,54.895069,9.793790
1386891578,1,0,485.9,0,-12,-20,0,713,500,-0.0292,3357.5645,6.8213,0.4212,54.898884,9.790688,108.3,5.845,1.85,335.95,54.898869,9.790379,54.895069,9.793790
1386891578,1,0,485.9,0,-8,-16,0,713,550,-0.0292,3359.6978,6.8213,0.4212,54.898872,9.790715,108.3,5.845,1.85,335.95,54.898869,9.790379,54.895069,9.793790
1386891578,1,0,485.9,0,-6,-12,0,713,600,-0.0292,3361.2979,6.8213,0.4212,54.898865,9.790742,108.3,5.845,1.85,335.95,54.898869,9.790379,54.895069,9.793790
1386891578,1,0,485.9,0,-5,-8,0,713,650,-0.0292,3362.6311,6.8213,0.4212,54.898853,9.790769,108.3,5.845,1.85,335.95,54.898869,9.790379,54.895069,9.793790
1386891579,1,0,485.9,0,-3,-4,0,713,700,-0.0292,3363.4312,6.8213,0.4212,54.898846,9.790794,108.3,5.845,1.85,335.95,54.898869,9.790379,54.895069,9.793790
1386891579,1,0,485.9,0,-3,0,0,713,750,-0.0292,3364.2312,6.8213,0.4212,54.898834,9.790820,108.3,5.845,1.85,335.95,54.898869,9.790379,54.895069,9.793790
1386891579,1,0,485.9,0,-2,-4,0,713,700,-0.0292,3364.7646,6.8213,0.4212,54.898823,9.790846,108.3,5.845,1.85,335.95,54.898869,9.790379,54.895069,9.793790
1386891579,1,0,485.9,0,-1,0,0,713,750,-0.0292,3365.0312,6.8213,0.4212,54.898811,9.790872,108.3,5.845,1.85,335.95,54.898869,9.790379,54.895069,9.793790
1386891580,1,0,485.9,0,-1,-4,0,713,700,-0.0292,3365.2979,6.8213,0.4212,54.898800,9.790897,108.3,5.845,1.85,335.95,54.898869,9.790379,54.895069,9.793790
1386891580,1,0,485.9,0,-1,0,0,713,750,-0.0292,3365.5645,6.8213,0.4212,54.898788,9.790923,108.3,5.845,1.85,335.95,54.898869,9.790379,54.895069,9.793790
1386891580,1,0,485.9,0,0,4,0,713,700,-0.0292,3365.5645,6.8213,0.4212,54.898777,9.790948,108.3,5.845,1.85,335.95,54.898869,9.790379,54.895069,9.793790
1386891580,1,0,485.9,0,0,0,0,713,750,-0.0292,3365.5645,6.8213,0.4212,54.898769,9.790974,108.3,5.845,1.85,335.95,54.898869,9.790379,54.895069,9.793790
1386891581,1,0,485.9,0,0,4,0,713,700,-0.0292,3365.5645,6.8213,0.4212,54.898758,9.790998,108.3,5.845,1.85,335.95,54.898869,9.790379,54.895069,9.793790
1386891581,1,0,485.9,0,0,0,0,713,750,-0.0292,3365.5645,6.8213,0.4212,54.898750,9.791024,108.3,5.845,1.85,335.95,54.898869,9.790379,54.895069,9.793790
1386891581,1,0,485.9,0,0,4,0,713,700,-0.0292,3365.5645,6.8213,0.4212,54.898739,9.791050,108.3,5.845,1.85,335.95,54.898869,9.790379,54.895069,9.793790
1386891581,1,0,485.9,0,0,0,0,713,750,-0.0292,3365.5645,6.8213,0.4212,54.898727,9.791075,108.3,5.845,1.85,335.95,54.898869,9.790379,54.895069,9.793790
1386891582,1,0,485.9,0,0,4,0,713,700,-0.0292,3365.5645,6.8213,0.4212,54.898720,9.791101,108.3,5.845,1.85,335.95,54.898869,9.790379,54.895069,9.793790
1386891582,1,0,485.9,0,0,0,0,713,750,-0.0292,3365.5645,6.8213,0.4212,54.898708,9.791125,108.3,5.845,1.85,335.95,54.898869,9.790379,54.895069,9.793790
1386891582,1,0,485.9,0,0,4,0,713,700,-0.0292,3365.5645,6.8213,0.4212,54.898701,9.791151,108.3,5.845,1.85,335.95,54.898869,9.790379,54.895069,9.793790
1386891582,1,0,485.9,0,0,0,0,713,750,-0.0292,3365.5645,6.8213,0.4212,54.898689,9.791177,108.3,5.845,1.85,335.95,54.898869,9.790379,54.895069,9.793790
1386891583,1,0,485.9,0,0,4,0,713,700,-0.0292,3365.5645,6.8213,0.4212,54.898678,9.791202,108.3,5.845,1.85,335.95,54.898869,9.790379,54.895069,9.793790
1386891583,1,0,485.9,0,0,0,0,713,750,-0.0292,3365.5645,6.8213,0.4212,54.898670,9.791227,108.3,5.845,1.85,335.95,54.898869,9.790379,54.895069,9.793790
1386891583,1,0,485.9,0,0,4,0,713,700,-0.0292,3365.5645,6.8213,0.4212,54.898659,9.791252,108.3,5.845,1.85,335.95,54.898869,9.790379,54.895069,9.793790
1386891583,1,0,485.9,0,0,0,0,713,750,-0.0292,3365.5645,6.8213,0.4212,54.898651,9.791278,108.3,5.845,1.85,335.95,54.898869,9.790379,54.895069,9.793790
1386891584,1,0,485.9,0,0,4,0,713,700,-0.0292,3365.5645,6.8213,0.4212,54.898640,9.791304,108.3,5.845,1.85,335.95,54.898869,9.790379,54.895069,9.793790
1386891584,1,0,485.9,0,0,0,0,713,750,-0.0292,3365.5645,6.8213,0.4212,54.898628,9.791328,108.3,5.845,1.85,335.95,54.898869,9.790379,54.895069,9.793790
1386891584,1,0,485.9,0,0,4,0,713,700,-0.0292,3365.5645,6.8213,0.4212,54.898621,9.791354,108.3,5.845,1.85,335.95,54.898869,9.790379,54.895069,9.793790
1386891584,1,0,485.9,0,0,0,0,713,750,-0.0292,3365.5645,6.8213,0.4212,54.898609,9.791379,108.3,5.845,1.85,335.95,54.898869,9.790379,54.895069,9.793790
1386891585,1,0,485.9,0,0,4,0,713,700,-0.0292,3365.5645,6.8213,0.4212,54.898602,9.791405,108.3,5.845,1.85,335.95,54.898869,9.790379,54.895069,9.793790
1386891585,1,0,485.9,0,0,0,0,713,750,-0.0292,3365.5645,6.8213,0.4212,54.898590,9.791430,108.3,5.845,1.85,335.95,54.898869,9.790379,54.895069,9.793790
1386891585,1,0,485.9,0,0,4,0,713,700,-0.0292,3365.5645,6.8213,0.4212,54.898579,9.791456,108.3,5.845,1.85,335.95,54.898869,9.790379,54.895069,9.793790
1386891585,1,0,485.9,0,0,0,0,713,750,-0.0292,3365.5645,6.8213,0.4212,54.898567,9.791482,108.3,5.845,1.85,335.95,54.898869,9.790379,54.895069,9.793790
1386891586,1,0,485.9,0,0,4,0,713,700,-0.0292,3365.5645,6.8213,0.4212,54.898556,9.791507,108.3,5.845,1.85,335.95,54.898869,9.790379,54.895069,9.793790
1386891586,1,0,485.9,0,0,0,0,713,750,-0.0292,3365.5645,6.8213,0.4212,54.898548,9.791533,108.3,5.845,1.85,335.95,54.898869,9.790379,54.895069,9.793790
1386891586,1,0,485.9,0,0,4,0,713,700,-0.0292,3365.5645,6.8213,0.4212,54.898537,9.791557,108.3,5.845,1.85,335.95,54.898869,9.790379,54.895069,9.793790
1386891586,1,0,485.9,0,0,0,0,713,750,-0.0292,3365.5645,6.8213,0.4212,54.898525,9.791583,108.3,5.845,1.85,335.95,54.898869,9.790379,54.895069,9.793790
1386891587,1,0,485.9,0,0,4,0,713,700,-0.0292,3365.5645,6.8213,0.4212,54.898514,9.791609,108.3,5.845,1.85,335.95,54.898869,9.790379,54.895069,9.793790
1386891587,1,0,485.9,0,0,0,0,713,750,-0.0292,3365.5645,6.8213,0.4212,54.898502,9.791634,108.3,5.845,1.85,335.95,54.898869,9.790379,54.895069,9.793790
1386891587,1,0,485.9,0,0,4,0,713,700,-0.0292,3365.5645,6.8213,0.4212,54.898491,9.791659,108.3,5.845,1.85,335.95,54.898869,9.790379,54.895069,9.793790
1386891587,1,0,485.9,0,0,0,0,713,750,-0.0292,3365.5645,6.8213,0.4212,54.898479,9.791684,108.3,5.845,1.85,335.95,54.898869,9.790379,54.895069,9.793790
1386891588,1,0,485.9,0,0,4,0,713,700,-0.0292,3365.5645,6.8213,0.4212,54.898468,9.791710,108.3,5.845,1.85,335.95,54.898869,9.790379,54.895069,9.793790
1386891588,1,0,485.9,0,0,0,0,713,750,-0.0292,3365.5645,6.8213,0.4212,54.898457,9.791736,108.3,5.845,1.85,335.95,54.898869,9.790379,54.895069,9.793790
1386891588,1,0,485.9,0,0,4,0,713,700,-0.0292,3365.5645,6.8213,0.4212,54.898449,9.791760,108.3,5.845,1.85,335.95,54.898869,9.790379,54.895069,9.793790
1386891588,1,0,485.9,0,0,0,0,713,750,-0.0292,3365.5645,6.8213,0.4212,54.898438,9.791786,108.3,5.845,1.85,335.95,54.898869,9.790379,54.895069,9.793790
1386891589,1,0,485.9,0,0,4,0,713,700,-0.0292,3365.5645,6.8213,0.4212,54.898430,9.791811,108.3,5.845,1.85,335.95,54.898869,9.790379,54.895069,9.793790
1386891589,1,0,485.9,0,0,0,0,713,750,-0.0292,3365.5645,6.8213,0.4212,54.898418,9.791837,108.3,5.845,1.85,335.95,54.898869,9.790379,54.895069,9.793790
1386891589,1,0,485.9,0,0,4,0,713,700,-0.0292,3365.5645,6.8213,0.4212,54.898407,9.791862,108.3,5.845,1.85,335.95,54.898869,9.790379,54.895069,9.793790
1386891589,1,0,485.9,0,0,0,0,713,750,-0.0292,3365.5645,6.8213,0.4212,54.898399,9.791887,108.3,5.845,1.85,335.95,54.898869,9.790379,54.895069,9.793790
1386891590,1,0,485.9,0,0,4,0,713,700,-0.0292,3365.5645,6.8213,0.4212,54.898388,9.791913,108.3,5.845,1.85,335.95,54.898869,9.790379,54.895069,9.793790
1386891590,1,0,485.9,0,0,0,0,713,750,-0.0292,3365.5645,6.8213,0.4212,54.898380,9.791938,108.3,5.845,1.85,335.95,54.898869,9.790379,54.895069,9.793790
1386891590,1,0,485.9,0,0,4,0,713,700,-0.0292,3365.5645,6.8213,0.4212,54.898369,9.791964,108.3,5.845,1.85,335.95,54.898869,9.790379,54.895069,9.793790
1386891590,1,0,485.9,0,0,0,0,713,750,-0.0292,3365.5645,6.8213,0.4212,54.898357,9.791989,108.3,5.845,1.85,335.95,54.898869,9.790379,54.895069,9.793790
1386891591,1,0,485.9,0,0,4,0,713,700,-0.0292,3365.5645,6.8213,0.4212,54.898346,9.792014,108.3,5.845,1.85,335.95,54.898869,9.790379,54.895069,9.793790
1386891591,1,0,485.9,0,0,0,0,713,750,-0.0292,3365.5645,6.8213,0.4212,54.898335,9.792040,108.3,5.845,1.85,335.95,54.898869,9.790379,54.895069,9.793790
1386891591,1,0,485.9,0,0,4,0,713,700,-0.0292,3365.5645,6.8213,0.4212,54.898327,9.792065,108.3,5.845,1.85,335.95,54.898869,9.790379,54.895069,9.793790
1386891591,1,0,485.9,0,0,0,0,713,750,-0.0292,3365.5645,6.8213,0.4212,54.898315,9.792090,108.3,5.845,1.85,335.95,54.898869,9.790379,54.895069,9.793790
1386891592,1,0,485.9,0,0,4,0,713,700,-0.0292,3365.5645,6.8213,0.4212,54.898304,9.792116,108.3,5.845,1.85,335.95,54.898869,9.790379,54.895069,9.793790
1386891592,1,0,485.9,0,0,0,0,713,750,-0.0292,3365.5645,6.8213,0.4212,54.898293,9.792142,108.3,5.845,1.85,335.95,54.898869,9.790379,54.895069,9.793790
1386891592,1,0,485.9,0,0,4,0,713,700,-0.0292,3365.5645,6.8213,0.4212,54.898281,9.792168,108.3,5.845,1.85,335.95,54.898869,9.790379,54.895069,9.793790
1386891593,1,0,485.9,0,0,0,0,713,750,-0.0292,3365.5645,6.8213,0.4212,54.898270,9.792192,108.3,5.845,1.85,335.95,54.898869,9.790379,54.895069,9.793790
1386891593,1,0,485.9,0,0,4,0,713,700,-0.0292,3365.5645,6.8213,0.4212,54.898258,9.792218,108.3,5.845,1.85,335.95,54.898869,9.790379,54.895069,9.793790
1386891593,1,0,485.9,0,0,0,0,713,750,-0.0292,3365.5645,6.8213,0.4212,54.898247,9.792243,108.3,5.845,1.85,335.95,54.898869,9.790379,54.895069,9.793790
1386891593,1,0,485.9,0,0,4,0,713,700,-0.0292,3365.5645,6.8213,0.4212,54.898235,9.792269,108.3,5.845,1.85,335.95,54.898869,9.790379,54.895069,9.793790
1386891594,1,0,485.9,0,0,0,0,713,750,-0.0292,3365.5645,6.8213,0.4212,54.898228,9.792295,108.3,5.845,1.85,335.95,54.898869,9.790379,54.895069,9.793790
1386891594,1,0,485.9,0,0,4,0,713,700,-0.0292,3365.5645,6.8213,0.4212,54.898216,9.792319,108.3,5.845,1.85,335.95,54.898869,9.790379,54.895069,9.793790
1386891594,1,0,485.9,0,0,0,0,713,750,-0.0292,3365.5645,6.8213,0.4212,54.898209,9.792345,108.3,5.845,1.85,335.95,54.898869,9.790379,54.895069,9.793790
1386891594,1,0,485.9,0,0,4,0,713,700,-0.0292,3365.5645,6.8213,0.4212,54.898197,9.792370,108.3,5.845,1.85,335.95,54.898869,9.790379,54.895069,9.793790
1386891595,1,0,485.9,0,0,0,0,713,750,-0.0292,3365.5645,6.8213,0.4212,54.898186,9.792396,108.3,5.845,1.85,335.95,54.898869,9.790379,54.895069,9.793790
1386891595,1,0,485.9,0,0,4,0,713,700,-0.0292,3365.5645,6.8213,0.4212,54.898178,9.792421,108.3,5.845,1.85,335.95,54.898869,9.790379,54.895069,9.793790
1386891595,1,0,485.9,0,0,0,0,713,750,-0.0292,3365.5645,6.8213,0.4212,54.898167,9.792446,108.3,5.845,1.85,335.95,54.898869,9.790379,54.895069,9.793790
1386891595,1,0,485.9,0,0,4,0,713,700,-0.0292,3365.5645,6.8213,0.4212,54.898159,9.792472,108.3,5.845,1.85,335.95,54.898869,9.790379,54.895069,9.793790
1386891596,1,0,485.9,0,0,0,0,713,750,-0.0292,3365.5645,6.8213,0.4212,54.898148,9.792497,108.3,5.845,1.85,335.95,54.898869,9.790379,54.895069,9.793790
1386891596,1,0,485.9,0,0,4,0,713,700,-0.0292,3365.5645,6.8213,0.4212,54.898136,9.792522,108.3,5.845,1.85,335.95,54.898869,9.790379,54.895069,9.793790
1386891596,1,0,485.9,0,0,0,0,713,750,-0.0292,3365.5645,6.8213,0.4212,54.898129,9.792548,108.3,5.845,1.85,335.95,54.898869,9.790379,54.895069,9.793790
1386891596,1,0,485.9,0,0,4,0,713,700,-0.0292,3365.5645,6.8213,0.4212,54.898117,9.792573,108.3,5.845,1.85,335.95,54.898869,9.790379,54.895069,9.793790
1386891597,1,0,485.9,0,0,0,0,713,750,-0.0292,3365.5645,6.8213,0.4212,54.898109,9.792599,108.3,5.845,1.85,335.95,54.898869,9.790379,54.895069,9.793790
1386891597,1,0,485.9,0,0,4,0,713,700,-0.0292,3365.5645,6.8213,0.4212,54.898098,9.792624,108.3,5.845,1.85,335.95,54.898869,9.790379,54.895069,9.793790
1386891597,1,0,485.9,0,0,0,0,713,750,-0.0292,3365.5645,6.8213,0.4212,54.898087,9.792649,108.3,5.845,1.85,335.95,54.898869,9.790379,54.895069,9.793790
1386891597,1,0,485.9,0,0,4,0,713,700,-0.0292,3365.5645,6.8213,0.4212,54.898075,9.792675,108.3,5.845,1.85,335.95,54.898869,9.790379,54.895069,9.793790
1386891598,1,0,485.9,0,0,0,0,713,750,-0.0292,3365.5645,6.8213,0.4212,54.898064,9.792700,108.3,5.845,1.85,335.95,54.898869,9.790379,54.895069,9.793790
1386891598,1,0,485.9,0,0,4,0,713,700,-0.0292,3365.5645,6.8213,0.4212,54.898056,9.792726,108.3,5.845,1.85,335.95,54.898869,9.790379,54.895069,9.793790
1386891598,1,0,485.9,0,0,0,0,713,750,-0.0292,3365.5645,6.8213,0.4212,54.898045,9.792750,108.3,5.845,1.85,335.95,54.898869,9.790379,54.895069,9.793790
1386891598,1,0,485.9,0,0,4,0,713,700,-0.0292,3365.5645,6.8213,0.4212,54.898037,9.792776,108.3,5.845,1.85,335.95,54.898869,9.790379,54.895069,9.793790
1386891599,1,0,485.9,0,0,0,0,713,750,-0.0292,3365.5645,6.8213,0.4212,54.898026,9.792802,108.3,5.845,1.85,335.95,54.898869,9.790379,54.895069,9.793790
1386891599,1,0,485.9,0,0,4,0,713,700,-0.0292,3365.5645,6.8213,0.4212,54.898014,9.792828,108.3,5.845,1.85,335.95,54.898869,9.790379,54.895069,9.793790
1386891599,1,0,485.9,0,0,0,0,713,750,-0.0292,3365.5645,6.8213,0.4212,54.898006,9.792853,108.3,5.845,1.85,335.95,54.898869,9.790379,54.895069,9.793790
1386891599,1,0,485.9,0,0,4,0,713,700,-0.0292,3365.5645,6.8213,0.4212,54.897995,9.792878,108.3,5.845,1.85,335.95,54.898869,9.790379,54.895069,9.793790
1386891600,1,0,485.9,0,0,0,0,713,750,-0.0292,3365.5645,6.8213,0.4212,54.897987,9.792904,108.3,5.845,1.85,335.95,54.898869,9.790379,54.895069,9.793790
1386891600,1,0,485.9,0,0,4,0,713,700,-0.0292,3365.5645,6.8213,0.4212,54.897976,9.792929,108.3,5.845,1.85,335.95,54.898869,9.790379,54.895069,9.793790
1386891600,1,0,485.9,0,0,0,0,713,750,-0.0292,3365.5645,6.8213,0.4212,54.897964,9.792954,108.3,5.845,1.85,335.95,54.898869,9.790379,54.895069,9.793790
1386891600,1,0,485.9,0,0,4,0,713,700,-0.0292,3365.5645,6.8213,0.4212,54.897957,9.792980,108.3,5.845,1.85,335.95,54.898869,9.790379,54.895069,9.793790
1386891601,1,0,485.9,0,0,0,0,713,750,-0.0292,3365.5645,6.8213,0.4212,54.897945,9.793005,108.3,5.845,1.85,335.95,54.898869,9.790379,54.895069,9.793790
1386891601,1,0,485.9,0,0,4,0,713,700,-0.0292,3365.5645,6.8213,0.4212,54.897938,9.793031,108.3,5.845,1.85,335.95,54.898869,9.790379,54.895069,9.793790
1386891601,1,0,485.9,0,0,0,0,713,750,-0.0292,3365.5645,6.8213,0.4212,54.897926,9.793056,108.3,5.845,1.85,335.95,54.898869,9.790379,54.895069,9.793790
1386891601,1,0,485.9,0,0,4,0,713,700,-0.0292,3365.5645,6.8213,0.4212,54.897915,9.793081,108.3,5.845,1.85,335.95,54.898869,9.790379,54.895069,9.793790
1386891602,1,0,485.9,0,0,0,0,713,750,-0.0292,3365.5645,6.8213,0.4212,54.897907,9.793107,108.3,5.845,1.85,335.95,54.898869,9.790379,54.895069,9.793790
1386891602,1,0,485.9,0,0,4,0,713,700,-0.0292,3365.5645,6.8213,0.4212,54.897896,9.793132,108.3,5.845,1.85,335.95,54.898869,9.790379,54.895069,9.793790
1386891602,0,0,485.9,0,0,4,0,713,700,-0.0292,3365.5645,6.8213,0.4212,54.897896,9.793132,108.3,5.845,1.85,335.95,54.898869,9.790379,54.895069,9.793790
1386891602,0,0,485.9,0,0,4,0,713,700,-0.0292,3365.5645,6.8213,0.4212,54.897896,9.793132,108.3,5.845,1.85,335.95,54.898869,9.790379,54.895069,9.793790
1386891603,0,0,485.9,0,0,4,0,713,700,-0.0292,3365.5645,6.8213,0.4212,54.897896,9.793132,108.3,5.845,1.85,335.95,54.898869,9.790379,54.895069,9.793790
1386891603,0,0,485.9,0,0,4,0,713,700,-0.0292,3365.5645,6.8213,0.4212,54.897896,9.793132,108.3,5.845,1.85,335.95,54.898869,9.790379,54.895069,9.793790
1386891603,0,0,485.9,0,0,4,0,713,700,-0.0292,3365.5645,6.8213,0.4212,54.891006,9.789392,108.3,5.845,1.85,335.95,54.898869,9.790379,54.895069,9.793790
1386891603,0,0,485.9,0,0,4,0,713,700,-0.0292,3365.5645,6.8213,0.4212,54.891006,9.789392,108.3,5.845,1.85,335.95,54.898869,9.790379,54.895069,9.793790
1386891604,0,0,485.9,0,0,4,0,713,700,-0.0292,3365.5645,6.8213,0.4212,54.891006,9.789392,108.3,5.845,1.85,335.95,54.898869,9.790379,54.895069,9.793790
1386891604,0,0,485.9,0,0,4,0,713,700,-0.0292,3365.5645,6.8213,0.4212,54.891006,9.789392,108.3,5.845,1.85,335.95,54.898869,9.790379,54.895069,9.793790
1386891604,0,0,485.9,0,0,4,0,713,700,-0.0292,3365.5645,6.8213,0.4212,54.891006,9.789392,108.3,5.845,1.85,335.95,54.898869,9.790379,54.895069,9.793790
1386891604,0,0,485.9,0,0,4,0,713,700,-0.0292,3365.5645,6.8213,0.4212,54.891006,9.789392,108.3,5.845,1.85,335.95,54.898869,9.790379,54.895069,9.793790
1386891605,0,0,485.9,0,0,4,0,713,700,-0.0292,3365.5645,6.8213,0.4212,54.891006,9.789392,108.3,5.845,1.85,335.95,54.898869,9.790379,54.895069,9.793790
1386891605,0,0,485.9,0,0,4,0,713,700,-0.0292,3365.5645,6.8213,0.4212,54.891006,9.789392,108.3,5.845,1.85,335.95,54.898869,9.790379,54.895069,9.793790
1386891605,0,0,485.9,0,0,4,0,713,700,-0.0292,3365.5645,6.8213,0.4212,54.891006,9.789392,108.3,5.845,1.85,335.95,54.898869,9.790379,54.895069,9.793790
1386891605,0,0,485.9,0,0,4,0,713,700,-0.0292,3365.5645,6.8213,0.4212,54.891006,9.789392,108.3,5.845,1.85,335.95,54.898869,9.790379,54.895069,9.793790
1386891606,0,0,485.9,0,0,4,0,713,700,-0.0292,3365.5645,6.8213,0.4212,54.891006,9.789392,108.3,5.845,1.85,335.95,54.898869,9.790379,54.895069,9.793790
1386891606,0,0,485.9,0,0,4,0,713,700,-0.0292,3365.5645,6.8213,0.4212,54.891006,9.789392,108.3,5.845,1.85,335.95,54.898869,9.790379,54.895069,9.793790
1386891606,0,0,485.9,0,0,4,0,713,700,-0.0292,3365.5645,6.8213,0.4212,54.891006,9.789392,108.3,5.845,1.85,335.95,54.898869,9.790379,54.895069,9.793790
1386891606,0,0,485.9,0,0,4,0,713,700,-0.0292,3365.5645,6.8213,0.4212,54.891006,9.789392,108.3,5.845,1.85,335.95,54.898869,9.790379,54.895069,9.793790
1386891607,0,0,485.9,0,0,4,0,713,700,-0.0292,3365.5645,6.8213,0.4212,54.891006,9.789392,108.3,5.845,1.85,335.95,54.898869,9.790379,54.895069,9.793790
1386891607,0,0,485.9,0,0,4,0,713,700,-0.0292,3365.5645,6.8213,0.4212,54.891006,9.789392,108.3,5.845,1.85,335.95,54.898869,9.790379,54.895069,9.793790
1386891607,0,0,485.9,0,0,4,0,713,700,-0.0292,3365.5645,6.8213,0.4212,54.891006,9.789392,108.3,5.845,1.85,335.95,54.898869,9.790379,54.895069,9.793790
1386891607,0,0,485.9,0,0,4,0,713,700,-0.0292,3365.5645,6.8213,0.4212,54.891006,9.789392,108.3,5.845,1.85,335.95,54.898869,9.790379,54.895069,9.793790
1386891608,0,0,485.9,0,0,4,0,713,700,-0.0292,3365.5645,6.8213,0.4212,54.891006,9.789392,108.3,5.845,1.85,335.95,54.898869,9.790379,54.895069,9.793790
1386891608,0,0,485.9,0,0,4,0,713,700,-0.0292,3365.5645,6.8213,0.4212,54.891006,9.789392,108.3,5.845,1.85,335.95,54.898869,9.790379,54.895069,9.793790
1386891608,0,0,485.9,0,0,4,0,713,700,-0.0292,3365.5645,6.8213,0.4212,54.891006,9.789392,108.3,5.845,1.85,335.95,54.898869,9.790379,54.895069,9.793790
1386891608,0,0,485.9,0,0,4,0,713,700,-0.0292,3365.5645,6.8213,0.4212,54.891006,9.789392,108.3,5.845,1.85,335.95,54.898869,9.790379,54.895069,9.793790
1386891609,0,0,485.9,0,0,4,0,713,700,-0.0292,3365.5645,6.8213,0.4212,54.891006,9.789392,108.3,5.845,1.85,335.95,54.898869,9.790379,54.895069,9.793790
1386891609,0,0,485.9,0,0,4,0,713,700,-0.0292,3365.5645,6.8213,0.4212,54.891006,9.789392,108.3,5.845,1.85,335.95,54.898869,9.790379,54.895069,9.793790
1386891609,0,0,485.9,0,0,4,0,713,700,-0.0292,3365.5645,6.8213,0.4212,54.891006,9.789392,108.3,5.845,1.85,335.95,54.898869,9.790379,54.895069,9.793790
1386891609,0,0,485.9,0,0,4,0,713,700,-0.0292,3365.5645,6.8213,0.4212,54.891006,9.789392,108.3,5.845,1.85,335.95,54.898869,9.790379,54.895069,9.793790
1386891610,0,0,485.9,0,0,4,0,713,700,-0.0292,3365.5645,6.8213,0.4212,54.891006,9.789392,108.3,5.845,1.85,335.95,54.898869,9.790379,54.895069,9.793790
1386891610,0,0,485.9,0,0,4,0,713,700,-0.0292,3365.5645,6.8213,0.4212,54.891006,9.789392,108.3,5.845,1.85,335.95,54.898869,9.790379,54.895069,9.793790
1386891610,0,0,485.9,0,0,4,0,713,700,-0.0292,3365.5645,6.8213,0.4212,54.891006,9.789392,108.3,5.845,1.85,335.95,54.898869,9.790379,54.895069,9.793790
1386891610,0,0,485.9,0,0,4,0,713,700,-0.0292,3365.5645,6.8213,0.4212,54.891006,9.789392,108.3,5.845,1.85,335.95,54.898869,9.790379,54.895069,9.793790
1386891611,0,0,485.9,0,0,4,0,713,700,-0.0292,3365.5645,6.8213,0.4212,54.891006,9.789392,108.3,5.845,1.85,335.95,54.898869,9.790379,54.895069,9.793790
1386891611,0,0,485.9,0,0,4,0,713,700,-0.0292,3365.5645,6.8213,0.4212,54.891006,9.789392,108.3,5.845,1.85,335.95,54.898869,9.790379,54.895069,9.793790
1386891611,0,0,485.9,0,0,4,0,713,700,-0.0292,3365.5645,6.8213,0.4212,54.891006,9.789392,108.3,5.845,1.85,335.95,54.898869,9.790379,54.895069,9.793790
1386891611,0,0,485.9,0,0,4,0,713,700,-0.0292,3365.5645,6.8213,0.4212,54.891006,9.789392,108.3,5.845,1.85,335.95,54.898869,9.790379,54.895069,9.793790
1386891612,0,0,485.9,0,0,4,0,713,700,-0.0292,3365.5645,6.8213,0.4212,54.891006,9.789392,108.3,5.845,1.85,335.95,54.898869,9.790379,54.895069,9.793790
1386891612,0,0,485.9,0,0,4,0,713,700,-0.0292,3365.5645,6.8213,0.4212,54.891006,9.789392,108.3,5.845,1.85,335.95,54.898869,9.790379,54.895069,9.793790
1386891612,0,0,485.9,0,0,4,0,713,700,-0.0292,3365.5645,6.8213,0.4212,54.891006,9.789392,108.3,5.845,1.85,335.95,54.898869,9.790379,54.895069,9.793790
1386891612,0,0,485.9,0,0,4,0,713,700,-0.0292,3365.5645,6.8213,0.4212,54.891006,9.789392,108.3,5.845,1.85,335.95,54.898869,9.790379,54.895069,9.793790
1386891613,0,0,485.9,0,0,4,0,713,700,-0.0292,3365.5645,6.8213,0.4212,54.891006,9.789392,108.3,5.845,1.85,335.95,54.898869,9.790379,54.895069,9.793790
1386891613,0,0,485.9,0,0,4,0,713,700,-0.0292,3365.5645,6.8213,0.4212,54.891006,9.789392,108.3,5.845,1.85,335.95,54.898869,9.790379,54.895069,9.793790
1386891613,0,0,485.9,0,0,4,0,713,700,-0.0292,3365.5645,6.8213,0.4212,54.891006,9.789392,108.3,5.845,1.85,335.95,54.898869,9.790379,54.895069,9.793790
1386891613,0,0,485.9,0,0,4,0,713,700,-0.0292,3365.5645,6.8213,0.4212,54.891006,9.789392,108.3,5.845,1.85,335.95,54.898869,9.790379,54.895069,9.793790
1386891614,0,0,485.9,0,0,4,0,713,700,-0.0292,3365.5645,6.8213,0.4212,54.891006,9.789392,108.3,5.845,1.85,335.95,54.898869,9.790379,54.895069,9.793790
1386891614,0,0,485.9,0,0,4,0,713,700,-0.0292,3365.5645,6.8213,0.4212,54.891006,9.789392,108.3,5.845,1.85,335.95,54.898869,9.790379,54.895069,9.793790
1386891614,0,0,485.9,0,0,4,0,713,700,-0.0292,3365.5645,6.8213,0.4212,54.891006,9.789392,108.3,5.845,1.85,335.95,54.898869,9.790379,54.895069,9.793790
1386891614,0,0,485.9,0,0,4,0,713,700,-0.0292,3365.5645,6.8213,0.4212,54.891006,9.789392,108.3,5.845,1.85,335.95,54.898869,9.790379,54.895069,9.793790
1386891615,0,0,485.9,0,0,4,0,713,700,-0.0292,3365.5645,6.8213,0.4212,54.891006,9.789392,108.3,5.845,1.85,335.95,54.898869,9.790379,54.895069,9.793790
1386891615,0,0,485.9,0,0,4,0,713,700,-0.0292,3365.5645,6.8213,0.4212,54.891006,9.789392,108.3,5.845,1.85,335.95,54.898869,9.790379,54.895069,9.793790
1386891615,0,0,485.9,0,0,4,0,713,700,-0.0292,3365.5645,6.8213,0.4212,54.891006,9.789392,108.3,5.845,1.85,335.95,54.898869,9.790379,54.895069,9.793790
1386891615,0,0,485.9,0,0,4,0,713,700,-0.0292,3365.5645,6.8213,0.4212,54.891006,9.789392,108.3,5.845,1.85,335.95,54.898869,9.790379,54.895069,9.793790
1386891616,0,0,485.9,0,0,4,0,713,700,-0.0292,3365.5645,6.8213,0.4212,54.891006,9.789392,108.3,5.845,1.85,335.95,54.898869,9.790379,54.895069,9.793790
1386891616,0,0,485.9,0,0,4,0,713,700,-0.0292,3365.5645,6.8213,0.4212,54.891006,9.789392,108.3,5.845,1.85,335.95,54.898869,9.790379,54.895069,9.793790
1386891616,0,0,485.9,0,0,4,0,713,700,-0.0292,3365.5645,6.8213,0.4212,54.891006,9.789392,108.3,5.845,1.85,335.95,54.898869,9.790379,54.895069,9.793790
1386891616,0,0,485.9,0,0,4,0,713,700,-0.0292,3365.5645,6.8213,0.4212,54.891006,9.789392,108.3,5.845,1.85,335.95,54.898869,9.790379,54.895069,9.793790
1386891617,0,0,485.9,0,0,4,0,713,700,-0.0292,3365.5645,6.8213,0.4212,54.891006,9.789392,108.3,5.845,1.85,335.95,54.898869,9.790379,54.895069,9.793790
1386891617,0,0,485.9,0,0,4,0,713,700,-0.0292,3365.5645,6.8213,0.4212,54.891006,9.789392,108.3,5.845,1.85,335.95,54.898869,9.790379,54.895069,9.793790
1386891617,0,0,485.9,0,0,4,0,713,700,-0.0292,3365.5645,6.8213,0.4212,54.891006,9.789392,108.3,5.845,1.85,335.95,54.898869,9.790379,54.895069,9.793790
1386891617,0,0,485.9,0,0,4,0,713,700,-0.0292,3365.5645,6.8213,0.4212,54.891006,9.789392,108.3,5.845,1.85,335.95,54.898869,9.790379,54.895069,9.793790
1386891618,0,0,485.9,0,0,4,0,713,700,-0.0292,3365.5645,6.8213,0.4212,54.891006,9.789392,108.3,5.845,1.85,335.95,54.898869,9.790379,54.895069,9.793790
1386891618,0,0,485.9,0,0,4,0,713,700,-0.0292,3365.5645,6.8213,0.4212,54.891006,9.789392,108.3,5.845,1.85,335.95,54.898869,9.790379,54.895069,9.793790
1386891618,0,0,485.9,0,0,4,0,713,700,-0.0292,3365.5645,6.8213,0.4212,54.891006,9.789392,108.3,5.845,1.85,335.95,54.898869,9.790379,54.895069,9.793790
1386891618,0,0,485.9,0,0,4,0,713,700,-0.0292,3365.5645,6.8213,0.4212,54.891006,9.789392,108.3,5.845,1.85,335.95,54.898869,9.790379,54.895069,9.793790
1386891619,0,0,485.9,0,0,4,0,713,700,-0.0292,3365.5645,6.8213,0.4212,54.891006,9.789392,108.3,5.845,1.85,335.95,54.898869,9.790379,54.895069,9.793790
1386891619,0,0,485.9,0,0,4,0,713,700,-0.0292,3365.5645,6.8213,0.4212,54.891006,9.789392,108.3,5.845,1.85,335.95,54.898869,9.790379,54.895069,9.793790
1386891619,0,0,485.9,0,0,4,0,713,700,-0.0292,3365.5645,6.8213,0.4212,54.891006,9.789392,108.3,5.845,1.85,335.95,54.898869,9.790379,54.895069,9.793790
1386891619,0,0,485.9,0,0,4,0,713,700,-0.0292,3365.5645,6.8213,0.4212,54.891006,9.789392,108.3,5.845,1.85,335.95,54.898869,9.790379,54.895069,9.793790
1386891620,0,0,485.9,0,0,4,0,713,700,-0.0292,3365.5645,6.8213,0.4212,54.891006,9.789392,108.3,5.845,1.85,335.95,54.898869,9.790379,54.895069,9.793790
1386891620,0,0,485.9,0,0,4,0,713,700,-0.0292,3365.5645,6.8213,0.4212,54.891006,9.789392,108.3,5.845,1.85,335.95,54.898869,9.790379,54.895069,9.793790
1386891620,0,0,485.9,0,0,4,0,713,700,-0.0292,3365.5645,6.8213,0.4212,54.891006,9.789392,108.3,5.845,1.85,335.95,54.898869,9.790379,54.895069,9.793790
1386891620,0,0,485.9,0,0,4,0,713,700,-0.0292,3365.5645,6.8213,0.4212,54.891006,9.789392,108.3,5.845,1.85,335.95,54.898869,9.790379,54.895069,9.793790
1386891621,0,0,485.9,0,0,4,0,713,700,-0.0292,3365.5645,6.8213,0.4212,54.891006,9.789392,108.3,5.845,1.85,335.95,54.898869,9.790379,54.895069,9.793790
1386891621,0,0,485.9,0,0,4,0,713,700,-0.0292,3365.5645,6.8213,0.4212,54.891006,9.789392,108.3,5.845,1.85,335.95,54.898869,9.790379,54.895069,9.793790
1386891621,0,0,485.9,0,0,4,0,713,700,-0.0292,3365.5645,6.8213,0.4212,54.891006,9.789392,108.3,5.845,1.85,335.95,54.898869,9.790379,54.895069,9.793790
1386891621,0,0,485.9,0,0,4,0,713,700,-0.0292,3365.5645,6.8213,0.4212,54.891006,9.789392,108.3,5.845,1.85,335.95,54.898869,9.790379,54.895069,9.793790
1386891622,0,0,485.9,0,0,4,0,713,700,-0.0292,3365.5645,6.8213,0.4212,54.891006,9.789392,108.3,5.845,1.85,335.95,54.898869,9.790379,54.895069,9.793790
1386891622,0,0,485.9,0,0,4,0,713,700,-0.0292,3365.5645,6.8213,0.4212,54.891006,9.789392,108.3,5.845,1.85,335.95,54.898869,9.790379,54.895069,9.793790
1386891622,0,0,485.9,0,0,4,0,713,700,-0.0292,3365.5645,6.8213,0.4212,54.891006,9.789392,108.3,5.845,1.85,335.95,54.898869,9.790379,54.895069,9.793790
1386891622,0,0,485.9,0,0,4,0,713,700,-0.0292,3365.5645,6.8213,0.4212,54.891006,9.789392,108.3,5.845,1.85,335.95,54.898869,9.790379,54.895069,9.793790
1386891623,0,0,485.9,0,0,4,0,713,700,-0.0292,3365.5645,6.8213,0.4212,54.891006,9.789392,108.3,5.845,1.85,335.95,54.898869,9.790379,54.895069,9.793790
1386891623,0,0,485.9,0,0,4,0,713,700,-0.0292,3365.5645,6.8213,0.4212,54.891006,9.789392,108.3,5.845,1.85,335.95,54.898869,9.790379,54.895069,9.793790
1386891623,0,0,485.9,0,0,4,0,713,700,-0.0292,3365.5645,6.8213,0.4212,54.891006,9.789392,108.3,5.845,1.85,335.95,54.898869,9.790379,54.895069,9.793790
1386891623,0,0,485.9,0,0,4,0,713,700,-0.0292,3365.5645,6.8213,0.4212,54.891006,9.789392,108.3,5.845,1.85,335.95,54.898869,9.790379,54.895069,9.793790
1386891624,0,0,485.9,0,0,4,0,713,700,-0.0292,3365.5645,6.8213,0.4212,54.891006,9.789392,108.3,5.845,1.85,335.95,54.898869,9.790379,54.895069,9.793790
1386891624,0,0,485.9,0,0,4,0,713,700,-0.0292,3365.5645,6.8213,0.4212,54.891006,9.789392,108.3,5.845,1.85,335.95,54.898869,9.790379,54.895069,9.793790
1386891624,0,0,485.9,0,0,4,0,713,700,-0.0292,3365.5645,6.8213,0.4212,54.891006,9.789392,108.3,5.845,1.85,335.95,54.898869,9.790379,54.895069,9.793790
1386891624,0,0,485.9,0,0,4,0,713,700,-0.0292,3365.5645,6.8213,0.4212,54.891006,9.789392,108.3,5.845,1.85,335.95,54.898869,9.790379,54.895069,9.793790
1386891625,0,0,485.9,0,0,4,0,713,700,-0.0292,3365.5645,6.8213,0.4212,54.891006,9.789392,108.3,5.845,1.85,335.95,54.898869,9.790379,54.895069,9.793790
1386891625,0,0,485.9,0,0,4,0,713,700,-0.0292,3365.5645,6.8213,0.4212,54.891006,9.789392,108.3,5.845,1.85,335.95,54.898869,9.790379,54.895069,9.793790
1386891625,0,0,485.9,0,0,4,0,713,700,-0.0292,3365.5645,6.8213,0.4212,54.891006,9.789392,108.3,5.845,1.85,335.95,54.898869,9.790379,54.895069,9.793790
1386891625,0,0,485.9,0,0,4,0,713,700,-0.0292,3365.5645,6.8213,0.4212,54.891006,9.789392,108.3,5.845,1.85,335.95,54.898869,9.790379,54.895069,9.793790
1386891626,0,0,485.9,0,0,4,0,713,700,-0.0292,3365.5645,6.8213,0.4212,54.891006,9.789392,108.3,5.845,1.85,335.95,54.898869,9.790379,54.895069,9.793790
1386891626,0,0,485.9,0,0,4,0,713,700,-0.0292,3365.5645,6.8213,0.4212,54.891006,9.789392,108.3,5.845,1.85,335.95,54.898869,9.790379,54.895069,9.793790
1386891626,0,0,485.9,0,0,4,0,713,700,-0.0292,3365.5645,6.8213,0.4212,54.891006,9.789392,108.3,5.845,1.85,335.95,54.898869,9.790379,54.895069,9.793790
1386891626,0,0,485.9,0,0,4,0,713,700,-0.0292,3365.5645,6.8213,0.4212,54.891006,9.789392,108.3,5.845,1.85,335.95,54.898869,9.790379,54.895069,9.793790
1386891627,0,0,485.9,0,0,4,0,713,700,-0.0292,3365.5645,6.8213,0.4212,54.891006,9.789392,108.3,5.845,1.85,335.95,54.898869,9.790379,54.895069,9.793790
1386891627,0,0,485.9,0,0,4,0,713,700,-0.0292,3365.5645,6.8213,0.4212,54.891006,9.789392,108.3,5.845,1.85,335.95,54.898869,9.790379,54.895069,9.793790
1386891627,0,0,485.9,0,0,4,0,713,700,-0.0292,3365.5645,6.8213,0.4212,54.891006,9.789392,108.3,5.845,1.85,335.95,54.898869,9.790379,54.895069,9.793790
1386891627,0,0,485.9,0,0,4,0,713,700,-0.0292,3365.5645,6.8213,0.4212,54.891006,9.789392,108.3,5.845,1.85,335.95,54.898869,9.790379,54.895069,9.793790
1386891628,0,0,485.9,0,0,4,0,713,700,-0.0292,3365.5645,6.8213,0.4212,54.891006,9.789392,108.3,5.845,1.85,335.95,54.898869,9.790379,54.895069,9.793790
1386891628,0,0,485.9,0,0,4,0,713,700,-0.0292,3365.5645,6.8213,0.4212,54.891006,9.789392,108.3,5.845,1.85,335.95,54.898869,9.790379,54.895069,9.793790
1386891628,0,0,485.9,0,0,4,0,713,700,-0.0292,3365.5645,6.8213,0.4212,54.891006,9.789392,108.3,5.845,1.85,335.95,54.898869,9.790379,54.895069,9.793790
1386891628,0,0,485.9,0,0,4,0,713,700,-0.0292,3365.5645,6.8213,0.4212,54.891006,9.789392,108.3,5.845,1.85,335.95,54.898869,9.790379,54.895069,9.793790
1386891629,0,0,485.9,0,0,4,0,713,700,-0.0292,3365.5645,6.8213,0.4212,54.891006,9.789392,108.3,5.845,1.85,335.95,54.898869,9.790379,54.895069,9.793790
1386891629,0,0,485.9,0,0,4,0,713,700,-0.0292,3365.5645,6.8213,0.4212,54.891006,9.789392,108.3,5.845,1.85,335.95,54.898869,9.790379,54.895069,9.793790
1386891629,0,0,485.9,0,0,4,0,713,700,-0.0292,3365.5645,6.8213,0.4212,54.891006,9.789392,108.3,5.845,1.85,335.95,54.898869,9.790379,54.895069,9.793790
1386891629,0,0,485.9,0,0,4,0,713,700,-0.0292,3365.5645,6.8213,0.4212,54.891006,9.789392,108.3,5.845,1.85,335.95,54.898869,9.790379,54.895069,9.793790
1386891630,0,0,485.9,0,0,4,0,713,700,-0.0292,3365.5645,6.8213,0.4212,54.891006,9.789392,108.3,5.845,1.85,335.95,54.898869,9.790379,54.895069,9.793790
1386891630,0,0,485.9,0,0,4,0,713,700,-0.0292,3365.5645,6.8213,0.4212,54.891006,9.789392,108.3,5.845,1.85,335.95,54.898869,9.790379,54.895069,9.793790
1386891630,0,0,485.9,0,0,4,0,713,700,-0.0292,3365.5645,6.8213,0.4212,54.891006,9.789392,108.3,5.845,1.85,335.95,54.898869,9.790379,54.895069,9.793790
1386891630,0,0,485.9,0,0,4,0,713,700,-0.0292,3365.5645,6.8213,0.4212,54.891006,9.789392,108.3,5.845,1.85,335.95,54.898869,9.790379,54.895069,9.793790
1386891631,0,0,485.9,0,0,4,0,713,700,-0.0292,3365.5645,6.8213,0.4212,54.891006,9.789392,108.3,5.845,1.85,335.95,54.898869,9.790379,54.895069,9.793790
1386891631,0,0,485.9,0,0,4,0,713,700,-0.0292,3365.5645,6.8213,0.4212,54.891006,9.789392,108.3,5.845,1.85,335.95,54.898869,9.790379,54.895069,9.793790
1386891631,0,0,485.9,0,0,4,0,713,700,-0.0292,3365.5645,6.8213,0.4212,54.891006,9.789392,108.3,5.845,1.85,335.95,54.898869,9.790379,54.895069,9.793790
1386891631,0,0,485.9,0,0,4,0,713,700,-0.0292,3365.5645,6.8213,0.4212,54.891006,9.789392,108.3,5.845,1.85,335.95,54.898869,9.790379,54.895069,9.793790
1386891632,0,0,485.9,0,0,4,0,713,700,-0.0292,3365.5645,6.8213,0.4212,54.891006,9.789392,108.3,5.845,1.85,335.95,54.898869,9.790379,54.895069,9.793790
1386891632,0,0,485.9,0,0,4,0,713,700,-0.0292,3365.5645,6.8213,0.4212,54.891006,9.789392,108.3,5.845,1.85,335.95,54.898869,9.790379,54.895069,9.793790
1386891632,0,0,485.9,0,0,4,0,713,700,-0.0292,3365.5645,6.8213,0.4212,54.891006,9.789392,108.3,5.845,1.85,335.95,54.898869,9.790379,54.895069,9.793790
1386891632,0,0,485.9,0,0,4,0,713,700,-0.0292,3365.5645,6.8213,0.4212,54.891006,9.789392,108.3,5.845,1.85,335.95,54.898869,9.790379,54.895069,9.793790
1386891633,0,0,485.9,0,0,4,0,713,700,-0.0292,3365.5645,6.8213,0.4212,54.891006,9.789392,108.3,5.845,1.85,335.95,54.898869,9.790379,54.895069,9.793790
1386891633,0,0,485.9,0,0,4,0,713,700,-0.0292,3365.5645,6.8213,0.4212,54.891006,9.789392,108.3,5.845,1.85,335.95,54.898869,9.790379,54.895069,9.793790
1386891633,0,0,485.9,0,0,4,0,713,700,-0.0292,3365.5645,6.8213,0.4212,54.891006,9.789392,108.3,5.845,1.85,335.95,54.898869,9.790379,54.895069,9.793790
1386891633,0,0,485.9,0,0,4,0,713,700,-0.0292,3365.5645,6.8213,0.4212,54.891006,9.789392,108.3,5.845,1.85,335.95,54.898869,9.790379,54.895069,9.793790
1386891634,0,0,485.9,0,0,4,0,713,700,-0.0292,3365.5645,6.8213,0.4212,54.891006,9.789392,108.3,5.845,1.85,335.95,54.898869,9.790379,54.895069,9.793790
1386891634,0,0,485.9,0,0,4,0,713,700,-0.0292,3365.5645,6.8213,0.4212,54.891006,9.789392,108.3,5.845,1.85,335.95,54.898869,9.790379,54.895069,9.793790
1386891634,0,0,485.9,0,0,4,0,713,700,-0.0292,3365.5645,6.8213,0.4212,54.891006,9.789392,108.3,5.845,1.85,335.95,54.898869,9.790379,54.895069,9.793790
1386891634,0,0,485.9,0,0,4,0,713,700,-0.0292,3365.5645,6.8213,0.4212,54.891006,9.789392,108.3,5.845,1.85,335.95,54.898869,9.790379,54.895069,9.793790
1386891635,0,0,485.9,0,0,4,0,713,700,-0.0292,3365.5645,6.8213,0.4212,54.891006,9.789392,108.3,5.845,1.85,335.95,54.898869,9.790379,54.895069,9.793790
1386891635,0,0,485.9,0,0,4,0,713,700,-0.0292,3365.5645,6.8213,0.4212,54.891006,9.789392,108.3,5.845,1.85,335.95,54.898869,9.790379,54.895069,9.793790
1386891635,0,0,485.9,0,0,4,0,713,700,-0.0292,3365.5645,6.8213,0.4212,54.891006,9.789392,108.3,5.845,1.85,335.95,54.898869,9.790379,54.895069,9.793790
1386891635,0,0,485.9,0,0,4,0,713,700,-0.0292,3365.5645,6.8213,0.4212,54.891006,9.789392,108.3,5.845,1.85,335.95,54.898869,9.790379,54.895069,9.793790
1386891636,0,0,485.9,0,0,4,0,713,700,-0.0292,3365.5645,6.8213,0.4212,54.891006,9.789392,108.3,5.845,1.85,335.95,54.898869,9.790379,54.895069,9.793790
1386891636,0,0,485.9,0,0,4,0,713,700,-0.0292,3365.5645,6.8213,0.4212,54.891006,9.789392,108.3,5.845,1.85,335.95,54.898869,9.790379,54.895069,9.793790
1386891636,0,0,485.9,0,0,4,0,713,700,-0.0292,3365.5645,6.8213,0.4212,54.891006,9.789392,108.3,5.845,1.85,335.95,54.898869,9.790379,54.895069,9.793790
1386891636,0,0,485.9,0,0,4,0,713,700,-0.0292,3365.5645,6.8213,0.4212,54.891006,9.789392,108.3,5.845,1.85,335.95,54.898869,9.790379,54.895069,9.793790
1386891637,0,0,485.9,0,0,4,0,713,700,-0.0292,3365.5645,6.8213,0.4212,54.891006,9.789392,108.3,5.845,1.85,335.95,54.898869,9.790379,54.895069,9.793790
1386891637,0,0,485.9,0,0,4,0,713,700,-0.0292,3365.5645,6.8213,0.4212,54.891006,9.789392,108.3,5.845,1.85,335.95,54.898869,9.790379,54.895069,9.793790
1386891637,0,0,485.9,0,0,4,0,713,700,-0.0292,3365.5645,6.8213,0.4212,54.891006,9.789392,108.3,5.845,1.85,335.95,54.898869,9.790379,54.895069,9.793790
1386891637,0,0,485.9,0,0,4,0,713,700,-0.0292,3365.5645,6.8213,0.4212,54.891006,9.789392,108.3,5.845,1.85,335.95,54.898869,9.790379,54.895069,9.793790
1386891638,0,0,485.9,0,0,4,0,713,700,-0.0292,3365.5645,6.8213,0.4212,54.891006,9.789392,108.3,5.845,1.85,335.95,54.898869,9.790379,54.895069,9.793790
1386891638,0,0,485.9,0,0,4,0,713,700,-0.0292,3365.5645,6.8213,0.4212,54.891006,9.789392,108.3,5.845,1.85,335.95,54.898869,9.790379,54.895069,9.793790
1386891638,0,0,485.9,0,0,4,0,713,700,-0.0292,3365.5645,6.8213,0.4212,54.891006,9.789392,108.3,5.845,1.85,335.95,54.898869,9.790379,54.895069,9.793790
1386891638,0,0,485.9,0,0,4,0,713,700,-0.0292,3365.5645,6.8213,0.4212,54.891006,9.789392,108.3,5.845,1.85,335.95,54.898869,9.790379,54.895069,9.793790
1386891639,0,0,485.9,0,0,4,0,713,700,-0.0292,3365.5645,6.8213,0.4212,54.891006,9.789392,108.3,5.845,1.85,335.95,54.898869,9.790379,54.895069,9.793790
1386891639,0,0,485.9,0,0,4,0,713,700,-0.0292,3365.5645,6.8213,0.4212,54.891006,9.789392,108.3,5.845,1.85,335.95,54.898869,9.790379,54.895069,9.793790
1386891639,0,0,485.9,0,0,4,0,713,700,-0.0292,3365.5645,6.8213,0.4212,54.891006,9.789392,108.3,5.845,1.85,335.95,54.898869,9.790379,54.895069,9.793790
1386891639,0,0,485.9,0,0,4,0,713,700,-0.0292,3365.5645,6.8213,0.4212,54.891006,9.789392,108.3,5.845,1.85,335.95,54.898869,9.790379,54.895069,9.793790
1386891640,0,0,485.9,0,0,4,0,713,700,-0.0292,3365.5645,6.8213,0.4212,54.891006,9.789392,108.3,5.845,1.85,335.95,54.898869,9.790379,54.895069,9.793790
1386891640,0,0,485.9,0,0,4,0,713,700,-0.0292,3365.5645,6.8213,0.4212,54.891006,9.789392,108.3,5.845,1.85,335.95,54.898869,9.790379,54.895069,9.793790
1386891640,0,0,485.9,0,0,4,0,713,700,-0.0292,3365.5645,6.8213,0.4212,54.891006,9.789392,108.3,5.845,1.85,335.95,54.898869,9.790379,54.895069,9.793790
1386891640,0,0,485.9,0,0,4,0,713,700,-0.0292,3365.5645,6.8213,0.4212,54.891006,9.789392,108.3,5.845,1.85,335.95,54.898869,9.790379,54.895069,9.793790
1386891641,0,0,485.9,0,0,4,0,713,700,-0.0292,3365.5645,6.8213,0.4212,54.891006,9.789392,108.3,5.845,1.85,335.95,54.898869,9.790379,54.895069,9.793790
1386891641,0,0,485.9,0,0,4,0,713,700,-0.0292,3365.5645,6.8213,0.4212,54.891006,9.789392,108.3,5.845,1.85,335.95,54.898869,9.790379,54.895069,9.793790
1386891641,0,0,485.9,0,0,4,0,713,700,-0.0292,3365.5645,6.8213,0.4212,54.891006,9.789392,108.3,5.845,1.85,335.95,54.898869,9.790379,54.895069,9.793790
1386891641,0,0,485.9,0,0,4,0,713,700,-0.0292,3365.5645,6.8213,0.4212,54.891006,9.789392,108.3,5.845,1.85,335.95,54.898869,9.790379,54.895069,9.793790
1386891642,0,0,485.9,0,0,4,0,713,700,-0.0292,3365.5645,6.8213,0.4212,54.891006,9.789392,108.3,5.845,1.85,335.95,54.898869,9.790379,54.895069,9.793790
1386891642,0,0,485.9,0,0,4,0,713,700,-0.0292,3365.5645,6.8213,0.4212,54.891006,9.789392,108.3,5.845,1.85,335.95,54.898869,9.790379,54.895069,9.793790
1386891642,0,0,485.9,0,0,4,0,713,700,-0.0292,3365.5645,6.8213,0.4212,54.891006,9.789392,108.3,5.845,1.85,335.95,54.898869,9.790379,54.895069,9.793790
1386891642,0,0,485.9,0,0,4,0,713,700,-0.0292,3365.5645,6.8213,0.4212,54.891006,9.789392,108.3,5.845,1.85,335.95,54.898869,9.790379,54.895069,9.793790
1386891643,0,0,485.9,0,0,4,0,713,700,-0.0292,3365.5645,6.8213,0.4212,54.891006,9.789392,108.3,5.845,1.85,335.95,54.898869,9.790379,54.895069,9.793790
1386891643,0,0,485.9,0,0,4,0,713,700,-0.0292,3365.5645,6.8213,0.4212,54.891006,9.789392,108.3,5.845,1.85,335.95,54.898869,9.790379,54.895069,9.793790
1386891643,0,0,485.9,0,0,4,0,713,700,-0.0292,3365.5645,6.8213,0.4212,54.891006,9.789392,108.3,5.845,1.85,335.95,54.898869,9.790379,54.895069,9.793790
1386891643,0,0,485.9,0,0,4,0,713,700,-0.0292,3365.5645,6.8213,0.4212,54.891006,9.789392,108.3,5.845,1.85,335.95,54.898869,9.790379,54.895069,9.793790
1386891644,0,0,485.9,0,0,4,0,713,700,-0.0292,3365.5645,6.8213,0.4212,54.891006,9.789392,108.3,5.845,1.85,335.95,54.898869,9.790379,54.895069,9.793790
1386891644,0,0,485.9,0,0,4,0,713,700,-0.0292,3365.5645,6.8213,0.4212,54.891006,9.789392,108.3,5.845,1.85,335.95,54.898869,9.790379,54.895069,9.793790
1386891644,0,0,485.9,0,0,4,0,713,700,-0.0292,3365.5645,6.8213,0.4212,54.891006,9.789392,108.3,5.845,1.85,335.95,54.898869,9.790379,54.895069,9.793790
1386891644,0,0,485.9,0,0,4,0,713,700,-0.0292,3365.5645,6.8213,0.4212,54.891006,9.789392,108.3,5.845,1.85,335.95,54.898869,9.790379,54.895069,9.793790
1386891645,0,0,485.9,0,0,4,0,713,700,-0.0292,3365.5645,6.8213,0.4212,54.891006,9.789392,108.3,5.845,1.85,335.95,54.898869,9.790379,54.895069,9.793790
1386891645,0,0,485.9,0,0,4,0,713,700,-0.0292,3365.5645,6.8213,0.4212,54.891006,9.789392,108.3,5.845,1.85,335.95,54.898869,9.790379,54.895069,9.793790
1386891645,0,0,485.9,0,0,4,0,713,700,-0.0292,3365.5645,6.8213,0.4212,54.891006,9.789392,108.3,5.845,1.85,335.95,54.898869,9.790379,54.895069,9.793790
1386891645,0,0,485.9,0,0,4,0,713,700,-0.0292,3365.5645,6.8213,0.4212,54.891006,9.789392,108.3,5.845,1.85,335.95,54.898869,9.790379,54.895069,9.793790
1386891646,0,0,485.9,0,0,4,0,713,700,-0.0292,3365.5645,6.8213,0.4212,54.891006,9.789392,108.3,5.845,1.85,335.95,54.898869,9.790379,54.895069,9.793790
1386891646,0,0,485.9,0,0,4,0,713,700,-0.0292,3365.5645,6.8213,0.4212,54.891006,9.789392,108.3,5.845,1.85,335.95,54.898869,9.790379,54.895069,9.793790
1386891646,0,0,485.9,0,0,4,0,713,700,-0.0292,3365.5645,6.8213,0.4212,54.891006,9.789392,108.3,5.845,1.85,335.95,54.898869,9.790379,54.895069,9.793790
1386891646,0,0,485.9,0,0,4,0,713,700,-0.0292,3365.5645,6.8213,0.4212,54.891006,9.789392,108.3,5.845,1.85,335.95,54.898869,9.790379,54.895069,9.793790
1386891647,0,0,485.9,0,0,4,0,713,700,-0.0292,3365.5645,6.8213,0.4212,54.891006,9.789392,108.3,5.845,1.85,335.95,54.898869,9.790379,54.895069,9.793790
1386891647,0,0,485.9,0,0,4,0,713,700,-0.0292,3365.5645,6.8213,0.4212,54.891006,9.789392,108.3,5.845,1.85,335.95,54.898869,9.790379,54.895069,9.793790
1386891647,0,0,485.9,0,0,4,0,713,700,-0.0292,3365.5645,6.8213,0.4212,54.891006,9.789392,108.3,5.845,1.85,335.95,54.898869,9.790379,54.895069,9.793790
1386891647,0,0,485.9,0,0,4,0,713,700,-0.0292,3365.5645,6.8213,0.4212,54.891006,9.789392,108.3,5.845,1.85,335.95,54.898869,9.790379,54.895069,9.793790
1386891648,0,0,485.9,0,0,4,0,713,700,-0.0292,3365.5645,6.8213,0.4212,54.891006,9.789392,108.3,5.845,1.85,335.95,54.898869,9.790379,54.895069,9.793790
1386891648,0,0,485.9,0,0,4,0,713,700,-0.0292,3365.5645,6.8213,0.4212,54.891006,9.789392,108.3,5.845,1.85,335.95,54.898869,9.790379,54.895069,9.793790
1386891648,0,0,485.9,0,0,4,0,713,700,-0.0292,3365.5645,6.8213,0.4212,54.891006,9.789392,108.3,5.845,1.85,335.95,54.898869,9.790379,54.895069,9.793790
1386891648,0,0,485.9,0,0,4,0,713,700,-0.0292,3365.5645,6.8213,0.4212,54.891006,9.789392,108.3,5.845,1.85,335.95,54.898869,9.790379,54.895069,9.793790
1386891649,0,0,485.9,0,0,4,0,713,700,-0.0292,3365.5645,6.8213,0.4212,54.891006,9.789392,108.3,5.845,1.85,335.95,54.898869,9.790379,54.895069,9.793790
1386891649,0,0,485.9,0,0,4,0,713,700,-0.0292,3365.5645,6.8213,0.4212,54.891006,9.789392,108.3,5.845,1.85,335.95,54.898869,9.790379,54.895069,9.793790
1386891649,0,0,485.9,0,0,4,0,713,700,-0.0292,3365.5645,6.8213,0.4212,54.891006,9.789392,108.3,5.845,1.85,335.95,54.898869,9.790379,54.895069,9.793790
1386891649,0,0,485.9,0,0,4,0,713,700,-0.0292,3365.5645,6.8213,0.4212,54.891006,9.789392,108.3,5.845,1.85,335.95,54.898869,9.790379,54.895069,9.793790
1386891650,0,0,485.9,0,0,4,0,713,700,-0.0292,3365.5645,6.8213,0.4212,54.891006,9.789392,108.3,5.845,1.85,335.95,54.898869,9.790379,54.895069,9.793790
1386891650,0,0,485.9,0,0,4,0,713,700,-0.0292,3365.5645,6.8213,0.4212,54.891006,9.789392,108.3,5.845,1.85,335.95,54.898869,9.790379,54.895069,9.793790
1386891650,0,0,485.9,0,0,4,0,713,700,-0.0292,3365.5645,6.8213,0.4212,54.891006,9.789392,108.3,5.845,1.85,335.95,54.898869,9.790379,54.895069,9.793790
1386891651,0,0,485.9,0,0,4,0,713,700,-0.0292,3365.5645,6.8213,0.4212,54.891006,9.789392,108.3,5.845,1.85,335.95,54.898869,9.790379,54.895069,9.793790
1386891651,0,0,485.9,0,0,4,0,713,700,-0.0292,3365.5645,6.8213,0.4212,54.891006,9.789392,108.3,5.845,1.85,335.95,54.898869,9.790379,54.895069,9.793790
1386891651,0,0,485.9,0,0,4,0,713,700,-0.0292,3365.5645,6.8213,0.4212,54.891006,9.789392,108.3,5.845,1.85,335.95,54.898869,9.790379,54.895069,9.793790
1386891651,0,0,485.9,0,0,4,0,713,700,-0.0292,3365.5645,6.8213,0.4212,54.891006,9.789392,108.3,5.845,1.85,335.95,54.898869,9.790379,54.895069,9.793790
1386891652,0,0,485.9,0,0,4,0,713,700,-0.0292,3365.5645,6.8213,0.4212,54.891006,9.789392,108.3,5.845,1.85,335.95,54.898869,9.790379,54.895069,9.793790
1386891652,0,0,485.9,0,0,4,0,713,700,-0.0292,3365.5645,6.8213,0.4212,54.891006,9.789392,108.3,5.845,1.85,335.95,54.898869,9.790379,54.895069,9.793790
1386891652,0,0,485.9,0,0,4,0,713,700,-0.0292,3365.5645,6.8213,0.4212,54.891006,9.789392,108.3,5.845,1.85,335.95,54.898869,9.790379,54.895069,9.793790
1386891652,0,0,485.9,0,0,4,0,713,700,-0.0292,3365.5645,6.8213,0.4212,54.891006,9.789392,108.3,5.845,1.85,335.95,54.898869,9.790379,54.895069,9.793790
1386891653,0,0,485.9,0,0,4,0,713,700,-0.0292,3365.5645,6.8213,0.4212,54.891006,9.789392,108.3,5.845,1.85,335.95,54.898869,9.790379,54.895069,9.793790
1386891653,0,0,485.9,0,0,4,0,713,700,-0.0292,3365.5645,6.8213,0.4212,54.891006,9.789392,108.3,5.845,1.85,335.95,54.898869,9.790379,54.895069,9.793790
1386891653,0,0,485.9,0,0,4,0,713,700,-0.0292,3365.5645,6.8213,0.4212,54.891006,9.789392,108.3,5.845,1.85,335.95,54.898869,9.790379,54.895069,9.793790
1386891653,0,0,485.9,0,0,4,0,713,700,-0.0292,3365.5645,6.8213,0.4212,54.891006,9.789392,108.3,5.845,1.85,335.95,54.898869,9.790379,54.895069,9.793790
1386891654,0,0,485.9,0,0,4,0,713,700,-0.0292,3365.5645,6.8213,0.4212,54.891006,9.789392,108.3,5.845,1.85,335.95,54.898869,9.790379,54.895069,9.793790
1386891654,0,0,485.9,0,0,4,0,713,700,-0.0292,3365.5645,6.8213,0.4212,54.891006,9.789392,108.3,5.845,1.85,335.95,54.898869,9.790379,54.895069,9.793790
1386891654,0,0,485.9,0,0,4,0,713,700,-0.0292,3365.5645,6.8213,0.4212,54.891006,9.789392,108.3,5.845,1.85,335.95,54.898869,9.790379,54.895069,9.793790
1386891654,0,0,485.9,0,0,4,0,713,700,-0.0292,3365.5645,6.8213,0.4212,54.891006,9.789392,108.3,5.845,1.85,335.95,54.898869,9.790379,54.895069,9.793790
1386891655,0,0,485.9,0,0,4,0,713,700,-0.0292,3365.5645,6.8213,0.4212,54.891006,9.789392,108.3,5.845,1.85,335.95,54.898869,9.790379,54.895069,9.793790
1386891655,0,0,485.9,0,0,4,0,713,700,-0.0292,3365.5645,6.8213,0.4212,54.891006,9.789392,108.3,5.845,1.85,335.95,54.898869,9.790379,54.895069,9.793790
1386891655,0,0,485.9,0,0,4,0,713,700,-0.0292,3365.5645,6.8213,0.4212,54.891006,9.789392,108.3,5.845,1.85,335.95,54.898869,9.790379,54.895069,9.793790
1386891655,0,0,485.9,0,0,4,0,713,700,-0.0292,3365.5645,6.8213,0.4212,54.891006,9.789392,108.3,5.845,1.85,335.95,54.898869,9.790379,54.895069,9.793790
1386891656,0,0,485.9,0,0,4,0,713,700,-0.0292,3365.5645,6.8213,0.4212,54.891006,9.789392,108.3,5.845,1.85,335.95,54.898869,9.790379,54.895069,9.793790
1386891656,0,0,485.9,0,0,4,0,713,700,-0.0292,3365.5645,6.8213,0.4212,54.891006,9.789392,108.3,5.845,1.85,335.95,54.898869,9.790379,54.895069,9.793790
1386891656,0,0,485.9,0,0,4,0,713,700,-0.0292,3365.5645,6.8213,0.4212,54.891006,9.789392,108.3,5.845,1.85,335.95,54.898869,9.790379,54.895069,9.793790
1386891656,0,0,485.9,0,0,4,0,713,700,-0.0292,3365.5645,6.8213,0.4212,54.891006,9.789392,108.3,5.845,1.85,335.95,54.898869,9.790379,54.895069,9.793790
1386891657,0,0,485.9,0,0,4,0,713,700,-0.0292,3365.5645,6.8213,0.4212,54.891006,9.789392,108.3,5.845,1.85,335.95,54.898869,9.790379,54.895069,9.793790
1386891657,0,0,485.9,0,0,4,0,713,700,-0.0292,3365.5645,6.8213,0.4212,54.891006,9.789392,108.3,5.845,1.85,335.95,54.898869,9.790379,54.895069,9.793790
1386891657,0,0,485.9,0,0,4,0,713,700,-0.0292,3365.5645,6.8213,0.4212,54.891006,9.789392,108.3,5.845,1.85,335.95,54.898869,9.790379,54.895069,9.793790
1386891657,0,0,485.9,0,0,4,0,713,700,-0.0292,3365.5645,6.8213,0.4212,54.891006,9.789392,108.3,5.845,1.85,335.95,54.898869,9.790379,54.895069,9.793790
1386891658,0,0,485.9,0,0,4,0,713,700,-0.0292,3365.5645,6.8213,0.4212,54.891006,9.789392,108.3,5.845,1.85,335.95,54.898869,9.790379,54.895069,9.793790
1386891658,0,0,485.9,0,0,4,0,713,700,-0.0292,3365.5645,6.8213,0.4212,54.891006,9.789392,108.3,5.845,1.85,335.95,54.898869,9.790379,54.895069,9.793790
1386891658,0,0,485.9,0,0,4,0,713,700,-0.0292,3365.5645,6.8213,0.4212,54.891006,9.789392,108.3,5.845,1.85,335.95,54.898869,9.790379,54.895069,9.793790
1386891658,0,0,485.9,0,0,4,0,713,700,-0.0292,3365.5645,6.8213,0.4212,54.891006,9.789392,108.3,5.845,1.85,335.95,54.898869,9.790379,54.895069,9.793790
1386891659,0,0,485.9,0,0,4,0,713,700,-0.0292,3365.5645,6.8213,0.4212,54.891006,9.789392,108.3,5.845,1.85,335.95,54.898869,9.790379,54.895069,9.793790
1386891659,0,0,485.9,0,0,4,0,713,700,-0.0292,3365.5645,6.8213,0.4212,54.891006,9.789392,108.3,5.845,1.85,335.95,54.898869,9.790379,54.895069,9.793790
1386891659,0,0,485.9,0,0,4,0,713,700,-0.0292,3365.5645,6.8213,0.4212,54.891006,9.789392,108.3,5.845,1.85,335.95,54.898869,9.790379,54.895069,9.793790
1386891659,0,0,485.9,0,0,4,0,713,700,-0.0292,3365.5645,6.8213,0.4212,54.891006,9.789392,108.3,5.845,1.85,335.95,54.898869,9.790379,54.895069,9.793790
1386891660,0,0,485.9,0,0,4,0,713,700,-0.0292,3365.5645,6.8213,0.4212,54.891006,9.789392,108.3,5.845,1.85,335.95,54.898869,9.790379,54.895069,9.793790
1386891660,0,0,485.9,0,0,4,0,713,700,-0.0292,3365.5645,6.8213,0.4212,54.891006,9.789392,108.3,5.845,1.85,335.95,54.898869,9.790379,54.895069,9.793790
1386891660,0,0,485.9,0,0,4,0,713,700,-0.0292,3365.5645,6.8213,0.4212,54.891006,9.789392,108.3,5.845,1.85,335.95,54.898869,9.790379,54.895069,9.793790
1386891660,0,0,485.9,0,0,4,0,713,700,-0.0292,3365.5645,6.8213,0.4212,54.891006,9.789392,108.3,5.845,1.85,335.95,54.898869,9.790379,54.895069,9.793790
1386891661,0,0,485.9,0,0,4,0,713,700,-0.0292,3365.5645,6.8213,0.4212,54.891006,9.789392,108.3,5.845,1.85,335.95,54.898869,9.790379,54.895069,9.793790
1386891661,0,0,485.9,0,0,4,0,713,700,-0.0292,3365.5645,6.8213,0.4212,54.891006,9.789392,108.3,5.845,1.85,335.95,54.898869,9.790379,54.895069,9.793790
1386891661,0,0,485.9,0,0,4,0,713,700,-0.0292,3365.5645,6.8213,0.4212,54.891006,9.789392,108.3,5.845,1.85,335.95,54.898869,9.790379,54.895069,9.793790
1386891661,0,0,485.9,0,0,4,0,713,700,-0.0292,3365.5645,6.8213,0.4212,54.891006,9.789392,108.3,5.845,1.85,335.95,54.898869,9.790379,54.895069,9.793790
1386891662,0,0,485.9,0,0,4,0,713,700,-0.0292,3365.5645,6.8213,0.4212,54.891006,9.789392,108.3,5.845,1.85,335.95,54.898869,9.790379,54.895069,9.793790
1386891662,0,0,485.9,0,0,4,0,713,700,-0.0292,3365.5645,6.8213,0.4212,54.891006,9.789392,108.3,5.845,1.85,335.95,54.898869,9.790379,54.895069,9.793790
1386891662,0,0,485.9,0,0,4,0,713,700,-0.0292,3365.5645,6.8213,0.4212,54.891006,9.789392,108.3,5.845,1.85,335.95,54.898869,9.790379,54.895069,9.793790
1386891662,0,0,485.9,0,0,4,0,713,700,-0.0292,3365.5645,6.8213,0.4212,54.891006,9.789392,108.3,5.845,1.85,335.95,54.898869,9.790379,54.895069,9.793790
1386891663,0,0,485.9,0,0,4,0,713,700,-0.0292,3365.5645,6.8213,0.4212,54.891006,9.789392,108.3,5.845,1.85,335.95,54.898869,9.790379,54.895069,9.793790
1386891663,0,0,485.9,0,0,4,0,713,700,-0.0292,3365.5645,6.8213,0.4212,54.891006,9.789392,108.3,5.845,1.85,335.95,54.898869,9.790379,54.895069,9.793790
1386891663,0,0,485.9,0,0,4,0,713,700,-0.0292,3365.5645,6.8213,0.4212,54.891006,9.789392,108.3,5.845,1.85,335.95,54.898869,9.790379,54.895069,9.793790
1386891663,0,0,485.9,0,0,4,0,713,700,-0.0292,3365.5645,6.8213,0.4212,54.891006,9.789392,108.3,5.845,1.85,335.95,54.898869,9.790379,54.895069,9.793790
1386891664,0,0,485.9,0,0,4,0,713,700,-0.0292,3365.5645,6.8213,0.4212,54.891006,9.789392,108.3,5.845,1.85,335.95,54.898869,9.790379,54.895069,9.793790
1386891664,0,0,485.9,0,0,4,0,713,700,-0.0292,3365.5645,6.8213,0.4212,54.891006,9.789392,108.3,5.845,1.85,335.95,54.898869,9.790379,54.895069,9.793790
1386891664,0,0,485.9,0,0,4,0,713,700,-0.0292,3365.5645,6.8213,0.4212,54.891006,9.789392,108.3,5.845,1.85,335.95,54.898869,9.790379,54.895069,9.793790
1386891664,0,0,485.9,0,0,4,0,713,700,-0.0292,3365.5645,6.8213,0.4212,54.891006,9.789392,108.3,5.845,1.85,335.95,54.898869,9.790379,54.895069,9.793790
1386891665,0,0,485.9,0,0,4,0,713,700,-0.0292,3365.5645,6.8213,0.4212,54.891006,9.789392,108.3,5.845,1.85,335.95,54.898869,9.790379,54.895069,9.793790
1386891665,0,0,485.9,0,0,4,0,713,700,-0.0292,3365.5645,6.8213,0.4212,54.891006,9.789392,108.3,5.845,1.85,335.95,54.898869,9.790379,54.895069,9.793790
1386891665,0,0,485.9,0,0,4,0,713,700,-0.0292,3365.5645,6.8213,0.4212,54.891006,9.789392,108.3,5.845,1.85,335.95,54.898869,9.790379,54.895069,9.793790
1386891665,0,0,485.9,0,0,4,0,713,700,-0.0292,3365.5645,6.8213,0.4212,54.891006,9.789392,108.3,5.845,1.85,335.95,54.898869,9.790379,54.895069,9.793790
1386891666,0,0,485.9,0,0,4,0,713,700,-0.0292,3365.5645,6.8213,0.4212,54.891006,9.789392,108.3,5.845,1.85,335.95,54.898869,9.790379,54.895069,9.793790
1386891666,0,0,485.9,0,0,4,0,713,700,-0.0292,3365.5645,6.8213,0.4212,54.891006,9.789392,108.3,5.845,1.85,335.95,54.898869,9.790379,54.895069,9.793790
1386891666,0,0,485.9,0,0,4,0,713,700,-0.0292,3365.5645,6.8213,0.4212,54.891006,9.789392,108.3,5.845,1.85,335.95,54.898869,9.790379,54.895069,9.793790
1386891666,0,0,485.9,0,0,4,0,713,700,-0.0292,3365.5645,6.8213,0.4212,54.891006,9.789392,108.3,5.845,1.85,335.95,54.898869,9.790379,54.895069,9.793790
1386891667,0,0,485.9,0,0,4,0,713,700,-0.0292,3365.5645,6.8213,0.4212,54.891006,9.789392,108.3,5.845,1.85,335.95,54.898869,9.790379,54.895069,9.793790
1386891667,0,0,485.9,0,0,4,0,713,700,-0.0292,3365.5645,6.8213,0.4212,54.891006,9.789392,108.3,5.845,1.85,335.95,54.898869,9.790379,54.895069,9.793790
1386891667,0,0,485.9,0,0,4,0,713,700,-0.0292,3365.5645,6.8213,0.4212,54.891006,9.789392,108.3,5.845,1.85,335.95,54.898869,9.790379,54.895069,9.793790
1386891667,0,0,485.9,0,0,4,0,713,700,-0.0292,3365.5645,6.8213,0.4212,54.891006,9.789392,108.3,5.845,1.85,335.95,54.898869,9.790379,54.895069,9.793790
1386891668,0,0,485.9,0,0,4,0,713,700,-0.0292,3365.5645,6.8213,0.4212,54.891006,9.789392,108.3,5.845,1.85,335.95,54.898869,9.790379,54.895069,9.793790
1386891668,0,0,485.9,0,0,4,0,713,700,-0.0292,3365.5645,6.8213,0.4212,54.891006,9.789392,108.3,5.845,1.85,335.95,54.898869,9.790379,54.895069,9.793790
1386891668,0,0,485.9,0,0,4,0,713,700,-0.0292,3365.5645,6.8213,0.4212,54.891006,9.789392,108.3,5.845,1.85,335.95,54.898869,9.790379,54.895069,9.793790
1386891668,0,0,485.9,0,0,4,0,713,700,-0.0292,3365.5645,6.8213,0.4212,54.891006,9.789392,108.3,5.845,1.85,335.95,54.898869,9.790379,54.895069,9.793790
1386891669,0,0,485.9,0,0,4,0,713,700,-0.0292,3365.5645,6.8213,0.4212,54.891006,9.789392,108.3,5.845,1.85,335.95,54.898869,9.790379,54.895069,9.793790
1386891669,0,0,485.9,0,0,4,0,713,700,-0.0292,3365.5645,6.8213,0.4212,54.891006,9.789392,108.3,5.845,1.85,335.95,54.898869,9.790379,54.895069,9.793790
1386891669,0,0,485.9,0,0,4,0,713,700,-0.0292,3365.5645,6.8213,0.4212,54.891006,9.789392,108.3,5.845,1.85,335.95,54.898869,9.790379,54.895069,9.793790
1386891669,0,0,485.9,0,0,4,0,713,700,-0.0292,3365.5645,6.8213,0.4212,54.891006,9.789392,108.3,5.845,1.85,335.95,54.898869,9.790379,54.895069,9.793790
1386891670,0,0,485.9,0,0,4,0,713,700,-0.0292,3365.5645,6.8213,0.4212,54.891006,9.789392,108.3,5.845,1.85,335.95,54.898869,9.790379,54.895069,9.793790
1386891670,0,0,485.9,0,0,4,0,713,700,-0.0292,3365.5645,6.8213,0.4212,54.891006,9.789392,108.3,5.845,1.85,335.95,54.898869,9.790379,54.895069,9.793790
1386891670,0,0,485.9,0,0,4,0,713,700,-0.0292,3365.5645,6.8213,0.4212,54.891006,9.789392,108.3,5.845,1.85,335.95,54.898869,9.790379,54.895069,9.793790
1386891670,0,0,485.9,0,0,4,0,713,700,-0.0292,3365.5645,6.8213,0.4212,54.891006,9.789392,108.3,5.845,1.85,335.95,54.898869,9.790379,54.895069,9.793790
1386891671,0,0,485.9,0,0,4,0,713,700,-0.0292,3365.5645,6.8213,0.4212,54.891006,9.789392,108.3,5.845,1.85,335.95,54.898869,9.790379,54.895069,9.793790
1386891671,0,0,485.9,0,0,4,0,713,700,-0.0292,3365.5645,6.8213,0.4212,54.891006,9.789392,108.3,5.845,1.85,335.95,54.898869,9.790379,54.895069,9.793790
1386891671,0,0,485.9,0,0,4,0,713,700,-0.0292,3365.5645,6.8213,0.4212,54.891006,9.789392,108.3,5.845,1.85,335.95,54.898869,9.790379,54.895069,9.793790
1386891671,0,0,485.9,0,0,4,0,713,700,-0.0292,3365.5645,6.8213,0.4212,54.891006,9.789392,108.3,5.845,1.85,335.95,54.898869,9.790379,54.895069,9.793790
1386891672,0,0,485.9,0,0,4,0,713,700,-0.0292,3365.5645,6.8213,0.4212,54.891006,9.789392,108.3,5.845,1.85,335.95,54.898869,9.790379,54.895069,9.793790
1386891672,0,0,485.9,0,0,4,0,713,700,-0.0292,3365.5645,6.8213,0.4212,54.891006,9.789392,108.3,5.845,1.85,335.95,54.898869,9.790379,54.895069,9.793790
1386891672,0,0,485.9,0,0,4,0,713,700,-0.0292,3365.5645,6.8213,0.4212,54.891006,9.789392,108.3,5.845,1.85,335.95,54.898869,9.790379,54.895069,9.793790
1386891672,0,0,485.9,0,0,4,0,713,700,-0.0292,3365.5645,6.8213,0.4212,54.891006,9.789392,108.3,5.845,1.85,335.95,54.898869,9.790379,54.895069,9.793790
1386891673,0,0,485.9,0,0,4,0,713,700,-0.0292,3365.5645,6.8213,0.4212,54.891006,9.789392,108.3,5.845,1.85,335.95,54.898869,9.790379,54.895069,9.793790
1386891673,0,0,485.9,0,0,4,0,713,700,-0.0292,3365.5645,6.8213,0.4212,54.891006,9.789392,108.3,5.845,1.85,335.95,54.898869,9.790379,54.895069,9.793790
1386891673,0,0,485.9,0,0,4,0,713,700,-0.0292,3365.5645,6.8213,0.4212,54.891006,9.789392,108.3,5.845,1.85,335.95,54.898869,9.790379,54.895069,9.793790
1386891673,0,0,485.9,0,0,4,0,713,700,-0.0292,3365.5645,6.8213,0.4212,54.891006,9.789392,108.3,5.845,1.85,335.95,54.898869,9.790379,54.895069,9.793790
1386891674,0,0,485.9,0,0,4,0,713,700,-0.0292,3365.5645,6.8213,0.4212,54.891006,9.789392,108.3,5.845,1.85,335.95,54.898869,9.790379,54.895069,9.793790
1386891674,0,0,485.9,0,0,4,0,713,700,-0.0292,3365.5645,6.8213,0.4212,54.891006,9.789392,108.3,5.845,1.85,335.95,54.898869,9.790379,54.895069,9.793790
1386891674,0,0,485.9,0,0,4,0,713,700,-0.0292,3365.5645,6.8213,0.4212,54.891006,9.789392,108.3,5.845,1.85,335.95,54.898869,9.790379,54.895069,9.793790
1386891674,0,0,485.9,0,0,4,0,713,700,-0.0292,3365.5645,6.8213,0.4212,54.891006,9.789392,108.3,5.845,1.85,335.95,54.898869,9.790379,54.895069,9.793790
1386891675,0,0,485.9,0,0,4,0,713,700,-0.0292,3365.5645,6.8213,0.4212,54.891006,9.789392,108.3,5.845,1.85,335.95,54.898869,9.790379,54.895069,9.793790
1386891675,0,0,485.9,0,0,4,0,713,700,-0.0292,3365.5645,6.8213,0.4212,54.891006,9.789392,108.3,5.845,1.85,335.95,54.898869,9.790379,54.895069,9.793790
1386891675,0,0,485.9,0,0,4,0,713,700,-0.0292,3365.5645,6.8213,0.4212,54.891006,9.789392,108.3,5.845,1.85,335.95,54.898869,9.790379,54.895069,9.793790
1386891675,0,0,485.9,0,0,4,0,713,700,-0.0292,3365.5645,6.8213,0.4212,54.891006,9.789392,108.3,5.845,1.85,335.95,54.898869,9.790379,54.895069,9.793790
1386891676,0,0,485.9,0,0,4,0,713,700,-0.0292,3365.5645,6.8213,0.4212,54.891006,9.789392,108.3,5.845,1.85,335.95,54.898869,9.790379,54.895069,9.793790
1386891676,0,0,485.9,0,0,4,0,713,700,-0.0292,3365.5645,6.8213,0.4212,54.891006,9.789392,108.3,5.845,1.85,335.95,54.898869,9.790379,54.895069,9.793790
1386891676,0,0,485.9,0,0,4,0,713,700,-0.0292,3365.5645,6.8213,0.4212,54.891006,9.789392,108.3,5.845,1.85,335.95,54.898869,9.790379,54.895069,9.793790
1386891676,0,0,485.9,0,0,4,0,713,700,-0.0292,3365.5645,6.8213,0.4212,54.891006,9.789392,108.3,5.845,1.85,335.95,54.898869,9.790379,54.895069,9.793790
1386891677,0,0,485.9,0,0,4,0,713,700,-0.0292,3365.5645,6.8213,0.4212,54.891006,9.789392,108.3,5.845,1.85,335.95,54.898869,9.790379,54.895069,9.793790
1386891677,0,0,485.9,0,0,4,0,713,700,-0.0292,3365.5645,6.8213,0.4212,54.891006,9.789392,108.3,5.845,1.85,335.95,54.898869,9.790379,54.895069,9.793790
1386891677,0,0,485.9,0,0,4,0,713,700,-0.0292,3365.5645,6.8213,0.4212,54.891006,9.789392,108.3,5.845,1.85,335.95,54.898869,9.790379,54.895069,9.793790
1386891677,0,0,485.9,0,0,4,0,713,700,-0.0292,3365.5645,6.8213,0.4212,54.891006,9.789392,108.3,5.845,1.85,335.95,54.898869,9.790379,54.895069,9.793790
1386891678,0,0,485.9,0,0,4,0,713,700,-0.0292,3365.5645,6.8213,0.4212,54.891006,9.789392,108.3,5.845,1.85,335.95,54.898869,9.790379,54.895069,9.793790
1386891678,0,0,485.9,0,0,4,0,713,700,-0.0292,3365.5645,6.8213,0.4212,54.891006,9.789392,108.3,5.845,1.85,335.95,54.898869,9.790379,54.895069,9.793790
