MCU_timestamp,Navigation_System,Manual_Control,Guidance_Heading,Manual_Ctrl_Rudder,Rudder_Desired_Angle,Rudder_Feedback,Manual_Ctrl_Sail,Sail_Desired_Pos,Sail_Feedback,Rate,Heading,Pitch,Roll,Latitude,Longitude,COG,SOG,Wind_Speed,Wind_Angle,Point_Start_Lat,Point_Start_Lon,Point_End_Lat,Point_End_Lon
1387091225,1,0,180.0,0,0,4,0,713,700,-0.0292,180.2921,6.8213,0.4212,54.894466,9.797484,108.3,5.845,1.85,30.00,54.894485,9.797484,0.000000,0.000000
1387091225,1,0,180.0,0,0,0,0,713,750,-0.0292,180.2921,6.8213,0.4212,54.894447,9.797484,108.3,5.845,1.85,30.00,54.894485,9.797484,0.000000,0.000000
1387091226,1,0,180.0,0,0,4,0,713,700,-0.0292,180.2921,6.8213,0.4212,54.894432,9.797484,108.3,5.845,1.85,30.00,54.894485,9.797484,0.000000,0.000000
1387091226,1,0,180.0,0,0,0,0,713,750,-0.0292,180.2921,6.8213,0.4212,54.894413,9.797484,108.3,5.845,1.85,30.00,54.894485,9.797484,0.000000,0.000000
1387091226,1,0,180.0,0,0,4,0,713,700,-0.0292,180.2921,6.8213,0.4212,54.894394,9.797484,108.3,5.845,1.85,30.00,54.894485,9.797484,0.000000,0.000000
1387091226,1,0,180.0,0,0,0,0,713,750,-0.0292,180.2921,6.8213,0.4212,54.894375,9.797484,108.3,5.845,1.85,30.00,54.894485,9.797484,0.000000,0.000000
1387091227,1,0,180.0,0,0,4,0,713,700,-0.0292,180.2921,6.8213,0.4212,54.894360,9.797484,108.3,5.845,1.85,30.00,54.894485,9.797484,0.000000,0.000000
1387091227,1,0,180.0,0,0,0,0,713,750,-0.0292,180.2921,6.8213,0.4212,54.894341,9.797484,108.3,5.845,1.85,30.00,54.894485,9.797484,0.000000,0.000000
1387091227,1,0,180.0,0,0,4,0,713,700,-0.0292,180.2921,6.8213,0.4212,54.894321,9.797484,108.3,5.845,1.85,30.00,54.894485,9.797484,0.000000,0.000000
1387091227,1,0,180.0,0,0,0,0,713,750,-0.0292,180.2921,6.8213,0.4212,54.894302,9.797484,108.3,5.845,1.85,30.00,54.894485,9.797484,0.000000,0.000000
1387091228,1,0,180.0,0,0,4,0,713,700,-0.0292,180.2921,6.8213,0.4212,54.894287,9.797484,108.3,5.845,1.85,30.00,54.894485,9.797484,0.000000,0.000000
1387091228,1,0,180.0,0,0,0,0,713,750,-0.0292,180.2921,6.8213,0.4212,54.894268,9.797484,108.3,5.845,1.85,30.00,54.894485,9.797484,0.000000,0.000000
1387091228,1,0,180.0,0,0,4,0,713,700,-0.0292,180.2921,6.8213,0.4212,54.894249,9.797484,108.3,5.845,1.85,30.00,54.894485,9.797484,0.000000,0.000000
1387091228,1,0,180.0,0,0,0,0,713,750,-0.0292,180.2921,6.8213,0.4212,54.894230,9.797484,108.3,5.845,1.85,30.00,54.894485,9.797484,0.000000,0.000000
1387091229,1,0,180.0,0,0,4,0,713,700,-0.0292,180.2921,6.8213,0.4212,54.894215,9.797484,108.3,5.845,1.85,30.00,54.894485,9.797484,0.000000,0.000000
1387091229,1,0,180.0,0,0,0,0,713,750,-0.0292,180.2921,6.8213,0.4212,54.894196,9.797484,108.3,5.845,1.85,30.00,54.894485,9.797484,0.000000,0.000000
1387091229,1,0,180.0,0,0,4,0,713,700,-0.0292,180.2921,6.8213,0.4212,54.894176,9.797484,108.3,5.845,1.85,30.00,54.894485,9.797484,0.000000,0.000000
1387091229,1,0,180.0,0,0,0,0,713,750,-0.0292,180.2921,6.8213,0.4212,54.894161,9.797484,108.3,5.845,1.85,30.00,54.894485,9.797484,0.000000,0.000000
1387091230,1,0,180.0,0,0,4,0,713,700,-0.0292,180.2921,6.8213,0.4212,54.894142,9.797484,108.3,5.845,1.85,30.00,54.894485,9.797484,0.000000,0.000000
1387091230,1,0,180.0,0,0,0,0,713,750,-0.0292,180.2921,6.8213,0.4212,54.894123,9.797484,108.3,5.845,1.85,30.00,54.894485,9.797484,0.000000,0.000000
1387091230,1,0,180.0,0,0,4,0,713,700,-0.0292,180.2921,6.8213,0.4212,54.894104,9.797484,108.3,5.845,1.85,30.00,54.894485,9.797484,0.000000,0.000000
1387091230,1,0,180.0,0,0,0,0,713,750,-0.0292,180.2921,6.8213,0.4212,54.894089,9.797484,108.3,5.845,1.85,30.00,54.894485,9.797484,0.000000,0.000000
1387091231,1,0,180.0,0,0,4,0,713,700,-0.0292,180.2921,6.8213,0.4212,54.894070,9.797484,108.3,5.845,1.85,30.00,54.894485,9.797484,0.000000,0.000000
1387091231,1,0,180.0,0,0,0,0,713,750,-0.0292,180.2921,6.8213,0.4212,54.894051,9.797484,108.3,5.845,1.85,30.00,54.894485,9.797484,0.000000,0.000000
1387091231,1,0,180.0,0,0,4,0,713,700,-0.0292,180.2921,6.8213,0.4212,54.894032,9.797484,108.3,5.845,1.85,30.00,54.894485,9.797484,0.000000,0.000000
1387091232,1,0,180.0,0,0,0,0,713,750,-0.0292,180.2921,6.8213,0.4212,54.894016,9.797484,108.3,5.845,1.85,30.00,54.894485,9.797484,0.000000,0.000000
1387091232,1,0,180.0,0,0,4,0,713,700,-0.0292,180.2921,6.8213,0.4212,54.893997,9.797484,108.3,5.845,1.85,30.00,54.894485,9.797484,0.000000,0.000000
1387091232,1,0,180.0,0,0,0,0,713,750,-0.0292,180.2921,6.8213,0.4212,54.893978,9.797484,108.3,5.845,1.85,30.00,54.894485,9.797484,0.000000,0.000000
1387091232,1,0,180.0,0,0,4,0,713,700,-0.0292,180.2921,6.8213,0.4212,54.893959,9.797484,108.3,5.845,1.85,30.00,54.894485,9.797484,0.000000,0.000000
