MCU_timestamp,Navigation_System,Manual_Control,Guidance_Heading,Manual_Ctrl_Rudder,Rudder_Desired_Angle,Rudder_Feedback,Manual_Ctrl_Sail,Sail_Desired_Pos,Sail_Feedback,Rate,Heading,Pitch,Roll,Latitude,Longitude,COG,SOG,Wind_Speed,Wind_Angle,Point_Start_Lat,Point_Start_Lon,Point_End_Lat,Point_End_Lon
1386930208,0,0,0.0,0,0,-12,0,0,0,-0.0292,-2447.3022,6.8213,0.4212,54.894043,9.779886,108.3,5.845,1.85,335.95,0.000000,0.000000,0.000000,0.000000
1386930209,0,0,0.0,0,0,-12,0,0,0,-0.0292,-2447.3022,6.8213,0.4212,54.894043,9.779886,108.3,5.845,1.85,335.95,0.000000,0.000000,0.000000,0.000000
1386930209,0,0,0.0,0,0,-12,0,0,0,-0.0292,-2447.3022,6.8213,0.4212,54.894043,9.779886,108.3,5.845,1.85,335.95,0.000000,0.000000,0.000000,0.000000
1386930209,0,0,0.0,0,0,-12,0,0,0,-0.0292,-2447.3022,6.8213,0.4212,54.894043,9.779886,108.3,5.845,1.85,335.95,0.000000,0.000000,0.000000,0.000000
1386930209,0,0,0.0,0,0,-12,0,0,0,-0.0292,-2447.3022,6.8213,0.4212,54.894043,9.779886,108.3,5.845,1.85,335.95,0.000000,0.000000,0.000000,0.000000
1386930210,0,0,0.0,0,0,-12,0,0,0,-0.0292,-2447.3022,6.8213,0.4212,54.894043,9.779886,108.3,5.845,1.85,335.95,0.000000,0.000000,0.000000,0.000000
1386930210,0,0,0.0,0,0,-12,0,0,0,-0.0292,-2447.3022,6.8213,0.4212,54.894043,9.779886,108.3,5.845,1.85,335.95,0.000000,0.000000,0.000000,0.000000
1386930210,0,0,0.0,0,0,-12,0,0,0,-0.0292,-2447.3022,6.8213,0.4212,54.894043,9.779886,108.3,5.845,1.85,335.95,0.000000,0.000000,0.000000,0.000000
1386930210,0,0,0.0,0,0,-12,0,0,0,-0.0292,-2447.3022,6.8213,0.4212,54.894043,9.779886,108.3,5.845,1.85,335.95,0.000000,0.000000,0.000000,0.000000
1386930211,0,0,0.0,0,0,-12,0,0,0,-0.0292,-2447.3022,6.8213,0.4212,54.894043,9.779886,108.3,5.845,1.85,335.95,0.000000,0.000000,0.000000,0.000000
1386930211,4,0,0.0,0,0,-12,0,0,0,-0.0292,-2447.3022,6.8213,0.4212,54.894043,9.779886,108.3,5.845,1.85,335.95,0.000000,0.000000,0.000000,0.000000
1386930211,1,0,442.7,0,-10,-8,0,506,300,-0.0292,-2444.6355,6.8213,0.4212,54.894047,9.779917,108.3,5.845,1.85,335.95,54.894043,9.779886,54.895069,9.793790
1386930211,1,0,442.7,0,-7,-4,0,549,350,-0.0292,-2442.7688,6.8213,0.4212,54.894051,9.779947,108.3,5.845,1.85,335.95,54.894043,9.779886,54.895069,9.793790
1386930212,1,0,442.8,0,-6,-8,0,578,400,-0.0292,-2441.1687,6.8213,0.4212,54.894054,9.779978,108.3,5.845,1.85,335.95,54.894043,9.779886,54.895069,9.793790
1386930212,1,0,442.8,0,-4,-4,0,603,450,-0.0292,-2440.1021,6.8213,0.4212,54.894058,9.780009,108.3,5.845,1.85,335.95,54.894043,9.779886,54.895069,9.793790
1386930212,1,0,442.8,0,-3,0,0,620,500,-0.0292,-2439.3020,6.8213,0.4212,54.894062,9.780040,108.3,5.845,1.85,335.95,54.894043,9.779886,54.895069,9.793790
1386930212,1,0,442.8,0,-2,-4,0,632,550,-0.0292,-2438.7686,6.8213,0.4212,54.894062,9.780070,108.3,5.845,1.85,335.95,54.894043,9.779886,54.895069,9.793790
1386930213,1,0,442.8,0,-2,0,0,641,600,-0.0292,-2438.2351,6.8213,0.4212,54.894062,9.780102,108.3,5.845,1.85,335.95,54.894043,9.779886,54.895069,9.793790
1386930213,1,0,442.8,0,-1,-4,0,649,650,-0.0292,-2437.9685,6.8213,0.4212,54.894062,9.780133,108.3,5.845,1.85,335.95,54.894043,9.779886,54.895069,9.793790
1386930213,0,0,442.8,0,-1,-4,0,649,650,-0.0292,-2437.9685,6.8213,0.4212,54.894062,9.780133,108.3,5.845,1.85,335.95,54.894043,9.779886,54.895069,9.793790
1386930213,0,0,442.8,0,-1,-4,0,649,650,-0.0292,-2437.9685,6.8213,0.4212,54.894062,9.780133,108.3,5.845,1.85,335.95,54.894043,9.779886,54.895069,9.793790
1386930214,0,0,442.8,0,-1,-4,0,649,650,-0.0292,-2437.9685,6.8213,0.4212,54.894062,9.780133,108.3,5.845,1.85,335.95,54.894043,9.779886,54.895069,9.793790
1386930214,0,0,442.8,0,-1,-4,0,649,650,-0.0292,-2437.9685,6.8213,0.4212,54.894062,9.780133,108.3,5.845,1.85,335.95,54.894043,9.779886,54.895069,9.793790
1386930214,0,0,442.8,0,-1,-4,0,649,650,-0.0292,-2437.9685,6.8213,0.4212,54.894062,9.780133,108.3,5.845,1.85,335.95,54.894043,9.779886,54.895069,9.793790
1386930214,0,0,442.8,0,-1,-4,0,649,650,-0.0292,-2437.9685,6.8213,0.4212,54.894062,9.780133,108.3,5.845,1.85,335.95,54.894043,9.779886,54.895069,9.793790
1386930215,0,0,442.8,0,-1,-4,0,649,650,-0.0292,-2437.9685,6.8213,0.4212,54.894062,9.780133,108.3,5.845,1.85,335.95,54.894043,9.779886,54.895069,9.793790
1386930215,0,0,442.8,0,-1,-4,0,649,650,-0.0292,-2437.9685,6.8213,0.4212,54.894062,9.780133,108.3,5.845,1.85,335.95,54.894043,9.779886,54.895069,9.793790
1386930215,0,0,442.8,0,-1,-4,0,649,650,-0.0292,-2437.9685,6.8213,0.4212,54.894062,9.780133,108.3,5.845,1.85,335.95,54.894043,9.779886,54.895069,9.793790
1386930215,0,0,442.8,0,-1,-4,0,649,650,-0.0292,-2437.9685,6.8213,0.4212,54.894062,9.780133,108.3,5.845,1.85,335.95,54.894043,9.779886,54.895069,9.793790
1386930216,0,0,442.8,0,-1,-4,0,649,650,-0.0292,-2437.9685,6.8213,0.4212,54.894062,9.780133,108.3,5.845,1.85,335.95,54.894043,9.779886,54.895069,9.793790
1386930216,0,0,442.8,0,-1,-4,0,649,650,-0.0292,-2437.9685,6.8213,0.4212,54.894062,9.780133,108.3,5.845,1.85,335.95,54.894043,9.779886,54.895069,9.793790
1386930216,0,0,442.8,0,-1,-4,0,649,650,-0.0292,-2437.9685,6.8213,0.4212,54.894062,9.780133,108.3,5.845,1.85,335.95,54.894043,9.779886,54.895069,9.793790
1386930216,0,0,442.8,0,-1,-4,0,649,650,-0.0292,-2437.9685,6.8213,0.4212,54.894062,9.780133,108.3,5.845,1.85,335.95,54.894043,9.779886,54.895069,9.793790
1386930217,0,0,442.8,0,-1,-4,0,649,650,-0.0292,-2437.9685,6.8213,0.4212,54.894062,9.780133,108.3,5.845,1.85,335.95,54.894043,9.779886,54.895069,9.793790
1386930217,0,0,442.8,0,-1,-4,0,649,650,-0.0292,-2437.9685,6.8213,0.4212,54.894062,9.780133,108.3,5.845,1.85,335.95,54.894043,9.779886,54.895069,9.793790
1386930217,0,0,442.8,0,-1,-4,0,649,650,-0.0292,-2437.9685,6.8213,0.4212,54.894062,9.780133,108.3,5.845,1.85,335.95,54.894043,9.779886,54.895069,9.793790
1386930217,0,0,442.8,0,-1,-4,0,649,650,-0.0292,-2437.9685,6.8213,0.4212,54.894062,9.780133,108.3,5.845,1.85,335.95,54.894043,9.779886,54.895069,9.793790
1386930218,0,0,442.8,0,-1,-4,0,649,650,-0.0292,-2437.9685,6.8213,0.4212,54.894062,9.780133,108.3,5.845,1.85,335.95,54.894043,9.779886,54.895069,9.793790
1386930218,0,0,442.8,0,-1,-4,0,649,650,-0.0292,-2437.9685,6.8213,0.4212,54.894062,9.780133,108.3,5.845,1.85,335.95,54.894043,9.779886,54.895069,9.793790
1386930218,0,0,442.8,0,-1,-4,0,649,650,-0.0292,-2437.9685,6.8213,0.4212,54.894062,9.780133,108.3,5.845,1.85,335.95,54.894043,9.779886,54.895069,9.793790
1386930218,0,0,442.8,0,-1,-4,0,649,650,-0.0292,-2437.9685,6.8213,0.4212,54.894062,9.780133,108.3,5.845,1.85,335.95,54.894043,9.779886,54.895069,9.793790
1386930219,0,0,442.8,0,-1,-4,0,649,650,-0.0292,-2437.9685,6.8213,0.4212,54.894062,9.780133,108.3,5.845,1.85,335.95,54.894043,9.779886,54.895069,9.793790
1386930219,0,0,442.8,0,-1,-4,0,649,650,-0.0292,-2437.9685,6.8213,0.4212,54.894062,9.780133,108.3,5.845,1.85,335.95,54.894043,9.779886,54.895069,9.793790
1386930219,0,0,442.8,0,-1,-4,0,649,650,-0.0292,-2437.9685,6.8213,0.4212,54.894062,9.780133,108.3,5.845,1.85,335.95,54.894043,9.779886,54.895069,9.793790
1386930219,0,0,442.8,0,-1,-4,0,649,650,-0.0292,-2437.9685,6.8213,0.4212,54.894062,9.780133,108.3,5.845,1.85,335.95,54.894043,9.779886,54.895069,9.793790
1386930220,0,0,442.8,0,-1,-4,0,649,650,-0.0292,-2437.9685,6.8213,0.4212,54.894062,9.780133,108.3,5.845,1.85,335.95,54.894043,9.779886,54.895069,9.793790
1386930220,0,0,442.8,0,-1,-4,0,649,650,-0.0292,-2437.9685,6.8213,0.4212,54.894062,9.780133,108.3,5.845,1.85,335.95,54.894043,9.779886,54.895069,9.793790
1386930220,0,0,442.8,0,-1,-4,0,649,650,-0.0292,-2437.9685,6.8213,0.4212,54.894062,9.780133,108.3,5.845,1.85,335.95,54.894043,9.779886,54.895069,9.793790
1386930220,0,0,442.8,0,-1,-4,0,649,650,-0.0292,-2437.9685,6.8213,0.4212,54.894062,9.780133,108.3,5.845,1.85,335.95,54.894043,9.779886,54.895069,9.793790
1386930221,0,0,442.8,0,-1,-4,0,649,650,-0.0292,-2437.9685,6.8213,0.4212,54.894062,9.780133,108.3,5.845,1.85,335.95,54.894043,9.779886,54.895069,9.793790
1386930221,0,0,442.8,0,-1,-4,0,649,650,-0.0292,-2437.9685,6.8213,0.4212,54.894062,9.780133,108.3,5.845,1.85,335.95,54.894043,9.779886,54.895069,9.793790
1386930221,0,0,442.8,0,-1,-4,0,649,650,-0.0292,-2437.9685,6.8213,0.4212,54.894062,9.780133,108.3,5.845,1.85,335.95,54.894043,9.779886,54.895069,9.793790
1386930221,0,0,442.8,0,-1,-4,0,649,650,-0.0292,-2437.9685,6.8213,0.4212,54.894062,9.780133,108.3,5.845,1.85,335.95,54.894043,9.779886,54.895069,9.793790
1386930222,0,0,442.8,0,-1,-4,0,649,650,-0.0292,-2437.9685,6.8213,0.4212,54.894062,9.780133,108.3,5.845,1.85,335.95,54.894043,9.779886,54.895069,9.793790
1386930222,0,0,442.8,0,-1,-4,0,649,650,-0.0292,-2437.9685,6.8213,0.4212,54.894062,9.780133,108.3,5.845,1.85,335.95,54.894043,9.779886,54.895069,9.793790
1386930222,0,0,442.8,0,-1,-4,0,649,650,-0.0292,-2437.9685,6.8213,0.4212,54.894062,9.780133,108.3,5.845,1.85,335.95,54.894043,9.779886,54.895069,9.793790
1386930222,0,0,442.8,0,-1,-4,0,649,650,-0.0292,-2437.9685,6.8213,0.4212,54.894062,9.780133,108.3,5.845,1.85,335.95,54.894043,9.779886,54.895069,9.793790
1386930223,0,0,442.8,0,-1,-4,0,649,650,-0.0292,-2437.9685,6.8213,0.4212,54.894062,9.780133,108.3,5.845,1.85,335.95,54.894043,9.779886,54.895069,9.793790
1386930223,0,0,442.8,0,-1,-4,0,649,650,-0.0292,-2437.9685,6.8213,0.4212,54.894062,9.780133,108.3,5.845,1.85,335.95,54.894043,9.779886,54.895069,9.793790
1386930223,0,0,442.8,0,-1,-4,0,649,650,-0.0292,-2437.9685,6.8213,0.4212,54.894062,9.780133,108.3,5.845,1.85,335.95,54.894043,9.779886,54.895069,9.793790
1386930223,0,0,442.8,0,-1,-4,0,649,650,-0.0292,-2437.9685,6.8213,0.4212,54.894062,9.780133,108.3,5.845,1.85,335.95,54.894043,9.779886,54.895069,9.793790
1386930224,0,0,442.8,0,-1,-4,0,649,650,-0.0292,-2437.9685,6.8213,0.4212,54.894062,9.780133,108.3,5.845,1.85,335.95,54.894043,9.779886,54.895069,9.793790
1386930224,0,0,442.8,0,-1,-4,0,649,650,-0.0292,-2437.9685,6.8213,0.4212,54.894062,9.780133,108.3,5.845,1.85,335.95,54.894043,9.779886,54.895069,9.793790
1386930224,0,0,442.8,0,-1,-4,0,649,650,-0.0292,-2437.9685,6.8213,0.4212,54.894062,9.780133,108.3,5.845,1.85,335.95,54.894043,9.779886,54.895069,9.793790
1386930224,0,0,442.8,0,-1,-4,0,649,650,-0.0292,-2437.9685,6.8213,0.4212,54.894062,9.780133,108.3,5.845,1.85,335.95,54.894043,9.779886,54.895069,9.793790
1386930225,0,0,442.8,0,-1,-4,0,649,650,-0.0292,-2437.9685,6.8213,0.4212,54.894062,9.780133,108.3,5.845,1.85,335.95,54.894043,9.779886,54.895069,9.793790
1386930225,0,0,442.8,0,-1,-4,0,649,650,-0.0292,-2437.9685,6.8213,0.4212,54.894062,9.780133,108.3,5.845,1.85,335.95,54.894043,9.779886,54.895069,9.793790
1386930225,0,0,442.8,0,-1,-4,0,649,650,-0.0292,-2437.9685,6.8213,0.4212,54.894062,9.780133,108.3,5.845,1.85,335.95,54.894043,9.779886,54.895069,9.793790
1386930225,0,0,442.8,0,-1,-4,0,649,650,-0.0292,-2437.9685,6.8213,0.4212,54.894062,9.780133,108.3,5.845,1.85,335.95,54.894043,9.779886,54.895069,9.793790
1386930226,0,0,442.8,0,-1,-4,0,649,650,-0.0292,-2437.9685,6.8213,0.4212,54.894062,9.780133,108.3,5.845,1.85,335.95,54.894043,9.779886,54.895069,9.793790
1386930226,0,0,442.8,0,-1,-4,0,649,650,-0.0292,-2437.9685,6.8213,0.4212,54.894062,9.780133,108.3,5.845,1.85,335.95,54.894043,9.779886,54.895069,9.793790
1386930226,0,0,442.8,0,-1,-4,0,649,650,-0.0292,-2437.9685,6.8213,0.4212,54.894062,9.780133,108.3,5.845,1.85,335.95,54.894043,9.779886,54.895069,9.793790
1386930226,0,0,442.8,0,-1,-4,0,649,650,-0.0292,-2437.9685,6.8213,0.4212,54.894062,9.780133,108.3,5.845,1.85,335.95,54.894043,9.779886,54.895069,9.793790
1386930227,0,0,442.8,0,-1,-4,0,649,650,-0.0292,-2437.9685,6.8213,0.4212,54.894062,9.780133,108.3,5.845,1.85,335.95,54.894043,9.779886,54.895069,9.793790
1386930227,0,0,442.8,0,-1,-4,0,649,650,-0.0292,-2437.9685,6.8213,0.4212,54.894062,9.780133,108.3,5.845,1.85,335.95,54.894043,9.779886,54.895069,9.793790
1386930227,0,0,442.8,0,-1,-4,0,649,650,-0.0292,-2437.9685,6.8213,0.4212,54.894062,9.780133,108.3,5.845,1.85,335.95,54.894043,9.779886,54.895069,9.793790
1386930227,0,0,442.8,0,-1,-4,0,649,650,-0.0292,-2437.9685,6.8213,0.4212,54.894062,9.780133,108.3,5.845,1.85,335.95,54.894043,9.779886,54.895069,9.793790
1386930228,0,0,442.8,0,-1,-4,0,649,650,-0.0292,-2437.9685,6.8213,0.4212,54.894062,9.780133,108.3,5.845,1.85,335.95,54.894043,9.779886,54.895069,9.793790
1386930228,0,0,442.8,0,-1,-4,0,649,650,-0.0292,-2437.9685,6.8213,0.4212,54.894062,9.780133,108.3,5.845,1.85,335.95,54.894043,9.779886,54.895069,9.793790
1386930228,0,0,442.8,0,-1,-4,0,649,650,-0.0292,-2437.9685,6.8213,0.4212,54.894062,9.780133,108.3,5.845,1.85,335.95,54.894043,9.779886,54.895069,9.793790
1386930228,0,0,442.8,0,-1,-4,0,649,650,-0.0292,-2437.9685,6.8213,0.4212,54.894062,9.780133,108.3,5.845,1.85,335.95,54.894043,9.779886,54.895069,9.793790
1386930229,0,0,442.8,0,-1,-4,0,649,650,-0.0292,-2437.9685,6.8213,0.4212,54.894062,9.780133,108.3,5.845,1.85,335.95,54.894043,9.779886,54.895069,9.793790
1386930229,0,0,442.8,0,-1,-4,0,649,650,-0.0292,-2437.9685,6.8213,0.4212,54.894062,9.780133,108.3,5.845,1.85,335.95,54.894043,9.779886,54.895069,9.793790
1386930229,0,0,442.8,0,-1,-4,0,649,650,-0.0292,-2437.9685,6.8213,0.4212,54.894062,9.780133,108.3,5.845,1.85,335.95,54.894043,9.779886,54.895069,9.793790
1386930229,0,0,442.8,0,-1,-4,0,649,650,-0.0292,-2437.9685,6.8213,0.4212,54.894062,9.780133,108.3,5.845,1.85,335.95,54.894043,9.779886,54.895069,9.793790
1386930230,0,0,442.8,0,-1,-4,0,649,650,-0.0292,-2437.9685,6.8213,0.4212,54.894062,9.780133,108.3,5.845,1.85,335.95,54.894043,9.779886,54.895069,9.793790
1386930230,0,0,442.8,0,-1,-4,0,649,650,-0.0292,-2437.9685,6.8213,0.4212,54.894062,9.780133,108.3,5.845,1.85,335.95,54.894043,9.779886,54.895069,9.793790
1386930230,0,0,442.8,0,-1,-4,0,649,650,-0.0292,-2437.9685,6.8213,0.4212,54.894062,9.780133,108.3,5.845,1.85,335.95,54.894043,9.779886,54.895069,9.793790
1386930230,0,0,442.8,0,-1,-4,0,649,650,-0.0292,-2437.9685,6.8213,0.4212,54.894062,9.780133,108.3,5.845,1.85,335.95,54.894043,9.779886,54.895069,9.793790
1386930231,0,0,442.8,0,-1,-4,0,649,650,-0.0292,-2437.9685,6.8213,0.4212,54.894062,9.780133,108.3,5.845,1.85,335.95,54.894043,9.779886,54.895069,9.793790
1386930231,0,0,442.8,0,-1,-4,0,649,650,-0.0292,-2437.9685,6.8213,0.4212,54.894062,9.780133,108.3,5.845,1.85,335.95,54.894043,9.779886,54.895069,9.793790
1386930231,0,0,442.8,0,-1,-4,0,649,650,-0.0292,-2437.9685,6.8213,0.4212,54.894062,9.780133,108.3,5.845,1.85,335.95,54.894043,9.779886,54.895069,9.793790
1386930231,0,0,442.8,0,-1,-4,0,649,650,-0.0292,-2437.9685,6.8213,0.4212,54.894062,9.780133,108.3,5.845,1.85,335.95,54.894043,9.779886,54.895069,9.793790
1386930232,0,0,442.8,0,-1,-4,0,649,650,-0.0292,-2437.9685,6.8213,0.4212,54.894062,9.780133,108.3,5.845,1.85,335.95,54.894043,9.779886,54.895069,9.793790
1386930232,0,0,442.8,0,-1,-4,0,649,650,-0.0292,-2437.9685,6.8213,0.4212,54.894062,9.780133,108.3,5.845,1.85,335.95,54.894043,9.779886,54.895069,9.793790
1386930232,0,0,442.8,0,-1,-4,0,649,650,-0.0292,-2437.9685,6.8213,0.4212,54.894062,9.780133,108.3,5.845,1.85,335.95,54.894043,9.779886,54.895069,9.793790
1386930232,0,0,442.8,0,-1,-4,0,649,650,-0.0292,-2437.9685,6.8213,0.4212,54.894062,9.780133,108.3,5.845,1.85,335.95,54.894043,9.779886,54.895069,9.793790
1386930233,0,0,442.8,0,-1,-4,0,649,650,-0.0292,-2437.9685,6.8213,0.4212,54.894062,9.780133,108.3,5.845,1.85,335.95,54.894043,9.779886,54.895069,9.793790
1386930233,0,0,442.8,0,-1,-4,0,649,650,-0.0292,-2437.9685,6.8213,0.4212,54.894062,9.780133,108.3,5.845,1.85,335.95,54.894043,9.779886,54.895069,9.793790
1386930233,0,0,442.8,0,-1,-4,0,649,650,-0.0292,-2437.9685,6.8213,0.4212,54.894062,9.780133,108.3,5.845,1.85,335.95,54.894043,9.779886,54.895069,9.793790
1386930233,0,0,442.8,0,-1,-4,0,649,650,-0.0292,-2437.9685,6.8213,0.4212,54.894062,9.780133,108.3,5.845,1.85,335.95,54.894043,9.779886,54.895069,9.793790
1386930234,0,0,442.8,0,-1,-4,0,649,650,-0.0292,-2437.9685,6.8213,0.4212,54.894062,9.780133,108.3,5.845,1.85,335.95,54.894043,9.779886,54.895069,9.793790
1386930234,0,0,442.8,0,-1,-4,0,649,650,-0.0292,-2437.9685,6.8213,0.4212,54.894062,9.780133,108.3,5.845,1.85,335.95,54.894043,9.779886,54.895069,9.793790
1386930234,0,0,442.8,0,-1,-4,0,649,650,-0.0292,-2437.9685,6.8213,0.4212,54.894062,9.780133,108.3,5.845,1.85,335.95,54.894043,9.779886,54.895069,9.793790
1386930234,0,0,442.8,0,-1,-4,0,649,650,-0.0292,-2437.9685,6.8213,0.4212,54.894062,9.780133,108.3,5.845,1.85,335.95,54.894043,9.779886,54.895069,9.793790
1386930235,0,0,442.8,0,-1,-4,0,649,650,-0.0292,-2437.9685,6.8213,0.4212,54.894062,9.780133,108.3,5.845,1.85,335.95,54.894043,9.779886,54.895069,9.793790
1386930235,0,0,442.8,0,-1,-4,0,649,650,-0.0292,-2437.9685,6.8213,0.4212,54.894062,9.780133,108.3,5.845,1.85,335.95,54.894043,9.779886,54.895069,9.793790
1386930235,0,0,442.8,0,-1,-4,0,649,650,-0.0292,-2437.9685,6.8213,0.4212,54.894062,9.780133,108.3,5.845,1.85,335.95,54.894043,9.779886,54.895069,9.793790
1386930235,0,0,442.8,0,-1,-4,0,649,650,-0.0292,-2437.9685,6.8213,0.4212,54.894062,9.780133,108.3,5.845,1.85,335.95,54.894043,9.779886,54.895069,9.793790
1386930236,0,0,442.8,0,-1,-4,0,649,650,-0.0292,-2437.9685,6.8213,0.4212,54.894062,9.780133,108.3,5.845,1.85,335.95,54.894043,9.779886,54.895069,9.793790
1386930236,0,0,442.8,0,-1,-4,0,649,650,-0.0292,-2437.9685,6.8213,0.4212,54.894062,9.780133,108.3,5.845,1.85,335.95,54.894043,9.779886,54.895069,9.793790
1386930236,0,0,442.8,0,-1,-4,0,649,650,-0.0292,-2437.9685,6.8213,0.4212,54.894062,9.780133,108.3,5.845,1.85,335.95,54.894043,9.779886,54.895069,9.793790
1386930236,0,0,442.8,0,-1,-4,0,649,650,-0.0292,-2437.9685,6.8213,0.4212,54.894062,9.780133,108.3,5.845,1.85,335.95,54.894043,9.779886,54.895069,9.793790
1386930237,0,0,442.8,0,-1,-4,0,649,650,-0.0292,-2437.9685,6.8213,0.4212,54.894062,9.780133,108.3,5.845,1.85,335.95,54.894043,9.779886,54.895069,9.793790
1386930237,0,0,442.8,0,-1,-4,0,649,650,-0.0292,-2437.9685,6.8213,0.4212,54.894062,9.780133,108.3,5.845,1.85,335.95,54.894043,9.779886,54.895069,9.793790
1386930237,0,0,442.8,0,-1,-4,0,649,650,-0.0292,-2437.9685,6.8213,0.4212,54.894062,9.780133,108.3,5.845,1.85,335.95,54.894043,9.779886,54.895069,9.793790
1386930237,0,0,442.8,0,-1,-4,0,649,650,-0.0292,-2437.9685,6.8213,0.4212,54.894062,9.780133,108.3,5.845,1.85,335.95,54.894043,9.779886,54.895069,9.793790
1386930238,0,0,442.8,0,-1,-4,0,649,650,-0.0292,-2437.9685,6.8213,0.4212,54.894062,9.780133,108.3,5.845,1.85,335.95,54.894043,9.779886,54.895069,9.793790
1386930238,0,0,442.8,0,-1,-4,0,649,650,-0.0292,-2437.9685,6.8213,0.4212,54.894062,9.780133,108.3,5.845,1.85,335.95,54.894043,9.779886,54.895069,9.793790
1386930238,0,0,442.8,0,-1,-4,0,649,650,-0.0292,-2437.9685,6.8213,0.4212,54.894062,9.780133,108.3,5.845,1.85,335.95,54.894043,9.779886,54.895069,9.793790
1386930238,0,0,442.8,0,-1,-4,0,649,650,-0.0292,-2437.9685,6.8213,0.4212,54.894062,9.780133,108.3,5.845,1.85,335.95,54.894043,9.779886,54.895069,9.793790
1386930239,0,0,442.8,0,-1,-4,0,649,650,-0.0292,-2437.9685,6.8213,0.4212,54.894062,9.780133,108.3,5.845,1.85,335.95,54.894043,9.779886,54.895069,9.793790
1386930239,0,0,442.8,0,-1,-4,0,649,650,-0.0292,-2437.9685,6.8213,0.4212,54.894062,9.780133,108.3,5.845,1.85,335.95,54.894043,9.779886,54.895069,9.793790
1386930239,0,0,442.8,0,-1,-4,0,649,650,-0.0292,-2437.9685,6.8213,0.4212,54.894062,9.780133,108.3,5.845,1.85,335.95,54.894043,9.779886,54.895069,9.793790
1386930239,0,0,442.8,0,-1,-4,0,649,650,-0.0292,-2437.9685,6.8213,0.4212,54.894062,9.780133,108.3,5.845,1.85,335.95,54.894043,9.779886,54.895069,9.793790
1386930240,0,0,442.8,0,-1,-4,0,649,650,-0.0292,-2437.9685,6.8213,0.4212,54.894062,9.780133,108.3,5.845,1.85,335.95,54.894043,9.779886,54.895069,9.793790
1386930240,0,0,442.8,0,-1,-4,0,649,650,-0.0292,-2437.9685,6.8213,0.4212,54.894062,9.780133,108.3,5.845,1.85,335.95,54.894043,9.779886,54.895069,9.793790
1386930240,0,0,442.8,0,-1,-4,0,649,650,-0.0292,-2437.9685,6.8213,0.4212,54.894062,9.780133,108.3,5.845,1.85,335.95,54.894043,9.779886,54.895069,9.793790
1386930240,0,0,442.8,0,-1,-4,0,649,650,-0.0292,-2437.9685,6.8213,0.4212,54.894062,9.780133,108.3,5.845,1.85,335.95,54.894043,9.779886,54.895069,9.793790
1386930241,0,0,442.8,0,-1,-4,0,649,650,-0.0292,-2437.9685,6.8213,0.4212,54.894062,9.780133,108.3,5.845,1.85,335.95,54.894043,9.779886,54.895069,9.793790
1386930241,0,0,442.8,0,-1,-4,0,649,650,-0.0292,-2437.9685,6.8213,0.4212,54.894062,9.780133,108.3,5.845,1.85,335.95,54.894043,9.779886,54.895069,9.793790
