MCU_timestamp,Navigation_System,Manual_Control,Guidance_Heading,Manual_Ctrl_Rudder,Rudder_Desired_Angle,Rudder_Feedback,Manual_Ctrl_Sail,Sail_Desired_Pos,Sail_Feedback,Rate,Heading,Pitch,Roll,Latitude,Longitude,COG,SOG,Wind_Speed,Wind_Angle,Point_Start_Lat,Point_Start_Lon,Point_End_Lat,Point_End_Lon
1389919529,0,0,0.0,0,0,20,0,0,0,-0.0292,95.6255,6.8213,0.4212,54.896885,9.784269,108.3,5.845,1.85,335.95,0.000000,0.000000,0.000000,0.000000
1389919530,0,0,0.0,0,0,20,0,0,0,-0.0292,95.6255,6.8213,0.4212,54.896885,9.784269,108.3,5.845,1.85,335.95,0.000000,0.000000,0.000000,0.000000
1389919530,0,0,0.0,0,0,20,0,0,0,-0.0292,95.6255,6.8213,0.4212,54.896885,9.784269,108.3,5.845,1.85,335.95,0.000000,0.000000,0.000000,0.000000
1389919530,0,0,0.0,0,0,20,0,0,0,-0.0292,95.6255,6.8213,0.4212,54.896885,9.784269,108.3,5.845,1.85,335.95,0.000000,0.000000,0.000000,0.000000
1389919530,0,0,0.0,0,0,20,0,0,0,-0.0292,95.6255,6.8213,0.4212,54.896885,9.784269,108.3,5.845,1.85,335.95,0.000000,0.000000,0.000000,0.000000
1389919531,0,0,0.0,0,0,20,0,0,0,-0.0292,95.6255,6.8213,0.4212,54.896885,9.784269,108.3,5.845,1.85,335.95,0.000000,0.000000,0.000000,0.000000
1389919531,0,0,0.0,0,0,20,0,0,0,-0.0292,95.6255,6.8213,0.4212,54.896885,9.784269,108.3,5.845,1.85,335.95,0.000000,0.000000,0.000000,0.000000
1389919531,0,0,0.0,0,0,20,0,0,0,-0.0292,95.6255,6.8213,0.4212,54.896885,9.784269,108.3,5.845,1.85,335.95,0.000000,0.000000,0.000000,0.000000
1389919531,0,0,0.0,0,0,20,0,0,0,-0.0292,95.6255,6.8213,0.4212,54.896885,9.784269,108.3,5.845,1.85,335.95,0.000000,0.000000,0.000000,0.000000
1389919532,0,0,0.0,0,0,20,0,0,0,-0.0292,95.6255,6.8213,0.4212,54.896885,9.784269,108.3,5.845,1.85,335.95,0.000000,0.000000,0.000000,0.000000
1389919532,0,0,0.0,0,0,20,0,0,0,-0.0292,95.6255,6.8213,0.4212,54.896885,9.784269,108.3,5.845,1.85,335.95,0.000000,0.000000,0.000000,0.000000
1389919532,0,0,0.0,0,0,20,0,0,0,-0.0292,95.6255,6.8213,0.4212,54.896885,9.784269,108.3,5.845,1.85,335.95,0.000000,0.000000,0.000000,0.000000
1389919532,0,0,0.0,0,0,20,0,0,0,-0.0292,95.6255,6.8213,0.4212,54.896885,9.784269,108.3,5.845,1.85,335.95,0.000000,0.000000,0.000000,0.000000
1389919533,0,0,0.0,0,0,20,0,0,0,-0.0292,95.6255,6.8213,0.4212,54.896885,9.784269,108.3,5.845,1.85,335.95,0.000000,0.000000,0.000000,0.000000
1389919533,0,0,0.0,0,0,20,0,0,0,-0.0292,95.6255,6.8213,0.4212,54.896885,9.784269,108.3,5.845,1.85,335.95,0.000000,0.000000,0.000000,0.000000
1389919533,0,0,0.0,0,0,20,0,0,0,-0.0292,95.6255,6.8213,0.4212,54.896885,9.784269,108.3,5.845,1.85,335.95,0.000000,0.000000,0.000000,0.000000
1389919533,0,0,0.0,0,0,20,0,0,0,-0.0292,95.6255,6.8213,0.4212,54.896885,9.784269,108.3,5.845,1.85,335.95,0.000000,0.000000,0.000000,0.000000
1389919534,0,0,0.0,0,0,20,0,0,0,-0.0292,95.6255,6.8213,0.4212,54.896885,9.784269,108.3,5.845,1.85,335.95,0.000000,0.000000,0.000000,0.000000
1389919534,0,0,0.0,0,0,20,0,0,0,-0.0292,95.6255,6.8213,0.4212,54.896885,9.784269,108.3,5.845,1.85,335.95,0.000000,0.000000,0.000000,0.000000
1389919534,0,0,0.0,0,0,20,0,0,0,-0.0292,95.6255,6.8213,0.4212,54.896885,9.784269,108.3,5.845,1.85,335.95,0.000000,0.000000,0.000000,0.000000
1389919534,0,0,0.0,0,0,20,0,0,0,-0.0292,95.6255,6.8213,0.4212,54.896885,9.784269,108.3,5.845,1.85,335.95,0.000000,0.000000,0.000000,0.000000
1389919535,0,0,0.0,0,0,20,0,0,0,-0.0292,95.6255,6.8213,0.4212,54.896885,9.784269,108.3,5.845,1.85,335.95,0.000000,0.000000,0.000000,0.000000
1389919535,0,0,0.0,0,0,20,0,0,0,-0.0292,95.6255,6.8213,0.4212,54.896885,9.784269,108.3,5.845,1.85,335.95,0.000000,0.000000,0.000000,0.000000
1389919535,0,0,0.0,0,0,20,0,0,0,-0.0292,95.6255,6.8213,0.4212,54.896885,9.784269,108.3,5.845,1.85,335.95,0.000000,0.000000,0.000000,0.000000
1389919535,0,0,0.0,0,0,20,0,0,0,-0.0292,95.6255,6.8213,0.4212,54.896885,9.784269,108.3,5.845,1.85,335.95,0.000000,0.000000,0.000000,0.000000
1389919536,0,0,0.0,0,0,20,0,0,0,-0.0292,95.6255,6.8213,0.4212,54.896885,9.784269,108.3,5.845,1.85,335.95,0.000000,0.000000,0.000000,0.000000
1389919536,0,0,0.0,0,0,20,0,0,0,-0.0292,95.6255,6.8213,0.4212,54.896885,9.784269,108.3,5.845,1.85,335.95,0.000000,0.000000,0.000000,0.000000
1389919536,0,0,0.0,0,0,20,0,0,0,-0.0292,95.6255,6.8213,0.4212,54.896885,9.784269,108.3,5.845,1.85,335.95,0.000000,0.000000,0.000000,0.000000
1389919536,0,0,0.0,0,0,20,0,0,0,-0.0292,95.6255,6.8213,0.4212,54.896885,9.784269,108.3,5.845,1.85,335.95,0.000000,0.000000,0.000000,0.000000
1389919537,0,0,0.0,0,0,20,0,0,0,-0.0292,95.6255,6.8213,0.4212,54.896885,9.784269,108.3,5.845,1.85,335.95,0.000000,0.000000,0.000000,0.000000
1389919537,0,0,0.0,0,0,20,0,0,0,-0.0292,95.6255,6.8213,0.4212,54.896885,9.784269,108.3,5.845,1.85,335.95,0.000000,0.000000,0.000000,0.000000
1389919537,0,0,0.0,0,0,20,0,0,0,-0.0292,95.6255,6.8213,0.4212,54.896885,9.784269,108.3,5.845,1.85,335.95,0.000000,0.000000,0.000000,0.000000
1389919537,0,0,0.0,0,0,20,0,0,0,-0.0292,95.6255,6.8213,0.4212,54.896885,9.784269,108.3,5.845,1.85,335.95,0.000000,0.000000,0.000000,0.000000
1389919538,0,0,0.0,0,0,20,0,0,0,-0.0292,95.6255,6.8213,0.4212,54.896885,9.784269,108.3,5.845,1.85,335.95,0.000000,0.000000,0.000000,0.000000
1389919538,0,0,0.0,0,0,20,0,0,0,-0.0292,95.6255,6.8213,0.4212,54.896885,9.784269,108.3,5.845,1.85,335.95,0.000000,0.000000,0.000000,0.000000
1389919538,0,0,0.0,0,0,20,0,0,0,-0.0292,95.6255,6.8213,0.4212,54.896885,9.784269,108.3,5.845,1.85,335.95,0.000000,0.000000,0.000000,0.000000
1389919538,0,0,0.0,0,0,20,0,0,0,-0.0292,95.6255,6.8213,0.4212,54.896885,9.784269,108.3,5.845,1.85,335.95,0.000000,0.000000,0.000000,0.000000
1389919539,0,0,0.0,0,0,20,0,0,0,-0.0292,95.6255,6.8213,0.4212,54.896885,9.784269,108.3,5.845,1.85,335.95,0.000000,0.000000,0.000000,0.000000
1389919539,0,0,0.0,0,0,20,0,0,0,-0.0292,95.6255,6.8213,0.4212,54.896885,9.784269,108.3,5.845,1.85,335.95,0.000000,0.000000,0.000000,0.000000
1389919539,0,0,0.0,0,0,20,0,0,0,-0.0292,95.6255,6.8213,0.4212,54.896885,9.784269,108.3,5.845,1.85,335.95,0.000000,0.000000,0.000000,0.000000
1389919539,0,0,0.0,0,0,20,0,0,0,-0.0292,95.6255,6.8213,0.4212,54.896885,9.784269,108.3,5.845,1.85,335.95,0.000000,0.000000,0.000000,0.000000
1389919540,0,0,0.0,0,0,20,0,0,0,-0.0292,95.6255,6.8213,0.4212,54.896885,9.784269,108.3,5.845,1.85,335.95,0.000000,0.000000,0.000000,0.000000
1389919540,0,0,0.0,0,0,20,0,0,0,-0.0292,95.6255,6.8213,0.4212,54.896885,9.784269,108.3,5.845,1.85,335.95,0.000000,0.000000,0.000000,0.000000
1389919540,0,0,0.0,0,0,20,0,0,0,-0.0292,95.6255,6.8213,0.4212,54.896885,9.784269,108.3,5.845,1.85,335.95,0.000000,0.000000,0.000000,0.000000
1389919540,0,0,0.0,0,0,20,0,0,0,-0.0292,95.6255,6.8213,0.4212,54.896885,9.784269,108.3,5.845,1.85,335.95,0.000000,0.000000,0.000000,0.000000
1389919541,0,0,0.0,0,0,20,0,0,0,-0.0292,95.6255,6.8213,0.4212,54.896885,9.784269,108.3,5.845,1.85,335.95,0.000000,0.000000,0.000000,0.000000
