MCU_timestamp,Navigation_System,Manual_Control,Guidance_Heading,Manual_Ctrl_Rudder,Rudder_Desired_Angle,Rudder_Feedback,Manual_Ctrl_Sail,Sail_Desired_Pos,Sail_Feedback,Rate,Heading,Pitch,Roll,Latitude,Longitude,COG,SOG,Wind_Speed,Wind_Angle,Point_Start_Lat,Point_Start_Lon,Point_End_Lat,Point_End_Lon
1386888095,1,0,485.9,0,0,4,0,713,100,-0.0292,126.2903,6.8213,0.4212,54.883221,9.784223,108.3,5.845,1.85,335.95,54.883232,9.784198,0.000000,0.000000
1386888095,1,0,485.9,0,0,0,0,713,125,-0.0292,126.2903,6.8213,0.4212,54.883209,9.784248,108.3,5.845,1.85,335.95,54.883232,9.784198,0.000000,0.000000
1386888095,1,0,485.9,0,0,4,0,713,150,-0.0292,126.2903,6.8213,0.4212,54.883202,9.784273,108.3,5.845,1.85,335.95,54.883232,9.784198,0.000000,0.000000
1386888096,1,0,485.9,0,0,0,0,713,175,-0.0292,126.2903,6.8213,0.4212,54.883190,9.784298,108.3,5.845,1.85,335.95,54.883232,9.784198,0.000000,0.000000
1386888096,1,0,485.9,0,0,4,0,713,200,-0.0292,126.2903,6.8213,0.4212,54.883179,9.784323,108.3,5.845,1.85,335.95,54.883232,9.784198,0.000000,0.000000
1386888096,1,0,485.9,0,0,0,0,713,225,-0.0292,126.2903,6.8213,0.4212,54.883167,9.784348,108.3,5.845,1.85,335.95,54.883232,9.784198,0.000000,0.000000
1386888096,1,0,485.9,0,0,4,0,713,250,-0.0292,126.2903,6.8213,0.4212,54.883156,9.784373,108.3,5.845,1.85,335.95,54.883232,9.784198,0.000000,0.000000
1386888097,1,0,485.9,0,0,0,0,713,275,-0.0292,126.2903,6.8213,0.4212,54.883144,9.784398,108.3,5.845,1.85,335.95,54.883232,9.784198,0.000000,0.000000
1386888097,1,0,485.9,0,0,4,0,713,300,-0.0292,126.2903,6.8213,0.4212,54.883133,9.784424,108.3,5.845,1.85,335.95,54.883232,9.784198,0.000000,0.000000
1386888097,1,0,485.9,0,0,0,0,713,325,-0.0292,126.2903,6.8213,0.4212,54.883121,9.784449,108.3,5.845,1.85,335.95,54.883232,9.784198,0.000000,0.000000
1386888097,1,0,485.9,0,0,4,0,713,350,-0.0292,126.2903,6.8213,0.4212,54.883110,9.784473,108.3,5.845,1.85,335.95,54.883232,9.784198,0.000000,0.000000
1386888098,1,0,485.9,0,0,0,0,713,375,-0.0292,126.2903,6.8213,0.4212,54.883099,9.784499,108.3,5.845,1.85,335.95,54.883232,9.784198,0.000000,0.000000
1386888098,1,0,485.9,0,0,4,0,713,400,-0.0292,126.2903,6.8213,0.4212,54.883087,9.784524,108.3,5.845,1.85,335.95,54.883232,9.784198,0.000000,0.000000
1386888098,1,0,485.9,0,0,0,0,713,425,-0.0292,126.2903,6.8213,0.4212,54.883080,9.784550,108.3,5.845,1.85,335.95,54.883232,9.784198,0.000000,0.000000
1386888098,1,0,485.9,0,0,4,0,713,450,-0.0292,126.2903,6.8213,0.4212,54.883068,9.784575,108.3,5.845,1.85,335.95,54.883232,9.784198,0.000000,0.000000
1386888099,1,0,485.9,0,0,0,0,713,475,-0.0292,126.2903,6.8213,0.4212,54.883057,9.784599,108.3,5.845,1.85,335.95,54.883232,9.784198,0.000000,0.000000
1386888099,1,0,485.9,0,0,4,0,713,500,-0.0292,126.2903,6.8213,0.4212,54.883045,9.784625,108.3,5.845,1.85,335.95,54.883232,9.784198,0.000000,0.000000
1386888099,1,0,485.9,0,0,0,0,713,525,-0.0292,126.2903,6.8213,0.4212,54.883034,9.784650,108.3,5.845,1.85,335.95,54.883232,9.784198,0.000000,0.000000
1386888099,1,0,485.9,0,0,4,0,713,550,-0.0292,126.2903,6.8213,0.4212,54.883022,9.784676,108.3,5.845,1.85,335.95,54.883232,9.784198,0.000000,0.000000
