MCU_timestamp,Navigation_System,Manual_Control,Guidance_Heading,Manual_Ctrl_Rudder,Rudder_Desired_Angle,Rudder_Feedback,Manual_Ctrl_Sail,Sail_Desired_Pos,Sail_Feedback,Rate,Heading,Pitch,Roll,Latitude,Longitude,COG,SOG,Wind_Speed,Wind_Angle,Point_Start_Lat,Point_Start_Lon,Point_End_Lat,Point_End_Lon
1390059264,0,0,0.0,0,0,4,0,0,0,-0.0292,170.2922,6.8213,0.4212,54.881306,9.786654,108.3,5.845,1.85,335.95,0.000000,0.000000,0.000000,0.000000
1390059265,0,0,0.0,0,0,4,0,0,0,-0.0292,170.2922,6.8213,0.4212,54.881306,9.786654,108.3,5.845,1.85,335.95,0.000000,0.000000,0.000000,0.000000
1390059265,0,0,0.0,0,0,4,0,0,0,-0.0292,170.2922,6.8213,0.4212,54.881306,9.786654,108.3,5.845,1.85,335.95,0.000000,0.000000,0.000000,0.000000
1390059265,0,0,0.0,0,0,4,0,0,0,-0.0292,170.2922,6.8213,0.4212,54.881306,9.786654,108.3,5.845,1.85,335.95,0.000000,0.000000,0.000000,0.000000
1390059265,0,0,0.0,0,0,4,0,0,0,-0.0292,170.2922,6.8213,0.4212,54.881306,9.786654,108.3,5.845,1.85,335.95,0.000000,0.000000,0.000000,0.000000
1390059266,0,0,0.0,0,0,4,0,0,0,-0.0292,170.2922,6.8213,0.4212,54.881306,9.786654,108.3,5.845,1.85,335.95,0.000000,0.000000,0.000000,0.000000
1390059266,0,0,0.0,0,0,4,0,0,0,-0.0292,170.2922,6.8213,0.4212,54.881306,9.786654,108.3,5.845,1.85,335.95,0.000000,0.000000,0.000000,0.000000
1390059266,0,0,0.0,0,0,4,0,0,0,-0.0292,170.2922,6.8213,0.4212,54.881306,9.786654,108.3,5.845,1.85,335.95,0.000000,0.000000,0.000000,0.000000
1390059266,0,0,0.0,0,0,4,0,0,0,-0.0292,170.2922,6.8213,0.4212,54.881306,9.786654,108.3,5.845,1.85,335.95,0.000000,0.000000,0.000000,0.000000
1390059267,0,0,0.0,0,0,4,0,0,0,-0.0292,170.2922,6.8213,0.4212,54.881306,9.786654,108.3,5.845,1.85,335.95,0.000000,0.000000,0.000000,0.000000
1390059267,0,0,0.0,0,0,4,0,0,0,-0.0292,170.2922,6.8213,0.4212,54.881306,9.786654,108.3,5.845,1.85,335.95,0.000000,0.000000,0.000000,0.000000
1390059267,0,0,0.0,0,0,4,0,0,0,-0.0292,170.2922,6.8213,0.4212,54.881306,9.786654,108.3,5.845,1.85,335.95,0.000000,0.000000,0.000000,0.000000
1390059267,0,0,0.0,0,0,4,0,0,0,-0.0292,170.2922,6.8213,0.4212,54.881306,9.786654,108.3,5.845,1.85,335.95,0.000000,0.000000,0.000000,0.000000
1390059268,0,0,0.0,0,0,4,0,0,0,-0.0292,170.2922,6.8213,0.4212,54.881306,9.786654,108.3,5.845,1.85,335.95,0.000000,0.000000,0.000000,0.000000
1390059268,0,0,0.0,0,0,4,0,0,0,-0.0292,170.2922,6.8213,0.4212,54.881306,9.786654,108.3,5.845,1.85,335.95,0.000000,0.000000,0.000000,0.000000
1390059268,0,0,0.0,0,0,4,0,0,0,-0.0292,170.2922,6.8213,0.4212,54.881306,9.786654,108.3,5.845,1.85,335.95,0.000000,0.000000,0.000000,0.000000
1390059268,0,0,0.0,0,0,4,0,0,0,-0.0292,170.2922,6.8213,0.4212,54.881306,9.786654,108.3,5.845,1.85,335.95,0.000000,0.000000,0.000000,0.000000
1390059269,0,0,0.0,0,0,4,0,0,0,-0.0292,170.2922,6.8213,0.4212,54.881306,9.786654,108.3,5.845,1.85,335.95,0.000000,0.000000,0.000000,0.000000
1390059269,0,0,0.0,0,0,4,0,0,0,-0.0292,170.2922,6.8213,0.4212,54.881306,9.786654,108.3,5.845,1.85,335.95,0.000000,0.000000,0.000000,0.000000
1390059269,0,0,0.0,0,0,4,0,0,0,-0.0292,170.2922,6.8213,0.4212,54.881306,9.786654,108.3,5.845,1.85,335.95,0.000000,0.000000,0.000000,0.000000
1390059269,0,0,0.0,0,0,4,0,0,0,-0.0292,170.2922,6.8213,0.4212,54.881306,9.786654,108.3,5.845,1.85,335.95,0.000000,0.000000,0.000000,0.000000
1390059270,0,0,0.0,0,0,4,0,0,0,-0.0292,170.2922,6.8213,0.4212,54.881306,9.786654,108.3,5.845,1.85,335.95,0.000000,0.000000,0.000000,0.000000
1390059270,0,0,0.0,0,0,4,0,0,0,-0.0292,170.2922,6.8213,0.4212,54.881306,9.786654,108.3,5.845,1.85,335.95,0.000000,0.000000,0.000000,0.000000
1390059270,0,0,0.0,0,0,4,0,0,0,-0.0292,170.2922,6.8213,0.4212,54.881306,9.786654,108.3,5.845,1.85,335.95,0.000000,0.000000,0.000000,0.000000
1390059270,0,0,0.0,0,0,4,0,0,0,-0.0292,170.2922,6.8213,0.4212,54.881306,9.786654,108.3,5.845,1.85,335.95,0.000000,0.000000,0.000000,0.000000
1390059271,0,0,0.0,0,0,4,0,0,0,-0.0292,170.2922,6.8213,0.4212,54.881306,9.786654,108.3,5.845,1.85,335.95,0.000000,0.000000,0.000000,0.000000
1390059271,4,0,0.0,0,0,4,0,0,0,-0.0292,170.2922,6.8213,0.4212,54.881306,9.786654,108.3,5.845,1.85,335.95,0.000000,0.000000,0.000000,0.000000
1390059271,1,0,0.0,0,-10,0,0,713,700,-0.0292,173.6255,6.8213,0.4212,54.881287,9.786658,108.3,5.845,1.85,335.95,54.895069,9.793790,54.895348,9.797490
1390059271,1,0,0.0,0,4,4,0,713,750,-0.0292,172.2922,6.8213,0.4212,54.881268,9.786663,108.3,5.845,1.85,335.95,54.895348,9.797490,54.894039,9.801540
1390059272,1,0,0.0,0,2,0,0,713,700,-0.0292,171.6255,6.8213,0.4212,54.881252,9.786668,108.3,5.845,1.85,335.95,54.894039,9.801540,54.893795,9.802299
1390059272,1,0,0.0,0,2,4,0,713,750,-0.0292,170.9589,6.8213,0.4212,54.881233,9.786674,108.3,5.845,1.85,335.95,54.893795,9.802299,54.893364,9.803688
1390059272,1,0,0.0,0,1,0,0,713,700,-0.0292,170.6255,6.8213,0.4212,54.881214,9.786678,108.3,5.845,1.85,335.95,54.893364,9.803688,54.892704,9.801139
1390059272,1,0,0.0,0,1,4,0,713,750,-0.0292,170.2922,6.8213,0.4212,54.881199,9.786683,108.3,5.845,1.85,335.95,54.892704,9.801139,54.891663,9.800174
1390059273,1,0,0.0,0,0,0,0,713,700,-0.0292,170.2922,6.8213,0.4212,54.881180,9.786688,108.3,5.845,1.85,335.95,54.891663,9.800174,54.892929,9.805077
1390059273,1,0,0.0,0,0,4,0,713,750,-0.0292,170.2922,6.8213,0.4212,54.881161,9.786693,108.3,5.845,1.85,335.95,54.892929,9.805077,54.892498,9.806466
1390059273,1,0,0.0,0,0,0,0,713,700,-0.0292,170.2922,6.8213,0.4212,54.881142,9.786697,108.3,5.845,1.85,335.95,54.892498,9.806466,54.891232,9.801563
1390059273,1,0,0.0,0,0,4,0,713,750,-0.0292,170.2922,6.8213,0.4212,54.881126,9.786703,108.3,5.845,1.85,335.95,54.891232,9.801563,54.890800,9.802953
1390059274,1,0,0.0,0,0,0,0,713,700,-0.0292,170.2922,6.8213,0.4212,54.881107,9.786709,108.3,5.845,1.85,335.95,54.890800,9.802953,54.891651,9.806246
1390059274,1,0,0.0,0,0,4,0,713,750,-0.0292,170.2922,6.8213,0.4212,54.881088,9.786715,108.3,5.845,1.85,335.95,54.891651,9.806246,54.890560,9.805087
1390059274,1,0,0.0,0,0,0,0,713,700,-0.0292,170.2922,6.8213,0.4212,54.881069,9.786720,108.3,5.845,1.85,335.95,54.890560,9.805087,54.890366,9.804342
1390059274,1,0,0.0,0,0,4,0,713,750,-0.0292,170.2922,6.8213,0.4212,54.881054,9.786725,108.3,5.845,1.85,335.95,54.890366,9.804342,54.890846,9.801930
1390059275,1,0,0.0,0,0,0,0,713,700,-0.0292,170.2922,6.8213,0.4212,54.881035,9.786730,108.3,5.845,1.85,335.95,54.890846,9.801930,54.889477,9.798280
1390059275,1,0,0.0,0,0,4,0,713,750,-0.0292,170.2922,6.8213,0.4212,54.881016,9.786735,108.3,5.845,1.85,335.95,54.889477,9.798280,54.891819,9.794550
1390059275,1,0,0.0,0,0,0,0,713,700,-0.0292,170.2922,6.8213,0.4212,54.880997,9.786739,108.3,5.845,1.85,335.95,54.891819,9.794550,54.895348,9.797490
1390059275,1,0,0.0,0,0,4,0,713,750,-0.0292,170.2922,6.8213,0.4212,54.880981,9.786745,108.3,5.845,1.85,335.95,54.895348,9.797490,54.895069,9.793790
1390059276,1,0,0.0,0,0,0,0,713,700,-0.0292,170.2922,6.8213,0.4212,54.880962,9.786751,108.3,5.845,1.85,335.95,54.895348,9.797490,54.895069,9.793790
1390059276,3,0,0.0,0,0,4,0,713,750,-0.0292,170.2922,6.8213,0.4212,54.880943,9.786757,108.3,5.845,1.85,335.95,54.895348,9.797490,54.880962,9.786751
1390059276,3,0,0.0,0,0,0,0,713,700,-0.0292,170.2922,6.8213,0.4212,54.880928,9.786762,108.3,5.845,1.85,335.95,54.895348,9.797490,54.880962,9.786751
1390059276,3,0,0.0,0,0,4,0,713,750,-0.0292,170.2922,6.8213,0.4212,54.880909,9.786767,108.3,5.845,1.85,335.95,54.895348,9.797490,54.880962,9.786751
1390059277,3,0,0.0,0,0,0,0,713,700,-0.0292,170.2922,6.8213,0.4212,54.880890,9.786772,108.3,5.845,1.85,335.95,54.895348,9.797490,54.880962,9.786751
1390059277,3,0,0.0,0,0,4,0,713,750,-0.0292,170.2922,6.8213,0.4212,54.880871,9.786777,108.3,5.845,1.85,335.95,54.895348,9.797490,54.880962,9.786751
1390059277,3,0,0.0,0,0,0,0,713,700,-0.0292,170.2922,6.8213,0.4212,54.880856,9.786781,108.3,5.845,1.85,335.95,54.895348,9.797490,54.880962,9.786751
1390059277,3,0,0.0,0,0,4,0,713,750,-0.0292,170.2922,6.8213,0.4212,54.880836,9.786787,108.3,5.845,1.85,335.95,54.895348,9.797490,54.880962,9.786751
1390059278,3,0,0.0,0,0,0,0,713,700,-0.0292,170.2922,6.8213,0.4212,54.880817,9.786793,108.3,5.845,1.85,335.95,54.895348,9.797490,54.880962,9.786751
1390059278,3,0,0.0,0,0,4,0,713,750,-0.0292,170.2922,6.8213,0.4212,54.880798,9.786798,108.3,5.845,1.85,335.95,54.895348,9.797490,54.880962,9.786751
1390059278,3,0,0.0,0,0,0,0,713,700,-0.0292,170.2922,6.8213,0.4212,54.880783,9.786804,108.3,5.845,1.85,335.95,54.895348,9.797490,54.880962,9.786751
1390059278,3,0,0.0,0,0,4,0,713,750,-0.0292,170.2922,6.8213,0.4212,54.880764,9.786809,108.3,5.845,1.85,335.95,54.895348,9.797490,54.880962,9.786751
1390059279,3,0,0.0,0,0,0,0,713,700,-0.0292,170.2922,6.8213,0.4212,54.880745,9.786814,108.3,5.845,1.85,335.95,54.895348,9.797490,54.880962,9.786751
1390059279,3,0,0.0,0,0,4,0,713,750,-0.0292,170.2922,6.8213,0.4212,54.880726,9.786819,108.3,5.845,1.85,335.95,54.895348,9.797490,54.880962,9.786751
1390059279,3,0,0.0,0,0,0,0,713,700,-0.0292,170.2922,6.8213,0.4212,54.880711,9.786823,108.3,5.845,1.85,335.95,54.895348,9.797490,54.880962,9.786751
1390059279,3,0,0.0,0,0,4,0,713,750,-0.0292,170.2922,6.8213,0.4212,54.880692,9.786829,108.3,5.845,1.85,335.95,54.895348,9.797490,54.880962,9.786751
1390059280,3,0,0.0,0,0,0,0,713,700,-0.0292,170.2922,6.8213,0.4212,54.880672,9.786835,108.3,5.845,1.85,335.95,54.895348,9.797490,54.880962,9.786751
1390059280,3,0,0.0,0,0,4,0,713,750,-0.0292,170.2922,6.8213,0.4212,54.880657,9.786840,108.3,5.845,1.85,335.95,54.895348,9.797490,54.880962,9.786751
1390059280,3,0,0.0,0,0,0,0,713,700,-0.0292,170.2922,6.8213,0.4212,54.880638,9.786846,108.3,5.845,1.85,335.95,54.895348,9.797490,54.880962,9.786751
1390059280,3,0,0.0,0,0,4,0,713,750,-0.0292,170.2922,6.8213,0.4212,54.880619,9.786851,108.3,5.845,1.85,335.95,54.895348,9.797490,54.880962,9.786751
1390059281,3,0,0.0,0,0,0,0,713,700,-0.0292,170.2922,6.8213,0.4212,54.880600,9.786856,108.3,5.845,1.85,335.95,54.895348,9.797490,54.880962,9.786751
1390059281,3,0,0.0,0,0,4,0,713,750,-0.0292,170.2922,6.8213,0.4212,54.880585,9.786860,108.3,5.845,1.85,335.95,54.895348,9.797490,54.880962,9.786751
1390059281,3,0,0.0,0,0,0,0,713,700,-0.0292,170.2922,6.8213,0.4212,54.880566,9.786865,108.3,5.845,1.85,335.95,54.895348,9.797490,54.880962,9.786751
1390059281,3,0,0.0,0,0,4,0,713,750,-0.0292,170.2922,6.8213,0.4212,54.880547,9.786870,108.3,5.845,1.85,335.95,54.895348,9.797490,54.880962,9.786751
1390059282,3,0,0.0,0,0,0,0,713,700,-0.0292,170.2922,6.8213,0.4212,54.880527,9.786876,108.3,5.845,1.85,335.95,54.895348,9.797490,54.880962,9.786751
1390059282,3,0,0.0,0,0,4,0,713,750,-0.0292,170.2922,6.8213,0.4212,54.880512,9.786881,108.3,5.845,1.85,335.95,54.895348,9.797490,54.880962,9.786751
1390059282,3,0,0.0,0,0,0,0,713,700,-0.0292,170.2922,6.8213,0.4212,54.880493,9.786887,108.3,5.845,1.85,335.95,54.895348,9.797490,54.880962,9.786751
1390059282,3,0,0.0,0,0,4,0,713,750,-0.0292,170.2922,6.8213,0.4212,54.880474,9.786892,108.3,5.845,1.85,335.95,54.895348,9.797490,54.880962,9.786751
1390059283,3,0,0.0,0,0,0,0,713,700,-0.0292,170.2922,6.8213,0.4212,54.880455,9.786897,108.3,5.845,1.85,335.95,54.895348,9.797490,54.880962,9.786751
1390059283,3,0,0.0,0,0,4,0,713,750,-0.0292,170.2922,6.8213,0.4212,54.880440,9.786901,108.3,5.845,1.85,335.95,54.895348,9.797490,54.880962,9.786751
1390059283,3,0,0.0,0,0,0,0,713,700,-0.0292,170.2922,6.8213,0.4212,54.880421,9.786906,108.3,5.845,1.85,335.95,54.895348,9.797490,54.880962,9.786751
1390059283,3,0,0.0,0,0,4,0,713,750,-0.0292,170.2922,6.8213,0.4212,54.880402,9.786911,108.3,5.845,1.85,335.95,54.895348,9.797490,54.880962,9.786751
1390059284,3,0,0.0,0,0,0,0,713,700,-0.0292,170.2922,6.8213,0.4212,54.880386,9.786917,108.3,5.845,1.85,335.95,54.895348,9.797490,54.880962,9.786751
1390059284,3,0,0.0,0,0,4,0,713,750,-0.0292,170.2922,6.8213,0.4212,54.880367,9.786922,108.3,5.845,1.85,335.95,54.895348,9.797490,54.880962,9.786751
1390059284,3,0,0.0,0,0,0,0,713,700,-0.0292,170.2922,6.8213,0.4212,54.880348,9.786928,108.3,5.845,1.85,335.95,54.895348,9.797490,54.880962,9.786751
1390059284,3,0,0.0,0,0,4,0,713,750,-0.0292,170.2922,6.8213,0.4212,54.880329,9.786934,108.3,5.845,1.85,335.95,54.895348,9.797490,54.880962,9.786751
1390059285,3,0,0.0,0,0,0,0,713,700,-0.0292,170.2922,6.8213,0.4212,54.880314,9.786939,108.3,5.845,1.85,335.95,54.895348,9.797490,54.880962,9.786751
1390059285,3,0,0.0,0,0,4,0,713,750,-0.0292,170.2922,6.8213,0.4212,54.880295,9.786943,108.3,5.845,1.85,335.95,54.895348,9.797490,54.880962,9.786751
1390059285,3,0,0.0,0,0,0,0,713,700,-0.0292,170.2922,6.8213,0.4212,54.880276,9.786948,108.3,5.845,1.85,335.95,54.895348,9.797490,54.880962,9.786751
1390059285,3,0,0.0,0,0,4,0,713,750,-0.0292,170.2922,6.8213,0.4212,54.880257,9.786953,108.3,5.845,1.85,335.95,54.895348,9.797490,54.880962,9.786751
1390059286,3,0,0.0,0,0,0,0,713,700,-0.0292,170.2922,6.8213,0.4212,54.880241,9.786959,108.3,5.845,1.85,335.95,54.895348,9.797490,54.880962,9.786751
1390059286,3,0,0.0,0,0,4,0,713,750,-0.0292,170.2922,6.8213,0.4212,54.880222,9.786964,108.3,5.845,1.85,335.95,54.895348,9.797490,54.880962,9.786751
1390059286,3,0,0.0,0,0,0,0,713,700,-0.0292,170.2922,6.8213,0.4212,54.880203,9.786970,108.3,5.845,1.85,335.95,54.895348,9.797490,54.880962,9.786751
1390059286,3,0,0.0,0,0,4,0,713,750,-0.0292,170.2922,6.8213,0.4212,54.880184,9.786976,108.3,5.845,1.85,335.95,54.895348,9.797490,54.880962,9.786751
1390059287,3,0,0.0,0,0,0,0,713,700,-0.0292,170.2922,6.8213,0.4212,54.880169,9.786981,108.3,5.845,1.85,335.95,54.895348,9.797490,54.880962,9.786751
1390059287,3,0,0.0,0,0,4,0,713,750,-0.0292,170.2922,6.8213,0.4212,54.880150,9.786985,108.3,5.845,1.85,335.95,54.895348,9.797490,54.880962,9.786751
1390059287,3,0,0.0,0,0,0,0,713,700,-0.0292,170.2922,6.8213,0.4212,54.880131,9.786990,108.3,5.845,1.85,335.95,54.895348,9.797490,54.880962,9.786751
1390059287,3,0,0.0,0,0,4,0,713,750,-0.0292,170.2922,6.8213,0.4212,54.880112,9.786995,108.3,5.845,1.85,335.95,54.895348,9.797490,54.880962,9.786751
1390059288,3,0,0.0,0,0,0,0,713,700,-0.0292,170.2922,6.8213,0.4212,54.880096,9.787001,108.3,5.845,1.85,335.95,54.895348,9.797490,54.880962,9.786751
1390059288,3,0,0.0,0,0,4,0,713,750,-0.0292,170.2922,6.8213,0.4212,54.880077,9.787006,108.3,5.845,1.85,335.95,54.895348,9.797490,54.880962,9.786751
1390059288,0,0,0.0,0,0,4,0,713,750,-0.0292,170.2922,6.8213,0.4212,54.880077,9.787006,108.3,5.845,1.85,335.95,54.895348,9.797490,54.880962,9.786751
1390059288,0,0,0.0,0,0,4,0,713,750,-0.0292,170.2922,6.8213,0.4212,54.880077,9.787006,108.3,5.845,1.85,335.95,54.895348,9.797490,54.880962,9.786751
1390059289,0,0,0.0,0,0,4,0,713,750,-0.0292,170.2922,6.8213,0.4212,54.880077,9.787006,108.3,5.845,1.85,335.95,54.895348,9.797490,54.880962,9.786751
1390059289,0,0,0.0,0,0,4,0,713,750,-0.0292,170.2922,6.8213,0.4212,54.880077,9.787006,108.3,5.845,1.85,335.95,54.895348,9.797490,54.880962,9.786751
1390059289,0,0,0.0,0,0,4,0,713,750,-0.0292,170.2922,6.8213,0.4212,54.880077,9.787006,108.3,5.845,1.85,335.95,54.895348,9.797490,54.880962,9.786751
1390059289,0,0,0.0,0,0,4,0,713,750,-0.0292,170.2922,6.8213,0.4212,54.880077,9.787006,108.3,5.845,1.85,335.95,54.895348,9.797490,54.880962,9.786751
1390059290,0,0,0.0,0,0,4,0,713,750,-0.0292,170.2922,6.8213,0.4212,54.880077,9.787006,108.3,5.845,1.85,335.95,54.895348,9.797490,54.880962,9.786751
1390059290,0,0,0.0,0,0,4,0,713,750,-0.0292,170.2922,6.8213,0.4212,54.880077,9.787006,108.3,5.845,1.85,335.95,54.895348,9.797490,54.880962,9.786751
1390059290,0,0,0.0,0,0,4,0,713,750,-0.0292,170.2922,6.8213,0.4212,54.880077,9.787006,108.3,5.845,1.85,335.95,54.895348,9.797490,54.880962,9.786751
1390059290,0,0,0.0,0,0,4,0,713,750,-0.0292,170.2922,6.8213,0.4212,54.880077,9.787006,108.3,5.845,1.85,335.95,54.895348,9.797490,54.880962,9.786751
1390059291,0,0,0.0,0,0,4,0,713,750,-0.0292,170.2922,6.8213,0.4212,54.880077,9.787006,108.3,5.845,1.85,335.95,54.895348,9.797490,54.880962,9.786751
1390059291,0,0,0.0,0,0,4,0,713,750,-0.0292,170.2922,6.8213,0.4212,54.880077,9.787006,108.3,5.845,1.85,335.95,54.895348,9.797490,54.880962,9.786751
1390059291,0,0,0.0,0,0,4,0,713,750,-0.0292,170.2922,6.8213,0.4212,54.880077,9.787006,108.3,5.845,1.85,335.95,54.895348,9.797490,54.880962,9.786751
1390059291,0,0,0.0,0,0,4,0,713,750,-0.0292,170.2922,6.8213,0.4212,54.880077,9.787006,108.3,5.845,1.85,335.95,54.895348,9.797490,54.880962,9.786751
1390059292,0,0,0.0,0,0,4,0,713,750,-0.0292,170.2922,6.8213,0.4212,54.880077,9.787006,108.3,5.845,1.85,335.95,54.895348,9.797490,54.880962,9.786751
1390059292,0,0,0.0,0,0,4,0,713,750,-0.0292,170.2922,6.8213,0.4212,54.880077,9.787006,108.3,5.845,1.85,335.95,54.895348,9.797490,54.880962,9.786751
1390059292,0,0,0.0,0,0,4,0,713,750,-0.0292,170.2922,6.8213,0.4212,54.880077,9.787006,108.3,5.845,1.85,335.95,54.895348,9.797490,54.880962,9.786751
1390059292,0,0,0.0,0,0,4,0,713,750,-0.0292,170.2922,6.8213,0.4212,54.880077,9.787006,108.3,5.845,1.85,335.95,54.895348,9.797490,54.880962,9.786751
1390059293,0,0,0.0,0,0,4,0,713,750,-0.0292,170.2922,6.8213,0.4212,54.880077,9.787006,108.3,5.845,1.85,335.95,54.895348,9.797490,54.880962,9.786751
1390059293,0,0,0.0,0,0,4,0,713,750,-0.0292,170.2922,6.8213,0.4212,54.880077,9.787006,108.3,5.845,1.85,335.95,54.895348,9.797490,54.880962,9.786751
1390059293,0,0,0.0,0,0,4,0,713,750,-0.0292,170.2922,6.8213,0.4212,54.880077,9.787006,108.3,5.845,1.85,335.95,54.895348,9.797490,54.880962,9.786751
1390059293,0,0,0.0,0,0,4,0,713,750,-0.0292,170.2922,6.8213,0.4212,54.880077,9.787006,108.3,5.845,1.85,335.95,54.895348,9.797490,54.880962,9.786751
1390059294,0,0,0.0,0,0,4,0,713,750,-0.0292,170.2922,6.8213,0.4212,54.880077,9.787006,108.3,5.845,1.85,335.95,54.895348,9.797490,54.880962,9.786751
1390059294,0,0,0.0,0,0,4,0,713,750,-0.0292,170.2922,6.8213,0.4212,54.880077,9.787006,108.3,5.845,1.85,335.95,54.895348,9.797490,54.880962,9.786751
1390059294,0,0,0.0,0,0,4,0,713,750,-0.0292,170.2922,6.8213,0.4212,54.880077,9.787006,108.3,5.845,1.85,335.95,54.895348,9.797490,54.880962,9.786751
1390059294,0,0,0.0,0,0,4,0,713,750,-0.0292,170.2922,6.8213,0.4212,54.880077,9.787006,108.3,5.845,1.85,335.95,54.895348,9.797490,54.880962,9.786751
1390059295,0,0,0.0,0,0,4,0,713,750,-0.0292,170.2922,6.8213,0.4212,54.880077,9.787006,108.3,5.845,1.85,335.95,54.895348,9.797490,54.880962,9.786751
1390059295,0,0,0.0,0,0,4,0,713,750,-0.0292,170.2922,6.8213,0.4212,54.880077,9.787006,108.3,5.845,1.85,335.95,54.895348,9.797490,54.880962,9.786751
1390059295,0,0,0.0,0,0,4,0,713,750,-0.0292,170.2922,6.8213,0.4212,54.880077,9.787006,108.3,5.845,1.85,335.95,54.895348,9.797490,54.880962,9.786751
1390059295,0,0,0.0,0,0,4,0,713,750,-0.0292,170.2922,6.8213,0.4212,54.880077,9.787006,108.3,5.845,1.85,335.95,54.895348,9.797490,54.880962,9.786751
1390059296,0,0,0.0,0,0,4,0,713,750,-0.0292,170.2922,6.8213,0.4212,54.880077,9.787006,108.3,5.845,1.85,335.95,54.895348,9.797490,54.880962,9.786751
1390059296,0,0,0.0,0,0,4,0,713,750,-0.0292,170.2922,6.8213,0.4212,54.880077,9.787006,108.3,5.845,1.85,335.95,54.895348,9.797490,54.880962,9.786751
1390059296,0,0,0.0,0,0,4,0,713,750,-0.0292,170.2922,6.8213,0.4212,54.880077,9.787006,108.3,5.845,1.85,335.95,54.895348,9.797490,54.880962,9.786751
1390059296,0,0,0.0,0,0,4,0,713,750,-0.0292,170.2922,6.8213,0.4212,54.880077,9.787006,108.3,5.845,1.85,335.95,54.895348,9.797490,54.880962,9.786751
1390059297,0,0,0.0,0,0,4,0,713,750,-0.0292,170.2922,6.8213,0.4212,54.880077,9.787006,108.3,5.845,1.85,335.95,54.895348,9.797490,54.880962,9.786751
1390059297,0,0,0.0,0,0,4,0,713,750,-0.0292,170.2922,6.8213,0.4212,54.880077,9.787006,108.3,5.845,1.85,335.95,54.895348,9.797490,54.880962,9.786751
1390059297,0,0,0.0,0,0,4,0,713,750,-0.0292,170.2922,6.8213,0.4212,54.880077,9.787006,108.3,5.845,1.85,335.95,54.895348,9.797490,54.880962,9.786751
1390059297,0,0,0.0,0,0,4,0,713,750,-0.0292,170.2922,6.8213,0.4212,54.880077,9.787006,108.3,5.845,1.85,335.95,54.895348,9.797490,54.880962,9.786751
1390059298,0,0,0.0,0,0,4,0,713,750,-0.0292,170.2922,6.8213,0.4212,54.880077,9.787006,108.3,5.845,1.85,335.95,54.895348,9.797490,54.880962,9.786751
1390059298,0,0,0.0,0,0,4,0,713,750,-0.0292,170.2922,6.8213,0.4212,54.880077,9.787006,108.3,5.845,1.85,335.95,54.895348,9.797490,54.880962,9.786751
1390059298,0,0,0.0,0,0,4,0,713,750,-0.0292,170.2922,6.8213,0.4212,54.880077,9.787006,108.3,5.845,1.85,335.95,54.895348,9.797490,54.880962,9.786751
1390059298,0,0,0.0,0,0,4,0,713,750,-0.0292,170.2922,6.8213,0.4212,54.880077,9.787006,108.3,5.845,1.85,335.95,54.895348,9.797490,54.880962,9.786751
1390059299,0,0,0.0,0,0,4,0,713,750,-0.0292,170.2922,6.8213,0.4212,54.880077,9.787006,108.3,5.845,1.85,335.95,54.895348,9.797490,54.880962,9.786751
1390059299,0,0,0.0,0,0,4,0,713,750,-0.0292,170.2922,6.8213,0.4212,54.880077,9.787006,108.3,5.845,1.85,335.95,54.895348,9.797490,54.880962,9.786751
1390059299,0,0,0.0,0,0,4,0,713,750,-0.0292,170.2922,6.8213,0.4212,54.880077,9.787006,108.3,5.845,1.85,335.95,54.895348,9.797490,54.880962,9.786751
1390059299,0,0,0.0,0,0,4,0,713,750,-0.0292,170.2922,6.8213,0.4212,54.880077,9.787006,108.3,5.845,1.85,335.95,54.895348,9.797490,54.880962,9.786751
1390059300,0,0,0.0,0,0,4,0,713,750,-0.0292,170.2922,6.8213,0.4212,54.880077,9.787006,108.3,5.845,1.85,335.95,54.895348,9.797490,54.880962,9.786751
1390059300,0,0,0.0,0,0,4,0,713,750,-0.0292,170.2922,6.8213,0.4212,54.880077,9.787006,108.3,5.845,1.85,335.95,54.895348,9.797490,54.880962,9.786751
1390059300,0,0,0.0,0,0,4,0,713,750,-0.0292,170.2922,6.8213,0.4212,54.880077,9.787006,108.3,5.845,1.85,335.95,54.895348,9.797490,54.880962,9.786751
1390059300,0,0,0.0,0,0,4,0,713,750,-0.0292,170.2922,6.8213,0.4212,54.880077,9.787006,108.3,5.845,1.85,335.95,54.895348,9.797490,54.880962,9.786751
1390059301,0,0,0.0,0,0,4,0,713,750,-0.0292,170.2922,6.8213,0.4212,54.880077,9.787006,108.3,5.845,1.85,335.95,54.895348,9.797490,54.880962,9.786751
1390059301,0,0,0.0,0,0,4,0,713,750,-0.0292,170.2922,6.8213,0.4212,54.880077,9.787006,108.3,5.845,1.85,335.95,54.895348,9.797490,54.880962,9.786751
1390059301,0,0,0.0,0,0,4,0,713,750,-0.0292,170.2922,6.8213,0.4212,54.880077,9.787006,108.3,5.845,1.85,335.95,54.895348,9.797490,54.880962,9.786751
1390059301,0,0,0.0,0,0,4,0,713,750,-0.0292,170.2922,6.8213,0.4212,54.880077,9.787006,108.3,5.845,1.85,335.95,54.895348,9.797490,54.880962,9.786751
1390059302,0,0,0.0,0,0,4,0,713,750,-0.0292,170.2922,6.8213,0.4212,54.880077,9.787006,108.3,5.845,1.85,335.95,54.895348,9.797490,54.880962,9.786751
1390059302,0,0,0.0,0,0,4,0,713,750,-0.0292,170.2922,6.8213,0.4212,54.880077,9.787006,108.3,5.845,1.85,335.95,54.895348,9.797490,54.880962,9.786751
1390059302,0,0,0.0,0,0,4,0,713,750,-0.0292,170.2922,6.8213,0.4212,54.880077,9.787006,108.3,5.845,1.85,335.95,54.895348,9.797490,54.880962,9.786751
1390059302,0,0,0.0,0,0,4,0,713,750,-0.0292,170.2922,6.8213,0.4212,54.880077,9.787006,108.3,5.845,1.85,335.95,54.895348,9.797490,54.880962,9.786751
1390059303,0,0,0.0,0,0,4,0,713,750,-0.0292,170.2922,6.8213,0.4212,54.880077,9.787006,108.3,5.845,1.85,335.95,54.895348,9.797490,54.880962,9.786751
1390059303,0,0,0.0,0,0,4,0,713,750,-0.0292,170.2922,6.8213,0.4212,54.880077,9.787006,108.3,5.845,1.85,335.95,54.895348,9.797490,54.880962,9.786751
1390059303,0,0,0.0,0,0,4,0,713,750,-0.0292,170.2922,6.8213,0.4212,54.880077,9.787006,108.3,5.845,1.85,335.95,54.895348,9.797490,54.880962,9.786751
1390059303,0,0,0.0,0,0,4,0,713,750,-0.0292,170.2922,6.8213,0.4212,54.880077,9.787006,108.3,5.845,1.85,335.95,54.895348,9.797490,54.880962,9.786751
1390059304,0,0,0.0,0,0,4,0,713,750,-0.0292,170.2922,6.8213,0.4212,54.880077,9.787006,108.3,5.845,1.85,335.95,54.895348,9.797490,54.880962,9.786751
1390059304,0,0,0.0,0,0,4,0,713,750,-0.0292,170.2922,6.8213,0.4212,54.880077,9.787006,108.3,5.845,1.85,335.95,54.895348,9.797490,54.880962,9.786751
1390059304,0,0,0.0,0,0,4,0,713,750,-0.0292,170.2922,6.8213,0.4212,54.880077,9.787006,108.3,5.845,1.85,335.95,54.895348,9.797490,54.880962,9.786751
1390059304,0,0,0.0,0,0,4,0,713,750,-0.0292,170.2922,6.8213,0.4212,54.880077,9.787006,108.3,5.845,1.85,335.95,54.895348,9.797490,54.880962,9.786751
1390059305,0,0,0.0,0,0,4,0,713,750,-0.0292,170.2922,6.8213,0.4212,54.880077,9.787006,108.3,5.845,1.85,335.95,54.895348,9.797490,54.880962,9.786751
1390059305,0,0,0.0,0,0,4,0,713,750,-0.0292,170.2922,6.8213,0.4212,54.880077,9.787006,108.3,5.845,1.85,335.95,54.895348,9.797490,54.880962,9.786751
1390059305,0,0,0.0,0,0,4,0,713,750,-0.0292,170.2922,6.8213,0.4212,54.880077,9.787006,108.3,5.845,1.85,335.95,54.895348,9.797490,54.880962,9.786751
1390059305,0,0,0.0,0,0,4,0,713,750,-0.0292,170.2922,6.8213,0.4212,54.880077,9.787006,108.3,5.845,1.85,335.95,54.895348,9.797490,54.880962,9.786751
1390059306,0,0,0.0,0,0,4,0,713,750,-0.0292,170.2922,6.8213,0.4212,54.880077,9.787006,108.3,5.845,1.85,335.95,54.895348,9.797490,54.880962,9.786751
1390059306,0,0,0.0,0,0,4,0,713,750,-0.0292,170.2922,6.8213,0.4212,54.880077,9.787006,108.3,5.845,1.85,335.95,54.895348,9.797490,54.880962,9.786751
1390059306,0,0,0.0,0,0,4,0,713,750,-0.0292,170.2922,6.8213,0.4212,54.880077,9.787006,108.3,5.845,1.85,335.95,54.895348,9.797490,54.880962,9.786751
1390059306,0,0,0.0,0,0,4,0,713,750,-0.0292,170.2922,6.8213,0.4212,54.880077,9.787006,108.3,5.845,1.85,335.95,54.895348,9.797490,54.880962,9.786751
1390059307,0,0,0.0,0,0,4,0,713,750,-0.0292,170.2922,6.8213,0.4212,54.880077,9.787006,108.3,5.845,1.85,335.95,54.895348,9.797490,54.880962,9.786751
1390059307,0,0,0.0,0,0,4,0,713,750,-0.0292,170.2922,6.8213,0.4212,54.880077,9.787006,108.3,5.845,1.85,335.95,54.895348,9.797490,54.880962,9.786751
1390059307,0,0,0.0,0,0,4,0,713,750,-0.0292,170.2922,6.8213,0.4212,54.880077,9.787006,108.3,5.845,1.85,335.95,54.895348,9.797490,54.880962,9.786751
1390059308,0,0,0.0,0,0,4,0,713,750,-0.0292,170.2922,6.8213,0.4212,54.880077,9.787006,108.3,5.845,1.85,335.95,54.895348,9.797490,54.880962,9.786751
1390059308,0,0,0.0,0,0,4,0,713,750,-0.0292,170.2922,6.8213,0.4212,54.880077,9.787006,108.3,5.845,1.85,335.95,54.895348,9.797490,54.880962,9.786751
1390059308,0,0,0.0,0,0,4,0,713,750,-0.0292,170.2922,6.8213,0.4212,54.880077,9.787006,108.3,5.845,1.85,335.95,54.895348,9.797490,54.880962,9.786751
1390059308,0,0,0.0,0,0,4,0,713,750,-0.0292,170.2922,6.8213,0.4212,54.880077,9.787006,108.3,5.845,1.85,335.95,54.895348,9.797490,54.880962,9.786751
1390059309,0,0,0.0,0,0,4,0,713,750,-0.0292,170.2922,6.8213,0.4212,54.880077,9.787006,108.3,5.845,1.85,335.95,54.895348,9.797490,54.880962,9.786751
1390059309,0,0,0.0,0,0,4,0,713,750,-0.0292,170.2922,6.8213,0.4212,54.880077,9.787006,108.3,5.845,1.85,335.95,54.895348,9.797490,54.880962,9.786751
1390059309,0,0,0.0,0,0,4,0,713,750,-0.0292,170.2922,6.8213,0.4212,54.880077,9.787006,108.3,5.845,1.85,335.95,54.895348,9.797490,54.880962,9.786751
1390059309,0,0,0.0,0,0,4,0,713,750,-0.0292,170.2922,6.8213,0.4212,54.880077,9.787006,108.3,5.845,1.85,335.95,54.895348,9.797490,54.880962,9.786751
1390059310,0,0,0.0,0,0,4,0,713,750,-0.0292,170.2922,6.8213,0.4212,54.880077,9.787006,108.3,5.845,1.85,335.95,54.895348,9.797490,54.880962,9.786751
1390059310,0,0,0.0,0,0,4,0,713,750,-0.0292,170.2922,6.8213,0.4212,54.880077,9.787006,108.3,5.845,1.85,335.95,54.895348,9.797490,54.880962,9.786751
1390059310,0,0,0.0,0,0,4,0,713,750,-0.0292,170.2922,6.8213,0.4212,54.880077,9.787006,108.3,5.845,1.85,335.95,54.895348,9.797490,54.880962,9.786751
1390059310,0,0,0.0,0,0,4,0,713,750,-0.0292,170.2922,6.8213,0.4212,54.880077,9.787006,108.3,5.845,1.85,335.95,54.895348,9.797490,54.880962,9.786751
1390059311,0,0,0.0,0,0,4,0,713,750,-0.0292,170.2922,6.8213,0.4212,54.880077,9.787006,108.3,5.845,1.85,335.95,54.895348,9.797490,54.880962,9.786751
1390059311,0,0,0.0,0,0,4,0,713,750,-0.0292,170.2922,6.8213,0.4212,54.880077,9.787006,108.3,5.845,1.85,335.95,54.895348,9.797490,54.880962,9.786751
1390059311,0,0,0.0,0,0,4,0,713,750,-0.0292,170.2922,6.8213,0.4212,54.880077,9.787006,108.3,5.845,1.85,335.95,54.895348,9.797490,54.880962,9.786751
1390059311,0,0,0.0,0,0,4,0,713,750,-0.0292,170.2922,6.8213,0.4212,54.880077,9.787006,108.3,5.845,1.85,335.95,54.895348,9.797490,54.880962,9.786751
1390059312,0,0,0.0,0,0,4,0,713,750,-0.0292,170.2922,6.8213,0.4212,54.880077,9.787006,108.3,5.845,1.85,335.95,54.895348,9.797490,54.880962,9.786751
1390059312,0,0,0.0,0,0,4,0,713,750,-0.0292,170.2922,6.8213,0.4212,54.880077,9.787006,108.3,5.845,1.85,335.95,54.895348,9.797490,54.880962,9.786751
1390059312,0,0,0.0,0,0,4,0,713,750,-0.0292,170.2922,6.8213,0.4212,54.880077,9.787006,108.3,5.845,1.85,335.95,54.895348,9.797490,54.880962,9.786751
1390059312,0,0,0.0,0,0,4,0,713,750,-0.0292,170.2922,6.8213,0.4212,54.880077,9.787006,108.3,5.845,1.85,335.95,54.895348,9.797490,54.880962,9.786751
1390059313,0,0,0.0,0,0,4,0,713,750,-0.0292,170.2922,6.8213,0.4212,54.880077,9.787006,108.3,5.845,1.85,335.95,54.895348,9.797490,54.880962,9.786751
1390059313,0,0,0.0,0,0,4,0,713,750,-0.0292,170.2922,6.8213,0.4212,54.880077,9.787006,108.3,5.845,1.85,335.95,54.895348,9.797490,54.880962,9.786751
1390059313,0,0,0.0,0,0,4,0,713,750,-0.0292,170.2922,6.8213,0.4212,54.880077,9.787006,108.3,5.845,1.85,335.95,54.895348,9.797490,54.880962,9.786751
1390059313,0,0,0.0,0,0,4,0,713,750,-0.0292,170.2922,6.8213,0.4212,54.880077,9.787006,108.3,5.845,1.85,335.95,54.895348,9.797490,54.880962,9.786751
1390059314,0,0,0.0,0,0,4,0,713,750,-0.0292,170.2922,6.8213,0.4212,54.880077,9.787006,108.3,5.845,1.85,335.95,54.895348,9.797490,54.880962,9.786751
1390059314,0,0,0.0,0,0,4,0,713,750,-0.0292,170.2922,6.8213,0.4212,54.880077,9.787006,108.3,5.845,1.85,335.95,54.895348,9.797490,54.880962,9.786751
1390059314,0,0,0.0,0,0,4,0,713,750,-0.0292,170.2922,6.8213,0.4212,54.880077,9.787006,108.3,5.845,1.85,335.95,54.895348,9.797490,54.880962,9.786751
1390059314,0,0,0.0,0,0,4,0,713,750,-0.0292,170.2922,6.8213,0.4212,54.880077,9.787006,108.3,5.845,1.85,335.95,54.895348,9.797490,54.880962,9.786751
1390059315,0,0,0.0,0,0,4,0,713,750,-0.0292,170.2922,6.8213,0.4212,54.880077,9.787006,108.3,5.845,1.85,335.95,54.895348,9.797490,54.880962,9.786751
1390059315,0,0,0.0,0,0,4,0,713,750,-0.0292,170.2922,6.8213,0.4212,54.880077,9.787006,108.3,5.845,1.85,335.95,54.895348,9.797490,54.880962,9.786751
1390059315,0,0,0.0,0,0,4,0,713,750,-0.0292,170.2922,6.8213,0.4212,54.880077,9.787006,108.3,5.845,1.85,335.95,54.895348,9.797490,54.880962,9.786751
1390059315,0,0,0.0,0,0,4,0,713,750,-0.0292,170.2922,6.8213,0.4212,54.880077,9.787006,108.3,5.845,1.85,335.95,54.895348,9.797490,54.880962,9.786751
1390059316,0,0,0.0,0,0,4,0,713,750,-0.0292,170.2922,6.8213,0.4212,54.880077,9.787006,108.3,5.845,1.85,335.95,54.895348,9.797490,54.880962,9.786751
1390059316,0,0,0.0,0,0,4,0,713,750,-0.0292,170.2922,6.8213,0.4212,54.880077,9.787006,108.3,5.845,1.85,335.95,54.895348,9.797490,54.880962,9.786751
1390059316,0,0,0.0,0,0,4,0,713,750,-0.0292,170.2922,6.8213,0.4212,54.880077,9.787006,108.3,5.845,1.85,335.95,54.895348,9.797490,54.880962,9.786751
1390059316,0,0,0.0,0,0,4,0,713,750,-0.0292,170.2922,6.8213,0.4212,54.880077,9.787006,108.3,5.845,1.85,335.95,54.895348,9.797490,54.880962,9.786751
1390059317,0,0,0.0,0,0,4,0,713,750,-0.0292,170.2922,6.8213,0.4212,54.880077,9.787006,108.3,5.845,1.85,335.95,54.895348,9.797490,54.880962,9.786751
1390059317,0,0,0.0,0,0,4,0,713,750,-0.0292,170.2922,6.8213,0.4212,54.880077,9.787006,108.3,5.845,1.85,335.95,54.895348,9.797490,54.880962,9.786751
1390059317,0,0,0.0,0,0,4,0,713,750,-0.0292,170.2922,6.8213,0.4212,54.880077,9.787006,108.3,5.845,1.85,335.95,54.895348,9.797490,54.880962,9.786751
1390059317,0,0,0.0,0,0,4,0,713,750,-0.0292,170.2922,6.8213,0.4212,54.880077,9.787006,108.3,5.845,1.85,335.95,54.895348,9.797490,54.880962,9.786751
1390059318,0,0,0.0,0,0,4,0,713,750,-0.0292,170.2922,6.8213,0.4212,54.880077,9.787006,108.3,5.845,1.85,335.95,54.895348,9.797490,54.880962,9.786751
1390059318,0,0,0.0,0,0,4,0,713,750,-0.0292,170.2922,6.8213,0.4212,54.880077,9.787006,108.3,5.845,1.85,335.95,54.895348,9.797490,54.880962,9.786751
1390059318,0,0,0.0,0,0,4,0,713,750,-0.0292,170.2922,6.8213,0.4212,54.880077,9.787006,108.3,5.845,1.85,335.95,54.895348,9.797490,54.880962,9.786751
1390059318,0,0,0.0,0,0,4,0,713,750,-0.0292,170.2922,6.8213,0.4212,54.880077,9.787006,108.3,5.845,1.85,335.95,54.895348,9.797490,54.880962,9.786751
1390059319,0,0,0.0,0,0,4,0,713,750,-0.0292,170.2922,6.8213,0.4212,54.880077,9.787006,108.3,5.845,1.85,335.95,54.895348,9.797490,54.880962,9.786751
1390059319,0,0,0.0,0,0,4,0,713,750,-0.0292,170.2922,6.8213,0.4212,54.880077,9.787006,108.3,5.845,1.85,335.95,54.895348,9.797490,54.880962,9.786751
1390059319,0,0,0.0,0,0,4,0,713,750,-0.0292,170.2922,6.8213,0.4212,54.880077,9.787006,108.3,5.845,1.85,335.95,54.895348,9.797490,54.880962,9.786751
1390059319,0,0,0.0,0,0,4,0,713,750,-0.0292,170.2922,6.8213,0.4212,54.880077,9.787006,108.3,5.845,1.85,335.95,54.895348,9.797490,54.880962,9.786751
1390059320,0,0,0.0,0,0,4,0,713,750,-0.0292,170.2922,6.8213,0.4212,54.880077,9.787006,108.3,5.845,1.85,335.95,54.895348,9.797490,54.880962,9.786751
1390059320,0,0,0.0,0,0,4,0,713,750,-0.0292,170.2922,6.8213,0.4212,54.880077,9.787006,108.3,5.845,1.85,335.95,54.895348,9.797490,54.880962,9.786751
1390059320,0,0,0.0,0,0,4,0,713,750,-0.0292,170.2922,6.8213,0.4212,54.880077,9.787006,108.3,5.845,1.85,335.95,54.895348,9.797490,54.880962,9.786751
1390059320,0,0,0.0,0,0,4,0,713,750,-0.0292,170.2922,6.8213,0.4212,54.880077,9.787006,108.3,5.845,1.85,335.95,54.895348,9.797490,54.880962,9.786751
1390059321,0,0,0.0,0,0,4,0,713,750,-0.0292,170.2922,6.8213,0.4212,54.880077,9.787006,108.3,5.845,1.85,335.95,54.895348,9.797490,54.880962,9.786751
1390059321,0,0,0.0,0,0,4,0,713,750,-0.0292,170.2922,6.8213,0.4212,54.880077,9.787006,108.3,5.845,1.85,335.95,54.895348,9.797490,54.880962,9.786751
1390059321,0,0,0.0,0,0,4,0,713,750,-0.0292,170.2922,6.8213,0.4212,54.880077,9.787006,108.3,5.845,1.85,335.95,54.895348,9.797490,54.880962,9.786751
1390059321,0,0,0.0,0,0,4,0,713,750,-0.0292,170.2922,6.8213,0.4212,54.880077,9.787006,108.3,5.845,1.85,335.95,54.895348,9.797490,54.880962,9.786751
1390059322,0,0,0.0,0,0,4,0,713,750,-0.0292,170.2922,6.8213,0.4212,54.880077,9.787006,108.3,5.845,1.85,335.95,54.895348,9.797490,54.880962,9.786751
1390059322,0,0,0.0,0,0,4,0,713,750,-0.0292,170.2922,6.8213,0.4212,54.880077,9.787006,108.3,5.845,1.85,335.95,54.895348,9.797490,54.880962,9.786751
1390059322,0,0,0.0,0,0,4,0,713,750,-0.0292,170.2922,6.8213,0.4212,54.880077,9.787006,108.3,5.845,1.85,335.95,54.895348,9.797490,54.880962,9.786751
1390059322,0,0,0.0,0,0,4,0,713,750,-0.0292,170.2922,6.8213,0.4212,54.880077,9.787006,108.3,5.845,1.85,335.95,54.895348,9.797490,54.880962,9.786751
1390059323,0,0,0.0,0,0,4,0,713,750,-0.0292,170.2922,6.8213,0.4212,54.880077,9.787006,108.3,5.845,1.85,335.95,54.895348,9.797490,54.880962,9.786751
1390059323,0,0,0.0,0,0,4,0,713,750,-0.0292,170.2922,6.8213,0.4212,54.880077,9.787006,108.3,5.845,1.85,335.95,54.895348,9.797490,54.880962,9.786751
1390059323,0,0,0.0,0,0,4,0,713,750,-0.0292,170.2922,6.8213,0.4212,54.880077,9.787006,108.3,5.845,1.85,335.95,54.895348,9.797490,54.880962,9.786751
1390059323,0,0,0.0,0,0,4,0,713,750,-0.0292,170.2922,6.8213,0.4212,54.880077,9.787006,108.3,5.845,1.85,335.95,54.895348,9.797490,54.880962,9.786751
1390059324,0,0,0.0,0,0,4,0,713,750,-0.0292,170.2922,6.8213,0.4212,54.880077,9.787006,108.3,5.845,1.85,335.95,54.895348,9.797490,54.880962,9.786751
1390059324,0,0,0.0,0,0,4,0,713,750,-0.0292,170.2922,6.8213,0.4212,54.880077,9.787006,108.3,5.845,1.85,335.95,54.895348,9.797490,54.880962,9.786751
1390059324,0,0,0.0,0,0,4,0,713,750,-0.0292,170.2922,6.8213,0.4212,54.880077,9.787006,108.3,5.845,1.85,335.95,54.895348,9.797490,54.880962,9.786751
1390059324,0,0,0.0,0,0,4,0,713,750,-0.0292,170.2922,6.8213,0.4212,54.880077,9.787006,108.3,5.845,1.85,335.95,54.895348,9.797490,54.880962,9.786751
1390059325,0,0,0.0,0,0,4,0,713,750,-0.0292,170.2922,6.8213,0.4212,54.880077,9.787006,108.3,5.845,1.85,335.95,54.895348,9.797490,54.880962,9.786751
1390059325,0,0,0.0,0,0,4,0,713,750,-0.0292,170.2922,6.8213,0.4212,54.880077,9.787006,108.3,5.845,1.85,335.95,54.895348,9.797490,54.880962,9.786751
1390059325,0,0,0.0,0,0,4,0,713,750,-0.0292,170.2922,6.8213,0.4212,54.880077,9.787006,108.3,5.845,1.85,335.95,54.895348,9.797490,54.880962,9.786751
1390059325,0,0,0.0,0,0,4,0,713,750,-0.0292,170.2922,6.8213,0.4212,54.880077,9.787006,108.3,5.845,1.85,335.95,54.895348,9.797490,54.880962,9.786751
1390059326,0,0,0.0,0,0,4,0,713,750,-0.0292,170.2922,6.8213,0.4212,54.880077,9.787006,108.3,5.845,1.85,335.95,54.895348,9.797490,54.880962,9.786751
1390059326,0,0,0.0,0,0,4,0,713,750,-0.0292,170.2922,6.8213,0.4212,54.880077,9.787006,108.3,5.845,1.85,335.95,54.895348,9.797490,54.880962,9.786751
1390059326,0,0,0.0,0,0,4,0,713,750,-0.0292,170.2922,6.8213,0.4212,54.880077,9.787006,108.3,5.845,1.85,335.95,54.895348,9.797490,54.880962,9.786751
1390059326,0,0,0.0,0,0,4,0,713,750,-0.0292,170.2922,6.8213,0.4212,54.880077,9.787006,108.3,5.845,1.85,335.95,54.895348,9.797490,54.880962,9.786751
1390059327,0,0,0.0,0,0,4,0,713,750,-0.0292,170.2922,6.8213,0.4212,54.880077,9.787006,108.3,5.845,1.85,335.95,54.895348,9.797490,54.880962,9.786751
1390059327,0,0,0.0,0,0,4,0,713,750,-0.0292,170.2922,6.8213,0.4212,54.880077,9.787006,108.3,5.845,1.85,335.95,54.895348,9.797490,54.880962,9.786751
1390059327,0,0,0.0,0,0,4,0,713,750,-0.0292,170.2922,6.8213,0.4212,54.880077,9.787006,108.3,5.845,1.85,335.95,54.895348,9.797490,54.880962,9.786751
1390059327,0,0,0.0,0,0,4,0,713,750,-0.0292,170.2922,6.8213,0.4212,54.880077,9.787006,108.3,5.845,1.85,335.95,54.895348,9.797490,54.880962,9.786751
1390059328,0,0,0.0,0,0,4,0,713,750,-0.0292,170.2922,6.8213,0.4212,54.880077,9.787006,108.3,5.845,1.85,335.95,54.895348,9.797490,54.880962,9.786751
1390059328,0,0,0.0,0,0,4,0,713,750,-0.0292,170.2922,6.8213,0.4212,54.880077,9.787006,108.3,5.845,1.85,335.95,54.895348,9.797490,54.880962,9.786751
1390059328,0,0,0.0,0,0,4,0,713,750,-0.0292,170.2922,6.8213,0.4212,54.880077,9.787006,108.3,5.845,1.85,335.95,54.895348,9.797490,54.880962,9.786751
1390059328,0,0,0.0,0,0,4,0,713,750,-0.0292,170.2922,6.8213,0.4212,54.880077,9.787006,108.3,5.845,1.85,335.95,54.895348,9.797490,54.880962,9.786751
1390059329,0,0,0.0,0,0,4,0,713,750,-0.0292,170.2922,6.8213,0.4212,54.880077,9.787006,108.3,5.845,1.85,335.95,54.895348,9.797490,54.880962,9.786751
1390059329,0,0,0.0,0,0,4,0,713,750,-0.0292,170.2922,6.8213,0.4212,54.880077,9.787006,108.3,5.845,1.85,335.95,54.895348,9.797490,54.880962,9.786751
1390059329,0,0,0.0,0,0,4,0,713,750,-0.0292,170.2922,6.8213,0.4212,54.880077,9.787006,108.3,5.845,1.85,335.95,54.895348,9.797490,54.880962,9.786751
1390059329,0,0,0.0,0,0,4,0,713,750,-0.0292,170.2922,6.8213,0.4212,54.880077,9.787006,108.3,5.845,1.85,335.95,54.895348,9.797490,54.880962,9.786751
1390059330,0,0,0.0,0,0,4,0,713,750,-0.0292,170.2922,6.8213,0.4212,54.880077,9.787006,108.3,5.845,1.85,335.95,54.895348,9.797490,54.880962,9.786751
1390059330,0,0,0.0,0,0,4,0,713,750,-0.0292,170.2922,6.8213,0.4212,54.880077,9.787006,108.3,5.845,1.85,335.95,54.895348,9.797490,54.880962,9.786751
1390059330,0,0,0.0,0,0,4,0,713,750,-0.0292,170.2922,6.8213,0.4212,54.880077,9.787006,108.3,5.845,1.85,335.95,54.895348,9.797490,54.880962,9.786751
1390059330,0,0,0.0,0,0,4,0,713,750,-0.0292,170.2922,6.8213,0.4212,54.880077,9.787006,108.3,5.845,1.85,335.95,54.895348,9.797490,54.880962,9.786751
1390059331,0,0,0.0,0,0,4,0,713,750,-0.0292,170.2922,6.8213,0.4212,54.880077,9.787006,108.3,5.845,1.85,335.95,54.895348,9.797490,54.880962,9.786751
1390059331,0,0,0.0,0,0,4,0,713,750,-0.0292,170.2922,6.8213,0.4212,54.880077,9.787006,108.3,5.845,1.85,335.95,54.895348,9.797490,54.880962,9.786751
1390059331,0,0,0.0,0,0,4,0,713,750,-0.0292,170.2922,6.8213,0.4212,54.880077,9.787006,108.3,5.845,1.85,335.95,54.895348,9.797490,54.880962,9.786751
1390059331,0,0,0.0,0,0,4,0,713,750,-0.0292,170.2922,6.8213,0.4212,54.880077,9.787006,108.3,5.845,1.85,335.95,54.895348,9.797490,54.880962,9.786751
1390059332,0,0,0.0,0,0,4,0,713,750,-0.0292,170.2922,6.8213,0.4212,54.880077,9.787006,108.3,5.845,1.85,335.95,54.895348,9.797490,54.880962,9.786751
1390059332,0,0,0.0,0,0,4,0,713,750,-0.0292,170.2922,6.8213,0.4212,54.880077,9.787006,108.3,5.845,1.85,335.95,54.895348,9.797490,54.880962,9.786751
1390059332,0,0,0.0,0,0,4,0,713,750,-0.0292,170.2922,6.8213,0.4212,54.880077,9.787006,108.3,5.845,1.85,335.95,54.895348,9.797490,54.880962,9.786751
1390059332,0,0,0.0,0,0,4,0,713,750,-0.0292,170.2922,6.8213,0.4212,54.880077,9.787006,108.3,5.845,1.85,335.95,54.895348,9.797490,54.880962,9.786751
1390059333,0,0,0.0,0,0,4,0,713,750,-0.0292,170.2922,6.8213,0.4212,54.880077,9.787006,108.3,5.845,1.85,335.95,54.895348,9.797490,54.880962,9.786751
1390059333,0,0,0.0,0,0,4,0,713,750,-0.0292,170.2922,6.8213,0.4212,54.880077,9.787006,108.3,5.845,1.85,335.95,54.895348,9.797490,54.880962,9.786751
1390059333,0,0,0.0,0,0,4,0,713,750,-0.0292,170.2922,6.8213,0.4212,54.880077,9.787006,108.3,5.845,1.85,335.95,54.895348,9.797490,54.880962,9.786751
1390059333,0,0,0.0,0,0,4,0,713,750,-0.0292,170.2922,6.8213,0.4212,54.880077,9.787006,108.3,5.845,1.85,335.95,54.895348,9.797490,54.880962,9.786751
1390059334,0,0,0.0,0,0,4,0,713,750,-0.0292,170.2922,6.8213,0.4212,54.880077,9.787006,108.3,5.845,1.85,335.95,54.895348,9.797490,54.880962,9.786751
1390059334,0,0,0.0,0,0,4,0,713,750,-0.0292,170.2922,6.8213,0.4212,54.880077,9.787006,108.3,5.845,1.85,335.95,54.895348,9.797490,54.880962,9.786751
1390059334,0,0,0.0,0,0,4,0,713,750,-0.0292,170.2922,6.8213,0.4212,54.880077,9.787006,108.3,5.845,1.85,335.95,54.895348,9.797490,54.880962,9.786751
1390059334,0,0,0.0,0,0,4,0,713,750,-0.0292,170.2922,6.8213,0.4212,54.880077,9.787006,108.3,5.845,1.85,335.95,54.895348,9.797490,54.880962,9.786751
1390059335,0,0,0.0,0,0,4,0,713,750,-0.0292,170.2922,6.8213,0.4212,54.880077,9.787006,108.3,5.845,1.85,335.95,54.895348,9.797490,54.880962,9.786751
1390059335,0,0,0.0,0,0,4,0,713,750,-0.0292,170.2922,6.8213,0.4212,54.880077,9.787006,108.3,5.845,1.85,335.95,54.895348,9.797490,54.880962,9.786751
1390059335,0,0,0.0,0,0,4,0,713,750,-0.0292,170.2922,6.8213,0.4212,54.880077,9.787006,108.3,5.845,1.85,335.95,54.895348,9.797490,54.880962,9.786751
1390059335,0,0,0.0,0,0,4,0,713,750,-0.0292,170.2922,6.8213,0.4212,54.880077,9.787006,108.3,5.845,1.85,335.95,54.895348,9.797490,54.880962,9.786751
1390059336,0,0,0.0,0,0,4,0,713,750,-0.0292,170.2922,6.8213,0.4212,54.880077,9.787006,108.3,5.845,1.85,335.95,54.895348,9.797490,54.880962,9.786751
1390059336,0,0,0.0,0,0,4,0,713,750,-0.0292,170.2922,6.8213,0.4212,54.880077,9.787006,108.3,5.845,1.85,335.95,54.895348,9.797490,54.880962,9.786751
1390059336,0,0,0.0,0,0,4,0,713,750,-0.0292,170.2922,6.8213,0.4212,54.880077,9.787006,108.3,5.845,1.85,335.95,54.895348,9.797490,54.880962,9.786751
1390059336,0,0,0.0,0,0,4,0,713,750,-0.0292,170.2922,6.8213,0.4212,54.880077,9.787006,108.3,5.845,1.85,335.95,54.895348,9.797490,54.880962,9.786751
1390059337,0,0,0.0,0,0,4,0,713,750,-0.0292,170.2922,6.8213,0.4212,54.880077,9.787006,108.3,5.845,1.85,335.95,54.895348,9.797490,54.880962,9.786751
1390059337,0,0,0.0,0,0,4,0,713,750,-0.0292,170.2922,6.8213,0.4212,54.880077,9.787006,108.3,5.845,1.85,335.95,54.895348,9.797490,54.880962,9.786751
1390059337,0,0,0.0,0,0,4,0,713,750,-0.0292,170.2922,6.8213,0.4212,54.880077,9.787006,108.3,5.845,1.85,335.95,54.895348,9.797490,54.880962,9.786751
1390059337,0,0,0.0,0,0,4,0,713,750,-0.0292,170.2922,6.8213,0.4212,54.880077,9.787006,108.3,5.845,1.85,335.95,54.895348,9.797490,54.880962,9.786751
1390059338,0,0,0.0,0,0,4,0,713,750,-0.0292,170.2922,6.8213,0.4212,54.880077,9.787006,108.3,5.845,1.85,335.95,54.895348,9.797490,54.880962,9.786751
1390059338,0,0,0.0,0,0,4,0,713,750,-0.0292,170.2922,6.8213,0.4212,54.880077,9.787006,108.3,5.845,1.85,335.95,54.895348,9.797490,54.880962,9.786751
1390059338,0,0,0.0,0,0,4,0,713,750,-0.0292,170.2922,6.8213,0.4212,54.880077,9.787006,108.3,5.845,1.85,335.95,54.895348,9.797490,54.880962,9.786751
1390059338,0,0,0.0,0,0,4,0,713,750,-0.0292,170.2922,6.8213,0.4212,54.880077,9.787006,108.3,5.845,1.85,335.95,54.895348,9.797490,54.880962,9.786751
1390059339,0,0,0.0,0,0,4,0,713,750,-0.0292,170.2922,6.8213,0.4212,54.880077,9.787006,108.3,5.845,1.85,335.95,54.895348,9.797490,54.880962,9.786751
1390059339,0,0,0.0,0,0,4,0,713,750,-0.0292,170.2922,6.8213,0.4212,54.880077,9.787006,108.3,5.845,1.85,335.95,54.895348,9.797490,54.880962,9.786751
1390059339,0,0,0.0,0,0,4,0,713,750,-0.0292,170.2922,6.8213,0.4212,54.880077,9.787006,108.3,5.845,1.85,335.95,54.895348,9.797490,54.880962,9.786751
1390059339,0,0,0.0,0,0,4,0,713,750,-0.0292,170.2922,6.8213,0.4212,54.880077,9.787006,108.3,5.845,1.85,335.95,54.895348,9.797490,54.880962,9.786751
1390059340,0,0,0.0,0,0,4,0,713,750,-0.0292,170.2922,6.8213,0.4212,54.880077,9.787006,108.3,5.845,1.85,335.95,54.895348,9.797490,54.880962,9.786751
1390059340,0,0,0.0,0,0,4,0,713,750,-0.0292,170.2922,6.8213,0.4212,54.880077,9.787006,108.3,5.845,1.85,335.95,54.895348,9.797490,54.880962,9.786751
1390059340,0,0,0.0,0,0,4,0,713,750,-0.0292,170.2922,6.8213,0.4212,54.880077,9.787006,108.3,5.845,1.85,335.95,54.895348,9.797490,54.880962,9.786751
1390059340,0,0,0.0,0,0,4,0,713,750,-0.0292,170.2922,6.8213,0.4212,54.880077,9.787006,108.3,5.845,1.85,335.95,54.895348,9.797490,54.880962,9.786751
1390059341,0,0,0.0,0,0,4,0,713,750,-0.0292,170.2922,6.8213,0.4212,54.880077,9.787006,108.3,5.845,1.85,335.95,54.895348,9.797490,54.880962,9.786751
1390059341,0,0,0.0,0,0,4,0,713,750,-0.0292,170.2922,6.8213,0.4212,54.880077,9.787006,108.3,5.845,1.85,335.95,54.895348,9.797490,54.880962,9.786751
1390059341,0,0,0.0,0,0,4,0,713,750,-0.0292,170.2922,6.8213,0.4212,54.880077,9.787006,108.3,5.845,1.85,335.95,54.895348,9.797490,54.880962,9.786751
1390059341,0,0,0.0,0,0,4,0,713,750,-0.0292,170.2922,6.8213,0.4212,54.880077,9.787006,108.3,5.845,1.85,335.95,54.895348,9.797490,54.880962,9.786751
1390059342,0,0,0.0,0,0,4,0,713,750,-0.0292,170.2922,6.8213,0.4212,54.880077,9.787006,108.3,5.845,1.85,335.95,54.895348,9.797490,54.880962,9.786751
1390059342,0,0,0.0,0,0,4,0,713,750,-0.0292,170.2922,6.8213,0.4212,54.880077,9.787006,108.3,5.845,1.85,335.95,54.895348,9.797490,54.880962,9.786751
1390059342,0,0,0.0,0,0,4,0,713,750,-0.0292,170.2922,6.8213,0.4212,54.880077,9.787006,108.3,5.845,1.85,335.95,54.895348,9.797490,54.880962,9.786751
1390059342,0,0,0.0,0,0,4,0,713,750,-0.0292,170.2922,6.8213,0.4212,54.880077,9.787006,108.3,5.845,1.85,335.95,54.895348,9.797490,54.880962,9.786751
1390059343,0,0,0.0,0,0,4,0,713,750,-0.0292,170.2922,6.8213,0.4212,54.880077,9.787006,108.3,5.845,1.85,335.95,54.895348,9.797490,54.880962,9.786751
1390059343,0,0,0.0,0,0,4,0,713,750,-0.0292,170.2922,6.8213,0.4212,54.880077,9.787006,108.3,5.845,1.85,335.95,54.895348,9.797490,54.880962,9.786751
1390059343,0,0,0.0,0,0,4,0,713,750,-0.0292,170.2922,6.8213,0.4212,54.880077,9.787006,108.3,5.845,1.85,335.95,54.895348,9.797490,54.880962,9.786751
1390059343,0,0,0.0,0,0,4,0,713,750,-0.0292,170.2922,6.8213,0.4212,54.880077,9.787006,108.3,5.845,1.85,335.95,54.895348,9.797490,54.880962,9.786751
1390059344,0,0,0.0,0,0,4,0,713,750,-0.0292,170.2922,6.8213,0.4212,54.880077,9.787006,108.3,5.845,1.85,335.95,54.895348,9.797490,54.880962,9.786751
1390059344,0,0,0.0,0,0,4,0,713,750,-0.0292,170.2922,6.8213,0.4212,54.880077,9.787006,108.3,5.845,1.85,335.95,54.895348,9.797490,54.880962,9.786751
1390059344,0,0,0.0,0,0,4,0,713,750,-0.0292,170.2922,6.8213,0.4212,54.880077,9.787006,108.3,5.845,1.85,335.95,54.895348,9.797490,54.880962,9.786751
1390059344,0,0,0.0,0,0,4,0,713,750,-0.0292,170.2922,6.8213,0.4212,54.880077,9.787006,108.3,5.845,1.85,335.95,54.895348,9.797490,54.880962,9.786751
1390059345,0,0,0.0,0,0,4,0,713,750,-0.0292,170.2922,6.8213,0.4212,54.880077,9.787006,108.3,5.845,1.85,335.95,54.895348,9.797490,54.880962,9.786751
1390059345,0,0,0.0,0,0,4,0,713,750,-0.0292,170.2922,6.8213,0.4212,54.880077,9.787006,108.3,5.845,1.85,335.95,54.895348,9.797490,54.880962,9.786751
1390059345,0,0,0.0,0,0,4,0,713,750,-0.0292,170.2922,6.8213,0.4212,54.880077,9.787006,108.3,5.845,1.85,335.95,54.895348,9.797490,54.880962,9.786751
1390059345,0,0,0.0,0,0,4,0,713,750,-0.0292,170.2922,6.8213,0.4212,54.880077,9.787006,108.3,5.845,1.85,335.95,54.895348,9.797490,54.880962,9.786751
1390059346,0,0,0.0,0,0,4,0,713,750,-0.0292,170.2922,6.8213,0.4212,54.880077,9.787006,108.3,5.845,1.85,335.95,54.895348,9.797490,54.880962,9.786751
1390059346,0,0,0.0,0,0,4,0,713,750,-0.0292,170.2922,6.8213,0.4212,54.880077,9.787006,108.3,5.845,1.85,335.95,54.895348,9.797490,54.880962,9.786751
1390059346,0,0,0.0,0,0,4,0,713,750,-0.0292,170.2922,6.8213,0.4212,54.880077,9.787006,108.3,5.845,1.85,335.95,54.895348,9.797490,54.880962,9.786751
1390059346,0,0,0.0,0,0,4,0,713,750,-0.0292,170.2922,6.8213,0.4212,54.880077,9.787006,108.3,5.845,1.85,335.95,54.895348,9.797490,54.880962,9.786751
1390059347,0,0,0.0,0,0,4,0,713,750,-0.0292,170.2922,6.8213,0.4212,54.880077,9.787006,108.3,5.845,1.85,335.95,54.895348,9.797490,54.880962,9.786751
1390059347,0,0,0.0,0,0,4,0,713,750,-0.0292,170.2922,6.8213,0.4212,54.880077,9.787006,108.3,5.845,1.85,335.95,54.895348,9.797490,54.880962,9.786751
1390059347,0,0,0.0,0,0,4,0,713,750,-0.0292,170.2922,6.8213,0.4212,54.880077,9.787006,108.3,5.845,1.85,335.95,54.895348,9.797490,54.880962,9.786751
1390059347,0,0,0.0,0,0,4,0,713,750,-0.0292,170.2922,6.8213,0.4212,54.880077,9.787006,108.3,5.845,1.85,335.95,54.895348,9.797490,54.880962,9.786751
1390059348,0,0,0.0,0,0,4,0,713,750,-0.0292,170.2922,6.8213,0.4212,54.880077,9.787006,108.3,5.845,1.85,335.95,54.895348,9.797490,54.880962,9.786751
1390059348,0,0,0.0,0,0,4,0,713,750,-0.0292,170.2922,6.8213,0.4212,54.880077,9.787006,108.3,5.845,1.85,335.95,54.895348,9.797490,54.880962,9.786751
1390059348,0,0,0.0,0,0,4,0,713,750,-0.0292,170.2922,6.8213,0.4212,54.880077,9.787006,108.3,5.845,1.85,335.95,54.895348,9.797490,54.880962,9.786751
1390059348,0,0,0.0,0,0,4,0,713,750,-0.0292,170.2922,6.8213,0.4212,54.880077,9.787006,108.3,5.845,1.85,335.95,54.895348,9.797490,54.880962,9.786751
1390059349,0,0,0.0,0,0,4,0,713,750,-0.0292,170.2922,6.8213,0.4212,54.880077,9.787006,108.3,5.845,1.85,335.95,54.895348,9.797490,54.880962,9.786751
1390059349,0,0,0.0,0,0,4,0,713,750,-0.0292,170.2922,6.8213,0.4212,54.880077,9.787006,108.3,5.845,1.85,335.95,54.895348,9.797490,54.880962,9.786751
1390059349,0,0,0.0,0,0,4,0,713,750,-0.0292,170.2922,6.8213,0.4212,54.880077,9.787006,108.3,5.845,1.85,335.95,54.895348,9.797490,54.880962,9.786751
1390059349,0,0,0.0,0,0,4,0,713,750,-0.0292,170.2922,6.8213,0.4212,54.880077,9.787006,108.3,5.845,1.85,335.95,54.895348,9.797490,54.880962,9.786751
1390059350,0,0,0.0,0,0,4,0,713,750,-0.0292,170.2922,6.8213,0.4212,54.880077,9.787006,108.3,5.845,1.85,335.95,54.895348,9.797490,54.880962,9.786751
1390059350,0,0,0.0,0,0,4,0,713,750,-0.0292,170.2922,6.8213,0.4212,54.880077,9.787006,108.3,5.845,1.85,335.95,54.895348,9.797490,54.880962,9.786751
1390059350,0,0,0.0,0,0,4,0,713,750,-0.0292,170.2922,6.8213,0.4212,54.880077,9.787006,108.3,5.845,1.85,335.95,54.895348,9.797490,54.880962,9.786751
1390059350,0,0,0.0,0,0,4,0,713,750,-0.0292,170.2922,6.8213,0.4212,54.880077,9.787006,108.3,5.845,1.85,335.95,54.895348,9.797490,54.880962,9.786751
1390059351,0,0,0.0,0,0,4,0,713,750,-0.0292,170.2922,6.8213,0.4212,54.880077,9.787006,108.3,5.845,1.85,335.95,54.895348,9.797490,54.880962,9.786751
1390059351,0,0,0.0,0,0,4,0,713,750,-0.0292,170.2922,6.8213,0.4212,54.880077,9.787006,108.3,5.845,1.85,335.95,54.895348,9.797490,54.880962,9.786751
1390059351,0,0,0.0,0,0,4,0,713,750,-0.0292,170.2922,6.8213,0.4212,54.880077,9.787006,108.3,5.845,1.85,335.95,54.895348,9.797490,54.880962,9.786751
1390059351,0,0,0.0,0,0,4,0,713,750,-0.0292,170.2922,6.8213,0.4212,54.880077,9.787006,108.3,5.845,1.85,335.95,54.895348,9.797490,54.880962,9.786751
1390059352,0,0,0.0,0,0,4,0,713,750,-0.0292,170.2922,6.8213,0.4212,54.880077,9.787006,108.3,5.845,1.85,335.95,54.895348,9.797490,54.880962,9.786751
1390059352,0,0,0.0,0,0,4,0,713,750,-0.0292,170.2922,6.8213,0.4212,54.880077,9.787006,108.3,5.845,1.85,335.95,54.895348,9.797490,54.880962,9.786751
1390059352,0,0,0.0,0,0,4,0,713,750,-0.0292,170.2922,6.8213,0.4212,54.880077,9.787006,108.3,5.845,1.85,335.95,54.895348,9.797490,54.880962,9.786751
1390059352,0,0,0.0,0,0,4,0,713,750,-0.0292,170.2922,6.8213,0.4212,54.880077,9.787006,108.3,5.845,1.85,335.95,54.895348,9.797490,54.880962,9.786751
1390059353,0,0,0.0,0,0,4,0,713,750,-0.0292,170.2922,6.8213,0.4212,54.880077,9.787006,108.3,5.845,1.85,335.95,54.895348,9.797490,54.880962,9.786751
1390059353,0,0,0.0,0,0,4,0,713,750,-0.0292,170.2922,6.8213,0.4212,54.880077,9.787006,108.3,5.845,1.85,335.95,54.895348,9.797490,54.880962,9.786751
1390059353,0,0,0.0,0,0,4,0,713,750,-0.0292,170.2922,6.8213,0.4212,54.880077,9.787006,108.3,5.845,1.85,335.95,54.895348,9.797490,54.880962,9.786751
1390059353,0,0,0.0,0,0,4,0,713,750,-0.0292,170.2922,6.8213,0.4212,54.880077,9.787006,108.3,5.845,1.85,335.95,54.895348,9.797490,54.880962,9.786751
1390059354,0,0,0.0,0,0,4,0,713,750,-0.0292,170.2922,6.8213,0.4212,54.880077,9.787006,108.3,5.845,1.85,335.95,54.895348,9.797490,54.880962,9.786751
1390059354,0,0,0.0,0,0,4,0,713,750,-0.0292,170.2922,6.8213,0.4212,54.880077,9.787006,108.3,5.845,1.85,335.95,54.895348,9.797490,54.880962,9.786751
1390059354,0,0,0.0,0,0,4,0,713,750,-0.0292,170.2922,6.8213,0.4212,54.880077,9.787006,108.3,5.845,1.85,335.95,54.895348,9.797490,54.880962,9.786751
1390059354,0,0,0.0,0,0,4,0,713,750,-0.0292,170.2922,6.8213,0.4212,54.880077,9.787006,108.3,5.845,1.85,335.95,54.895348,9.797490,54.880962,9.786751
1390059355,0,0,0.0,0,0,4,0,713,750,-0.0292,170.2922,6.8213,0.4212,54.880077,9.787006,108.3,5.845,1.85,335.95,54.895348,9.797490,54.880962,9.786751
1390059355,0,0,0.0,0,0,4,0,713,750,-0.0292,170.2922,6.8213,0.4212,54.880077,9.787006,108.3,5.845,1.85,335.95,54.895348,9.797490,54.880962,9.786751
1390059355,0,0,0.0,0,0,4,0,713,750,-0.0292,170.2922,6.8213,0.4212,54.880077,9.787006,108.3,5.845,1.85,335.95,54.895348,9.797490,54.880962,9.786751
1390059355,0,0,0.0,0,0,4,0,713,750,-0.0292,170.2922,6.8213,0.4212,54.880077,9.787006,108.3,5.845,1.85,335.95,54.895348,9.797490,54.880962,9.786751
1390059356,0,0,0.0,0,0,4,0,713,750,-0.0292,170.2922,6.8213,0.4212,54.880077,9.787006,108.3,5.845,1.85,335.95,54.895348,9.797490,54.880962,9.786751
1390059356,0,0,0.0,0,0,4,0,713,750,-0.0292,170.2922,6.8213,0.4212,54.880077,9.787006,108.3,5.845,1.85,335.95,54.895348,9.797490,54.880962,9.786751
1390059356,0,0,0.0,0,0,4,0,713,750,-0.0292,170.2922,6.8213,0.4212,54.880077,9.787006,108.3,5.845,1.85,335.95,54.895348,9.797490,54.880962,9.786751
1390059356,0,0,0.0,0,0,4,0,713,750,-0.0292,170.2922,6.8213,0.4212,54.880077,9.787006,108.3,5.845,1.85,335.95,54.895348,9.797490,54.880962,9.786751
1390059357,0,0,0.0,0,0,4,0,713,750,-0.0292,170.2922,6.8213,0.4212,54.880077,9.787006,108.3,5.845,1.85,335.95,54.895348,9.797490,54.880962,9.786751
1390059357,0,0,0.0,0,0,4,0,713,750,-0.0292,170.2922,6.8213,0.4212,54.880077,9.787006,108.3,5.845,1.85,335.95,54.895348,9.797490,54.880962,9.786751
1390059357,0,0,0.0,0,0,4,0,713,750,-0.0292,170.2922,6.8213,0.4212,54.880077,9.787006,108.3,5.845,1.85,335.95,54.895348,9.797490,54.880962,9.786751
1390059357,0,0,0.0,0,0,4,0,713,750,-0.0292,170.2922,6.8213,0.4212,54.880077,9.787006,108.3,5.845,1.85,335.95,54.895348,9.797490,54.880962,9.786751
1390059358,0,0,0.0,0,0,4,0,713,750,-0.0292,170.2922,6.8213,0.4212,54.880077,9.787006,108.3,5.845,1.85,335.95,54.895348,9.797490,54.880962,9.786751
1390059358,0,0,0.0,0,0,4,0,713,750,-0.0292,170.2922,6.8213,0.4212,54.880077,9.787006,108.3,5.845,1.85,335.95,54.895348,9.797490,54.880962,9.786751
1390059358,0,0,0.0,0,0,4,0,713,750,-0.0292,170.2922,6.8213,0.4212,54.880077,9.787006,108.3,5.845,1.85,335.95,54.895348,9.797490,54.880962,9.786751
1390059358,0,0,0.0,0,0,4,0,713,750,-0.0292,170.2922,6.8213,0.4212,54.880077,9.787006,108.3,5.845,1.85,335.95,54.895348,9.797490,54.880962,9.786751
1390059359,0,0,0.0,0,0,4,0,713,750,-0.0292,170.2922,6.8213,0.4212,54.880077,9.787006,108.3,5.845,1.85,335.95,54.895348,9.797490,54.880962,9.786751
1390059359,0,0,0.0,0,0,4,0,713,750,-0.0292,170.2922,6.8213,0.4212,54.880077,9.787006,108.3,5.845,1.85,335.95,54.895348,9.797490,54.880962,9.786751
1390059359,0,0,0.0,0,0,4,0,713,750,-0.0292,170.2922,6.8213,0.4212,54.880077,9.787006,108.3,5.845,1.85,335.95,54.895348,9.797490,54.880962,9.786751
1390059359,0,0,0.0,0,0,4,0,713,750,-0.0292,170.2922,6.8213,0.4212,54.880077,9.787006,108.3,5.845,1.85,335.95,54.895348,9.797490,54.880962,9.786751
1390059360,0,0,0.0,0,0,4,0,713,750,-0.0292,170.2922,6.8213,0.4212,54.880077,9.787006,108.3,5.845,1.85,335.95,54.895348,9.797490,54.880962,9.786751
1390059360,0,0,0.0,0,0,4,0,713,750,-0.0292,170.2922,6.8213,0.4212,54.880077,9.787006,108.3,5.845,1.85,335.95,54.895348,9.797490,54.880962,9.786751
1390059360,0,0,0.0,0,0,4,0,713,750,-0.0292,170.2922,6.8213,0.4212,54.880077,9.787006,108.3,5.845,1.85,335.95,54.895348,9.797490,54.880962,9.786751
1390059360,0,0,0.0,0,0,4,0,713,750,-0.0292,170.2922,6.8213,0.4212,54.880077,9.787006,108.3,5.845,1.85,335.95,54.895348,9.797490,54.880962,9.786751
1390059361,0,0,0.0,0,0,4,0,713,750,-0.0292,170.2922,6.8213,0.4212,54.880077,9.787006,108.3,5.845,1.85,335.95,54.895348,9.797490,54.880962,9.786751
1390059361,0,0,0.0,0,0,4,0,713,750,-0.0292,170.2922,6.8213,0.4212,54.880077,9.787006,108.3,5.845,1.85,335.95,54.895348,9.797490,54.880962,9.786751
1390059361,0,0,0.0,0,0,4,0,713,750,-0.0292,170.2922,6.8213,0.4212,54.880077,9.787006,108.3,5.845,1.85,335.95,54.895348,9.797490,54.880962,9.786751
1390059361,0,0,0.0,0,0,4,0,713,750,-0.0292,170.2922,6.8213,0.4212,54.880077,9.787006,108.3,5.845,1.85,335.95,54.895348,9.797490,54.880962,9.786751
1390059362,0,0,0.0,0,0,4,0,713,750,-0.0292,170.2922,6.8213,0.4212,54.880077,9.787006,108.3,5.845,1.85,335.95,54.895348,9.797490,54.880962,9.786751
1390059362,0,0,0.0,0,0,4,0,713,750,-0.0292,170.2922,6.8213,0.4212,54.880077,9.787006,108.3,5.845,1.85,335.95,54.895348,9.797490,54.880962,9.786751
1390059362,0,0,0.0,0,0,4,0,713,750,-0.0292,170.2922,6.8213,0.4212,54.880077,9.787006,108.3,5.845,1.85,335.95,54.895348,9.797490,54.880962,9.786751
1390059362,0,0,0.0,0,0,4,0,713,750,-0.0292,170.2922,6.8213,0.4212,54.880077,9.787006,108.3,5.845,1.85,335.95,54.895348,9.797490,54.880962,9.786751
1390059363,0,0,0.0,0,0,4,0,713,750,-0.0292,170.2922,6.8213,0.4212,54.880077,9.787006,108.3,5.845,1.85,335.95,54.895348,9.797490,54.880962,9.786751
1390059363,0,0,0.0,0,0,4,0,713,750,-0.0292,170.2922,6.8213,0.4212,54.880077,9.787006,108.3,5.845,1.85,335.95,54.895348,9.797490,54.880962,9.786751
1390059363,0,0,0.0,0,0,4,0,713,750,-0.0292,170.2922,6.8213,0.4212,54.880077,9.787006,108.3,5.845,1.85,335.95,54.895348,9.797490,54.880962,9.786751
1390059363,0,0,0.0,0,0,4,0,713,750,-0.0292,170.2922,6.8213,0.4212,54.880077,9.787006,108.3,5.845,1.85,335.95,54.895348,9.797490,54.880962,9.786751
1390059364,0,0,0.0,0,0,4,0,713,750,-0.0292,170.2922,6.8213,0.4212,54.880077,9.787006,108.3,5.845,1.85,335.95,54.895348,9.797490,54.880962,9.786751
1390059364,0,0,0.0,0,0,4,0,713,750,-0.0292,170.2922,6.8213,0.4212,54.880077,9.787006,108.3,5.845,1.85,335.95,54.895348,9.797490,54.880962,9.786751
1390059364,0,0,0.0,0,0,4,0,713,750,-0.0292,170.2922,6.8213,0.4212,54.880077,9.787006,108.3,5.845,1.85,335.95,54.895348,9.797490,54.880962,9.786751
1390059364,0,0,0.0,0,0,4,0,713,750,-0.0292,170.2922,6.8213,0.4212,54.880077,9.787006,108.3,5.845,1.85,335.95,54.895348,9.797490,54.880962,9.786751
1390059365,0,0,0.0,0,0,4,0,713,750,-0.0292,170.2922,6.8213,0.4212,54.880077,9.787006,108.3,5.845,1.85,335.95,54.895348,9.797490,54.880962,9.786751
1390059365,0,0,0.0,0,0,4,0,713,750,-0.0292,170.2922,6.8213,0.4212,54.880077,9.787006,108.3,5.845,1.85,335.95,54.895348,9.797490,54.880962,9.786751
1390059365,0,0,0.0,0,0,4,0,713,750,-0.0292,170.2922,6.8213,0.4212,54.880077,9.787006,108.3,5.845,1.85,335.95,54.895348,9.797490,54.880962,9.786751
1390059365,0,0,0.0,0,0,4,0,713,750,-0.0292,170.2922,6.8213,0.4212,54.880077,9.787006,108.3,5.845,1.85,335.95,54.895348,9.797490,54.880962,9.786751
1390059366,0,0,0.0,0,0,4,0,713,750,-0.0292,170.2922,6.8213,0.4212,54.880077,9.787006,108.3,5.845,1.85,335.95,54.895348,9.797490,54.880962,9.786751
1390059366,0,0,0.0,0,0,4,0,713,750,-0.0292,170.2922,6.8213,0.4212,54.880077,9.787006,108.3,5.845,1.85,335.95,54.895348,9.797490,54.880962,9.786751
1390059366,0,0,0.0,0,0,4,0,713,750,-0.0292,170.2922,6.8213,0.4212,54.880077,9.787006,108.3,5.845,1.85,335.95,54.895348,9.797490,54.880962,9.786751
1390059366,0,0,0.0,0,0,4,0,713,750,-0.0292,170.2922,6.8213,0.4212,54.880077,9.787006,108.3,5.845,1.85,335.95,54.895348,9.797490,54.880962,9.786751
1390059367,0,0,0.0,0,0,4,0,713,750,-0.0292,170.2922,6.8213,0.4212,54.880077,9.787006,108.3,5.845,1.85,335.95,54.895348,9.797490,54.880962,9.786751
1390059367,0,0,0.0,0,0,4,0,713,750,-0.0292,170.2922,6.8213,0.4212,54.880077,9.787006,108.3,5.845,1.85,335.95,54.895348,9.797490,54.880962,9.786751
1390059367,0,0,0.0,0,0,4,0,713,750,-0.0292,170.2922,6.8213,0.4212,54.880077,9.787006,108.3,5.845,1.85,335.95,54.895348,9.797490,54.880962,9.786751
1390059367,0,0,0.0,0,0,4,0,713,750,-0.0292,170.2922,6.8213,0.4212,54.880077,9.787006,108.3,5.845,1.85,335.95,54.895348,9.797490,54.880962,9.786751
1390059368,0,0,0.0,0,0,4,0,713,750,-0.0292,170.2922,6.8213,0.4212,54.880077,9.787006,108.3,5.845,1.85,335.95,54.895348,9.797490,54.880962,9.786751
1390059368,0,0,0.0,0,0,4,0,713,750,-0.0292,170.2922,6.8213,0.4212,54.880077,9.787006,108.3,5.845,1.85,335.95,54.895348,9.797490,54.880962,9.786751
1390059368,0,0,0.0,0,0,4,0,713,750,-0.0292,170.2922,6.8213,0.4212,54.880077,9.787006,108.3,5.845,1.85,335.95,54.895348,9.797490,54.880962,9.786751
1390059368,0,0,0.0,0,0,4,0,713,750,-0.0292,170.2922,6.8213,0.4212,54.880077,9.787006,108.3,5.845,1.85,335.95,54.895348,9.797490,54.880962,9.786751
1390059369,0,0,0.0,0,0,4,0,713,750,-0.0292,170.2922,6.8213,0.4212,54.880077,9.787006,108.3,5.845,1.85,335.95,54.895348,9.797490,54.880962,9.786751
1390059369,0,0,0.0,0,0,4,0,713,750,-0.0292,170.2922,6.8213,0.4212,54.880077,9.787006,108.3,5.845,1.85,335.95,54.895348,9.797490,54.880962,9.786751
1390059369,0,0,0.0,0,0,4,0,713,750,-0.0292,170.2922,6.8213,0.4212,54.880077,9.787006,108.3,5.845,1.85,335.95,54.895348,9.797490,54.880962,9.786751
1390059369,0,0,0.0,0,0,4,0,713,750,-0.0292,170.2922,6.8213,0.4212,54.880077,9.787006,108.3,5.845,1.85,335.95,54.895348,9.797490,54.880962,9.786751
1390059370,0,0,0.0,0,0,4,0,713,750,-0.0292,170.2922,6.8213,0.4212,54.880077,9.787006,108.3,5.845,1.85,335.95,54.895348,9.797490,54.880962,9.786751
1390059370,0,0,0.0,0,0,4,0,713,750,-0.0292,170.2922,6.8213,0.4212,54.880077,9.787006,108.3,5.845,1.85,335.95,54.895348,9.797490,54.880962,9.786751
1390059370,0,0,0.0,0,0,4,0,713,750,-0.0292,170.2922,6.8213,0.4212,54.880077,9.787006,108.3,5.845,1.85,335.95,54.895348,9.797490,54.880962,9.786751
1390059370,0,0,0.0,0,0,4,0,713,750,-0.0292,170.2922,6.8213,0.4212,54.880077,9.787006,108.3,5.845,1.85,335.95,54.895348,9.797490,54.880962,9.786751
1390059371,0,0,0.0,0,0,4,0,713,750,-0.0292,170.2922,6.8213,0.4212,54.880077,9.787006,108.3,5.845,1.85,335.95,54.895348,9.797490,54.880962,9.786751
1390059371,0,0,0.0,0,0,4,0,713,750,-0.0292,170.2922,6.8213,0.4212,54.880077,9.787006,108.3,5.845,1.85,335.95,54.895348,9.797490,54.880962,9.786751
1390059371,0,0,0.0,0,0,4,0,713,750,-0.0292,170.2922,6.8213,0.4212,54.880077,9.787006,108.3,5.845,1.85,335.95,54.895348,9.797490,54.880962,9.786751
1390059371,0,0,0.0,0,0,4,0,713,750,-0.0292,170.2922,6.8213,0.4212,54.880077,9.787006,108.3,5.845,1.85,335.95,54.895348,9.797490,54.880962,9.786751
1390059372,0,0,0.0,0,0,4,0,713,750,-0.0292,170.2922,6.8213,0.4212,54.880077,9.787006,108.3,5.845,1.85,335.95,54.895348,9.797490,54.880962,9.786751
1390059372,0,0,0.0,0,0,4,0,713,750,-0.0292,170.2922,6.8213,0.4212,54.880077,9.787006,108.3,5.845,1.85,335.95,54.895348,9.797490,54.880962,9.786751
1390059372,0,0,0.0,0,0,4,0,713,750,-0.0292,170.2922,6.8213,0.4212,54.880077,9.787006,108.3,5.845,1.85,335.95,54.895348,9.797490,54.880962,9.786751
1390059372,0,0,0.0,0,0,4,0,713,750,-0.0292,170.2922,6.8213,0.4212,54.880077,9.787006,108.3,5.845,1.85,335.95,54.895348,9.797490,54.880962,9.786751
1390059373,0,0,0.0,0,0,4,0,713,750,-0.0292,170.2922,6.8213,0.4212,54.880077,9.787006,108.3,5.845,1.85,335.95,54.895348,9.797490,54.880962,9.786751
1390059373,0,0,0.0,0,0,4,0,713,750,-0.0292,170.2922,6.8213,0.4212,54.880077,9.787006,108.3,5.845,1.85,335.95,54.895348,9.797490,54.880962,9.786751
1390059373,0,0,0.0,0,0,4,0,713,750,-0.0292,170.2922,6.8213,0.4212,54.880077,9.787006,108.3,5.845,1.85,335.95,54.895348,9.797490,54.880962,9.786751
1390059374,0,0,0.0,0,0,4,0,713,750,-0.0292,170.2922,6.8213,0.4212,54.880077,9.787006,108.3,5.845,1.85,335.95,54.895348,9.797490,54.880962,9.786751
1390059374,0,0,0.0,0,0,4,0,713,750,-0.0292,170.2922,6.8213,0.4212,54.880077,9.787006,108.3,5.845,1.85,335.95,54.895348,9.797490,54.880962,9.786751
1390059374,0,0,0.0,0,0,4,0,713,750,-0.0292,170.2922,6.8213,0.4212,54.880077,9.787006,108.3,5.845,1.85,335.95,54.895348,9.797490,54.880962,9.786751
1390059374,0,0,0.0,0,0,4,0,713,750,-0.0292,170.2922,6.8213,0.4212,54.880077,9.787006,108.3,5.845,1.85,335.95,54.895348,9.797490,54.880962,9.786751
1390059375,0,0,0.0,0,0,4,0,713,750,-0.0292,170.2922,6.8213,0.4212,54.880077,9.787006,108.3,5.845,1.85,335.95,54.895348,9.797490,54.880962,9.786751
1390059375,0,0,0.0,0,0,4,0,713,750,-0.0292,170.2922,6.8213,0.4212,54.880077,9.787006,108.3,5.845,1.85,335.95,54.895348,9.797490,54.880962,9.786751
1390059375,0,0,0.0,0,0,4,0,713,750,-0.0292,170.2922,6.8213,0.4212,54.880077,9.787006,108.3,5.845,1.85,335.95,54.895348,9.797490,54.880962,9.786751
1390059375,0,0,0.0,0,0,4,0,713,750,-0.0292,170.2922,6.8213,0.4212,54.880077,9.787006,108.3,5.845,1.85,335.95,54.895348,9.797490,54.880962,9.786751
1390059376,0,0,0.0,0,0,4,0,713,750,-0.0292,170.2922,6.8213,0.4212,54.880077,9.787006,108.3,5.845,1.85,335.95,54.895348,9.797490,54.880962,9.786751
1390059376,0,0,0.0,0,0,4,0,713,750,-0.0292,170.2922,6.8213,0.4212,54.880077,9.787006,108.3,5.845,1.85,335.95,54.895348,9.797490,54.880962,9.786751
1390059376,0,0,0.0,0,0,4,0,713,750,-0.0292,170.2922,6.8213,0.4212,54.880077,9.787006,108.3,5.845,1.85,335.95,54.895348,9.797490,54.880962,9.786751
1390059376,0,0,0.0,0,0,4,0,713,750,-0.0292,170.2922,6.8213,0.4212,54.880077,9.787006,108.3,5.845,1.85,335.95,54.895348,9.797490,54.880962,9.786751
1390059377,0,0,0.0,0,0,4,0,713,750,-0.0292,170.2922,6.8213,0.4212,54.880077,9.787006,108.3,5.845,1.85,335.95,54.895348,9.797490,54.880962,9.786751
1390059377,0,0,0.0,0,0,4,0,713,750,-0.0292,170.2922,6.8213,0.4212,54.880077,9.787006,108.3,5.845,1.85,335.95,54.895348,9.797490,54.880962,9.786751
1390059377,0,0,0.0,0,0,4,0,713,750,-0.0292,170.2922,6.8213,0.4212,54.880077,9.787006,108.3,5.845,1.85,335.95,54.895348,9.797490,54.880962,9.786751
1390059377,0,0,0.0,0,0,4,0,713,750,-0.0292,170.2922,6.8213,0.4212,54.880077,9.787006,108.3,5.845,1.85,335.95,54.895348,9.797490,54.880962,9.786751
1390059378,0,0,0.0,0,0,4,0,713,750,-0.0292,170.2922,6.8213,0.4212,54.880077,9.787006,108.3,5.845,1.85,335.95,54.895348,9.797490,54.880962,9.786751
1390059378,0,0,0.0,0,0,4,0,713,750,-0.0292,170.2922,6.8213,0.4212,54.880077,9.787006,108.3,5.845,1.85,335.95,54.895348,9.797490,54.880962,9.786751
1390059378,0,0,0.0,0,0,4,0,713,750,-0.0292,170.2922,6.8213,0.4212,54.880077,9.787006,108.3,5.845,1.85,335.95,54.895348,9.797490,54.880962,9.786751
1390059378,0,0,0.0,0,0,4,0,713,750,-0.0292,170.2922,6.8213,0.4212,54.880077,9.787006,108.3,5.845,1.85,335.95,54.895348,9.797490,54.880962,9.786751
1390059379,0,0,0.0,0,0,4,0,713,750,-0.0292,170.2922,6.8213,0.4212,54.880077,9.787006,108.3,5.845,1.85,335.95,54.895348,9.797490,54.880962,9.786751
1390059379,0,0,0.0,0,0,4,0,713,750,-0.0292,170.2922,6.8213,0.4212,54.880077,9.787006,108.3,5.845,1.85,335.95,54.895348,9.797490,54.880962,9.786751
1390059379,0,0,0.0,0,0,4,0,713,750,-0.0292,170.2922,6.8213,0.4212,54.880077,9.787006,108.3,5.845,1.85,335.95,54.895348,9.797490,54.880962,9.786751
1390059379,0,0,0.0,0,0,4,0,713,750,-0.0292,170.2922,6.8213,0.4212,54.880077,9.787006,108.3,5.845,1.85,335.95,54.895348,9.797490,54.880962,9.786751
1390059380,0,0,0.0,0,0,4,0,713,750,-0.0292,170.2922,6.8213,0.4212,54.880077,9.787006,108.3,5.845,1.85,335.95,54.895348,9.797490,54.880962,9.786751
1390059380,0,0,0.0,0,0,4,0,713,750,-0.0292,170.2922,6.8213,0.4212,54.880077,9.787006,108.3,5.845,1.85,335.95,54.895348,9.797490,54.880962,9.786751
1390059380,0,0,0.0,0,0,4,0,713,750,-0.0292,170.2922,6.8213,0.4212,54.880077,9.787006,108.3,5.845,1.85,335.95,54.895348,9.797490,54.880962,9.786751
1390059380,0,0,0.0,0,0,4,0,713,750,-0.0292,170.2922,6.8213,0.4212,54.880077,9.787006,108.3,5.845,1.85,335.95,54.895348,9.797490,54.880962,9.786751
1390059381,0,0,0.0,0,0,4,0,713,750,-0.0292,170.2922,6.8213,0.4212,54.880077,9.787006,108.3,5.845,1.85,335.95,54.895348,9.797490,54.880962,9.786751
1390059381,0,0,0.0,0,0,4,0,713,750,-0.0292,170.2922,6.8213,0.4212,54.880077,9.787006,108.3,5.845,1.85,335.95,54.895348,9.797490,54.880962,9.786751
1390059381,0,0,0.0,0,0,4,0,713,750,-0.0292,170.2922,6.8213,0.4212,54.880077,9.787006,108.3,5.845,1.85,335.95,54.895348,9.797490,54.880962,9.786751
1390059381,0,0,0.0,0,0,4,0,713,750,-0.0292,170.2922,6.8213,0.4212,54.880077,9.787006,108.3,5.845,1.85,335.95,54.895348,9.797490,54.880962,9.786751
1390059382,0,0,0.0,0,0,4,0,713,750,-0.0292,170.2922,6.8213,0.4212,54.880077,9.787006,108.3,5.845,1.85,335.95,54.895348,9.797490,54.880962,9.786751
1390059382,0,0,0.0,0,0,4,0,713,750,-0.0292,170.2922,6.8213,0.4212,54.880077,9.787006,108.3,5.845,1.85,335.95,54.895348,9.797490,54.880962,9.786751
1390059382,0,0,0.0,0,0,4,0,713,750,-0.0292,170.2922,6.8213,0.4212,54.880077,9.787006,108.3,5.845,1.85,335.95,54.895348,9.797490,54.880962,9.786751
1390059382,0,0,0.0,0,0,4,0,713,750,-0.0292,170.2922,6.8213,0.4212,54.880077,9.787006,108.3,5.845,1.85,335.95,54.895348,9.797490,54.880962,9.786751
1390059383,0,0,0.0,0,0,4,0,713,750,-0.0292,170.2922,6.8213,0.4212,54.880077,9.787006,108.3,5.845,1.85,335.95,54.895348,9.797490,54.880962,9.786751
1390059383,0,0,0.0,0,0,4,0,713,750,-0.0292,170.2922,6.8213,0.4212,54.880077,9.787006,108.3,5.845,1.85,335.95,54.895348,9.797490,54.880962,9.786751
1390059383,0,0,0.0,0,0,4,0,713,750,-0.0292,170.2922,6.8213,0.4212,54.880077,9.787006,108.3,5.845,1.85,335.95,54.895348,9.797490,54.880962,9.786751
1390059383,0,0,0.0,0,0,4,0,713,750,-0.0292,170.2922,6.8213,0.4212,54.880077,9.787006,108.3,5.845,1.85,335.95,54.895348,9.797490,54.880962,9.786751
1390059384,0,0,0.0,0,0,4,0,713,750,-0.0292,170.2922,6.8213,0.4212,54.880077,9.787006,108.3,5.845,1.85,335.95,54.895348,9.797490,54.880962,9.786751
1390059384,0,0,0.0,0,0,4,0,713,750,-0.0292,170.2922,6.8213,0.4212,54.880077,9.787006,108.3,5.845,1.85,335.95,54.895348,9.797490,54.880962,9.786751
1390059384,0,0,0.0,0,0,4,0,713,750,-0.0292,170.2922,6.8213,0.4212,54.880077,9.787006,108.3,5.845,1.85,335.95,54.895348,9.797490,54.880962,9.786751
1390059384,0,0,0.0,0,0,4,0,713,750,-0.0292,170.2922,6.8213,0.4212,54.880077,9.787006,108.3,5.845,1.85,335.95,54.895348,9.797490,54.880962,9.786751
1390059385,0,0,0.0,0,0,4,0,713,750,-0.0292,170.2922,6.8213,0.4212,54.880077,9.787006,108.3,5.845,1.85,335.95,54.895348,9.797490,54.880962,9.786751
1390059385,0,0,0.0,0,0,4,0,713,750,-0.0292,170.2922,6.8213,0.4212,54.880077,9.787006,108.3,5.845,1.85,335.95,54.895348,9.797490,54.880962,9.786751
1390059385,0,0,0.0,0,0,4,0,713,750,-0.0292,170.2922,6.8213,0.4212,54.880077,9.787006,108.3,5.845,1.85,335.95,54.895348,9.797490,54.880962,9.786751
1390059385,0,0,0.0,0,0,4,0,713,750,-0.0292,170.2922,6.8213,0.4212,54.880077,9.787006,108.3,5.845,1.85,335.95,54.895348,9.797490,54.880962,9.786751
1390059386,0,0,0.0,0,0,4,0,713,750,-0.0292,170.2922,6.8213,0.4212,54.880077,9.787006,108.3,5.845,1.85,335.95,54.895348,9.797490,54.880962,9.786751
1390059386,0,0,0.0,0,0,4,0,713,750,-0.0292,170.2922,6.8213,0.4212,54.880077,9.787006,108.3,5.845,1.85,335.95,54.895348,9.797490,54.880962,9.786751
1390059386,0,0,0.0,0,0,4,0,713,750,-0.0292,170.2922,6.8213,0.4212,54.880077,9.787006,108.3,5.845,1.85,335.95,54.895348,9.797490,54.880962,9.786751
1390059386,0,0,0.0,0,0,4,0,713,750,-0.0292,170.2922,6.8213,0.4212,54.880077,9.787006,108.3,5.845,1.85,335.95,54.895348,9.797490,54.880962,9.786751
1390059387,0,0,0.0,0,0,4,0,713,750,-0.0292,170.2922,6.8213,0.4212,54.880077,9.787006,108.3,5.845,1.85,335.95,54.895348,9.797490,54.880962,9.786751
1390059387,0,0,0.0,0,0,4,0,713,750,-0.0292,170.2922,6.8213,0.4212,54.880077,9.787006,108.3,5.845,1.85,335.95,54.895348,9.797490,54.880962,9.786751
1390059387,0,0,0.0,0,0,4,0,713,750,-0.0292,170.2922,6.8213,0.4212,54.880077,9.787006,108.3,5.845,1.85,335.95,54.895348,9.797490,54.880962,9.786751
1390059387,0,0,0.0,0,0,4,0,713,750,-0.0292,170.2922,6.8213,0.4212,54.880077,9.787006,108.3,5.845,1.85,335.95,54.895348,9.797490,54.880962,9.786751
1390059388,0,0,0.0,0,0,4,0,713,750,-0.0292,170.2922,6.8213,0.4212,54.880077,9.787006,108.3,5.845,1.85,335.95,54.895348,9.797490,54.880962,9.786751
1390059388,0,0,0.0,0,0,4,0,713,750,-0.0292,170.2922,6.8213,0.4212,54.880077,9.787006,108.3,5.845,1.85,335.95,54.895348,9.797490,54.880962,9.786751
1390059388,0,0,0.0,0,0,4,0,713,750,-0.0292,170.2922,6.8213,0.4212,54.880077,9.787006,108.3,5.845,1.85,335.95,54.895348,9.797490,54.880962,9.786751
1390059388,0,0,0.0,0,0,4,0,713,750,-0.0292,170.2922,6.8213,0.4212,54.880077,9.787006,108.3,5.845,1.85,335.95,54.895348,9.797490,54.880962,9.786751
1390059389,0,0,0.0,0,0,4,0,713,750,-0.0292,170.2922,6.8213,0.4212,54.880077,9.787006,108.3,5.845,1.85,335.95,54.895348,9.797490,54.880962,9.786751
1390059389,0,0,0.0,0,0,4,0,713,750,-0.0292,170.2922,6.8213,0.4212,54.880077,9.787006,108.3,5.845,1.85,335.95,54.895348,9.797490,54.880962,9.786751
1390059389,0,0,0.0,0,0,4,0,713,750,-0.0292,170.2922,6.8213,0.4212,54.880077,9.787006,108.3,5.845,1.85,335.95,54.895348,9.797490,54.880962,9.786751
1390059389,0,0,0.0,0,0,4,0,713,750,-0.0292,170.2922,6.8213,0.4212,54.880077,9.787006,108.3,5.845,1.85,335.95,54.895348,9.797490,54.880962,9.786751
1390059390,0,0,0.0,0,0,4,0,713,750,-0.0292,170.2922,6.8213,0.4212,54.880077,9.787006,108.3,5.845,1.85,335.95,54.895348,9.797490,54.880962,9.786751
1390059390,0,0,0.0,0,0,4,0,713,750,-0.0292,170.2922,6.8213,0.4212,54.880077,9.787006,108.3,5.845,1.85,335.95,54.895348,9.797490,54.880962,9.786751
1390059390,0,0,0.0,0,0,4,0,713,750,-0.0292,170.2922,6.8213,0.4212,54.880077,9.787006,108.3,5.845,1.85,335.95,54.895348,9.797490,54.880962,9.786751
1390059390,0,0,0.0,0,0,4,0,713,750,-0.0292,170.2922,6.8213,0.4212,54.880077,9.787006,108.3,5.845,1.85,335.95,54.895348,9.797490,54.880962,9.786751
1390059391,0,0,0.0,0,0,4,0,713,750,-0.0292,170.2922,6.8213,0.4212,54.880077,9.787006,108.3,5.845,1.85,335.95,54.895348,9.797490,54.880962,9.786751
1390059391,0,0,0.0,0,0,4,0,713,750,-0.0292,170.2922,6.8213,0.4212,54.880077,9.787006,108.3,5.845,1.85,335.95,54.895348,9.797490,54.880962,9.786751
1390059391,0,0,0.0,0,0,4,0,713,750,-0.0292,170.2922,6.8213,0.4212,54.880077,9.787006,108.3,5.845,1.85,335.95,54.895348,9.797490,54.880962,9.786751
1390059391,0,0,0.0,0,0,4,0,713,750,-0.0292,170.2922,6.8213,0.4212,54.880077,9.787006,108.3,5.845,1.85,335.95,54.895348,9.797490,54.880962,9.786751
1390059392,0,0,0.0,0,0,4,0,713,750,-0.0292,170.2922,6.8213,0.4212,54.880077,9.787006,108.3,5.845,1.85,335.95,54.895348,9.797490,54.880962,9.786751
1390059392,0,0,0.0,0,0,4,0,713,750,-0.0292,170.2922,6.8213,0.4212,54.880077,9.787006,108.3,5.845,1.85,335.95,54.895348,9.797490,54.880962,9.786751
1390059392,0,0,0.0,0,0,4,0,713,750,-0.0292,170.2922,6.8213,0.4212,54.880077,9.787006,108.3,5.845,1.85,335.95,54.895348,9.797490,54.880962,9.786751
1390059392,0,0,0.0,0,0,4,0,713,750,-0.0292,170.2922,6.8213,0.4212,54.880077,9.787006,108.3,5.845,1.85,335.95,54.895348,9.797490,54.880962,9.786751
1390059393,0,0,0.0,0,0,4,0,713,750,-0.0292,170.2922,6.8213,0.4212,54.880077,9.787006,108.3,5.845,1.85,335.95,54.895348,9.797490,54.880962,9.786751
1390059393,0,0,0.0,0,0,4,0,713,750,-0.0292,170.2922,6.8213,0.4212,54.880077,9.787006,108.3,5.845,1.85,335.95,54.895348,9.797490,54.880962,9.786751
1390059393,0,0,0.0,0,0,4,0,713,750,-0.0292,170.2922,6.8213,0.4212,54.880077,9.787006,108.3,5.845,1.85,335.95,54.895348,9.797490,54.880962,9.786751
1390059393,0,0,0.0,0,0,4,0,713,750,-0.0292,170.2922,6.8213,0.4212,54.880077,9.787006,108.3,5.845,1.85,335.95,54.895348,9.797490,54.880962,9.786751
1390059394,0,0,0.0,0,0,4,0,713,750,-0.0292,170.2922,6.8213,0.4212,54.880077,9.787006,108.3,5.845,1.85,335.95,54.895348,9.797490,54.880962,9.786751
1390059394,0,0,0.0,0,0,4,0,713,750,-0.0292,170.2922,6.8213,0.4212,54.880077,9.787006,108.3,5.845,1.85,335.95,54.895348,9.797490,54.880962,9.786751
1390059394,0,0,0.0,0,0,4,0,713,750,-0.0292,170.2922,6.8213,0.4212,54.880077,9.787006,108.3,5.845,1.85,335.95,54.895348,9.797490,54.880962,9.786751
1390059394,0,0,0.0,0,0,4,0,713,750,-0.0292,170.2922,6.8213,0.4212,54.880077,9.787006,108.3,5.845,1.85,335.95,54.895348,9.797490,54.880962,9.786751
1390059395,0,0,0.0,0,0,4,0,713,750,-0.0292,170.2922,6.8213,0.4212,54.880077,9.787006,108.3,5.845,1.85,335.95,54.895348,9.797490,54.880962,9.786751
1390059395,0,0,0.0,0,0,4,0,713,750,-0.0292,170.2922,6.8213,0.4212,54.880077,9.787006,108.3,5.845,1.85,335.95,54.895348,9.797490,54.880962,9.786751
1390059395,0,0,0.0,0,0,4,0,713,750,-0.0292,170.2922,6.8213,0.4212,54.880077,9.787006,108.3,5.845,1.85,335.95,54.895348,9.797490,54.880962,9.786751
1390059395,0,0,0.0,0,0,4,0,713,750,-0.0292,170.2922,6.8213,0.4212,54.880077,9.787006,108.3,5.845,1.85,335.95,54.895348,9.797490,54.880962,9.786751
1390059396,0,0,0.0,0,0,4,0,713,750,-0.0292,170.2922,6.8213,0.4212,54.880077,9.787006,108.3,5.845,1.85,335.95,54.895348,9.797490,54.880962,9.786751
1390059396,0,0,0.0,0,0,4,0,713,750,-0.0292,170.2922,6.8213,0.4212,54.880077,9.787006,108.3,5.845,1.85,335.95,54.895348,9.797490,54.880962,9.786751
1390059396,0,0,0.0,0,0,4,0,713,750,-0.0292,170.2922,6.8213,0.4212,54.880077,9.787006,108.3,5.845,1.85,335.95,54.895348,9.797490,54.880962,9.786751
1390059396,0,0,0.0,0,0,4,0,713,750,-0.0292,170.2922,6.8213,0.4212,54.880077,9.787006,108.3,5.845,1.85,335.95,54.895348,9.797490,54.880962,9.786751
1390059397,0,0,0.0,0,0,4,0,713,750,-0.0292,170.2922,6.8213,0.4212,54.880077,9.787006,108.3,5.845,1.85,335.95,54.895348,9.797490,54.880962,9.786751
1390059397,0,0,0.0,0,0,4,0,713,750,-0.0292,170.2922,6.8213,0.4212,54.880077,9.787006,108.3,5.845,1.85,335.95,54.895348,9.797490,54.880962,9.786751
1390059397,0,0,0.0,0,0,4,0,713,750,-0.0292,170.2922,6.8213,0.4212,54.880077,9.787006,108.3,5.845,1.85,335.95,54.895348,9.797490,54.880962,9.786751
1390059397,0,0,0.0,0,0,4,0,713,750,-0.0292,170.2922,6.8213,0.4212,54.880077,9.787006,108.3,5.845,1.85,335.95,54.895348,9.797490,54.880962,9.786751
1390059398,0,0,0.0,0,0,4,0,713,750,-0.0292,170.2922,6.8213,0.4212,54.880077,9.787006,108.3,5.845,1.85,335.95,54.895348,9.797490,54.880962,9.786751
1390059398,0,0,0.0,0,0,4,0,713,750,-0.0292,170.2922,6.8213,0.4212,54.880077,9.787006,108.3,5.845,1.85,335.95,54.895348,9.797490,54.880962,9.786751
1390059398,0,0,0.0,0,0,4,0,713,750,-0.0292,170.2922,6.8213,0.4212,54.880077,9.787006,108.3,5.845,1.85,335.95,54.895348,9.797490,54.880962,9.786751
1390059398,0,0,0.0,0,0,4,0,713,750,-0.0292,170.2922,6.8213,0.4212,54.880077,9.787006,108.3,5.845,1.85,335.95,54.895348,9.797490,54.880962,9.786751
1390059399,0,0,0.0,0,0,4,0,713,750,-0.0292,170.2922,6.8213,0.4212,54.880077,9.787006,108.3,5.845,1.85,335.95,54.895348,9.797490,54.880962,9.786751
1390059399,0,0,0.0,0,0,4,0,713,750,-0.0292,170.2922,6.8213,0.4212,54.880077,9.787006,108.3,5.845,1.85,335.95,54.895348,9.797490,54.880962,9.786751
1390059399,0,0,0.0,0,0,4,0,713,750,-0.0292,170.2922,6.8213,0.4212,54.880077,9.787006,108.3,5.845,1.85,335.95,54.895348,9.797490,54.880962,9.786751
1390059399,0,0,0.0,0,0,4,0,713,750,-0.0292,170.2922,6.8213,0.4212,54.880077,9.787006,108.3,5.845,1.85,335.95,54.895348,9.797490,54.880962,9.786751
1390059400,0,0,0.0,0,0,4,0,713,750,-0.0292,170.2922,6.8213,0.4212,54.880077,9.787006,108.3,5.845,1.85,335.95,54.895348,9.797490,54.880962,9.786751
1390059400,0,0,0.0,0,0,4,0,713,750,-0.0292,170.2922,6.8213,0.4212,54.880077,9.787006,108.3,5.845,1.85,335.95,54.895348,9.797490,54.880962,9.786751
1390059400,0,0,0.0,0,0,4,0,713,750,-0.0292,170.2922,6.8213,0.4212,54.880077,9.787006,108.3,5.845,1.85,335.95,54.895348,9.797490,54.880962,9.786751
1390059400,0,0,0.0,0,0,4,0,713,750,-0.0292,170.2922,6.8213,0.4212,54.880077,9.787006,108.3,5.845,1.85,335.95,54.895348,9.797490,54.880962,9.786751
1390059401,0,0,0.0,0,0,4,0,713,750,-0.0292,170.2922,6.8213,0.4212,54.880077,9.787006,108.3,5.845,1.85,335.95,54.895348,9.797490,54.880962,9.786751
1390059401,0,0,0.0,0,0,4,0,713,750,-0.0292,170.2922,6.8213,0.4212,54.880077,9.787006,108.3,5.845,1.85,335.95,54.895348,9.797490,54.880962,9.786751
1390059401,0,0,0.0,0,0,4,0,713,750,-0.0292,170.2922,6.8213,0.4212,54.880077,9.787006,108.3,5.845,1.85,335.95,54.895348,9.797490,54.880962,9.786751
1390059401,0,0,0.0,0,0,4,0,713,750,-0.0292,170.2922,6.8213,0.4212,54.880077,9.787006,108.3,5.845,1.85,335.95,54.895348,9.797490,54.880962,9.786751
1390059402,0,0,0.0,0,0,4,0,713,750,-0.0292,170.2922,6.8213,0.4212,54.880077,9.787006,108.3,5.845,1.85,335.95,54.895348,9.797490,54.880962,9.786751
1390059402,0,0,0.0,0,0,4,0,713,750,-0.0292,170.2922,6.8213,0.4212,54.880077,9.787006,108.3,5.845,1.85,335.95,54.895348,9.797490,54.880962,9.786751
1390059402,0,0,0.0,0,0,4,0,713,750,-0.0292,170.2922,6.8213,0.4212,54.880077,9.787006,108.3,5.845,1.85,335.95,54.895348,9.797490,54.880962,9.786751
1390059402,0,0,0.0,0,0,4,0,713,750,-0.0292,170.2922,6.8213,0.4212,54.880077,9.787006,108.3,5.845,1.85,335.95,54.895348,9.797490,54.880962,9.786751
1390059403,0,0,0.0,0,0,4,0,713,750,-0.0292,170.2922,6.8213,0.4212,54.880077,9.787006,108.3,5.845,1.85,335.95,54.895348,9.797490,54.880962,9.786751
1390059403,0,0,0.0,0,0,4,0,713,750,-0.0292,170.2922,6.8213,0.4212,54.880077,9.787006,108.3,5.845,1.85,335.95,54.895348,9.797490,54.880962,9.786751
1390059403,0,0,0.0,0,0,4,0,713,750,-0.0292,170.2922,6.8213,0.4212,54.880077,9.787006,108.3,5.845,1.85,335.95,54.895348,9.797490,54.880962,9.786751
1390059403,0,0,0.0,0,0,4,0,713,750,-0.0292,170.2922,6.8213,0.4212,54.880077,9.787006,108.3,5.845,1.85,335.95,54.895348,9.797490,54.880962,9.786751
1390059404,0,0,0.0,0,0,4,0,713,750,-0.0292,170.2922,6.8213,0.4212,54.880077,9.787006,108.3,5.845,1.85,335.95,54.895348,9.797490,54.880962,9.786751
1390059404,0,0,0.0,0,0,4,0,713,750,-0.0292,170.2922,6.8213,0.4212,54.880077,9.787006,108.3,5.845,1.85,335.95,54.895348,9.797490,54.880962,9.786751
1390059404,0,0,0.0,0,0,4,0,713,750,-0.0292,170.2922,6.8213,0.4212,54.880077,9.787006,108.3,5.845,1.85,335.95,54.895348,9.797490,54.880962,9.786751
1390059404,0,0,0.0,0,0,4,0,713,750,-0.0292,170.2922,6.8213,0.4212,54.880077,9.787006,108.3,5.845,1.85,335.95,54.895348,9.797490,54.880962,9.786751
1390059405,0,0,0.0,0,0,4,0,713,750,-0.0292,170.2922,6.8213,0.4212,54.880077,9.787006,108.3,5.845,1.85,335.95,54.895348,9.797490,54.880962,9.786751
1390059405,0,0,0.0,0,0,4,0,713,750,-0.0292,170.2922,6.8213,0.4212,54.880077,9.787006,108.3,5.845,1.85,335.95,54.895348,9.797490,54.880962,9.786751
1390059405,0,0,0.0,0,0,4,0,713,750,-0.0292,170.2922,6.8213,0.4212,54.880077,9.787006,108.3,5.845,1.85,335.95,54.895348,9.797490,54.880962,9.786751
1390059405,0,0,0.0,0,0,4,0,713,750,-0.0292,170.2922,6.8213,0.4212,54.880077,9.787006,108.3,5.845,1.85,335.95,54.895348,9.797490,54.880962,9.786751
1390059406,0,0,0.0,0,0,4,0,713,750,-0.0292,170.2922,6.8213,0.4212,54.880077,9.787006,108.3,5.845,1.85,335.95,54.895348,9.797490,54.880962,9.786751
1390059406,0,0,0.0,0,0,4,0,713,750,-0.0292,170.2922,6.8213,0.4212,54.880077,9.787006,108.3,5.845,1.85,335.95,54.895348,9.797490,54.880962,9.786751
1390059406,0,0,0.0,0,0,4,0,713,750,-0.0292,170.2922,6.8213,0.4212,54.880077,9.787006,108.3,5.845,1.85,335.95,54.895348,9.797490,54.880962,9.786751
1390059406,0,0,0.0,0,0,4,0,713,750,-0.0292,170.2922,6.8213,0.4212,54.880077,9.787006,108.3,5.845,1.85,335.95,54.895348,9.797490,54.880962,9.786751
1390059407,0,0,0.0,0,0,4,0,713,750,-0.0292,170.2922,6.8213,0.4212,54.880077,9.787006,108.3,5.845,1.85,335.95,54.895348,9.797490,54.880962,9.786751
1390059407,0,0,0.0,0,0,4,0,713,750,-0.0292,170.2922,6.8213,0.4212,54.880077,9.787006,108.3,5.845,1.85,335.95,54.895348,9.797490,54.880962,9.786751
1390059407,0,0,0.0,0,0,4,0,713,750,-0.0292,170.2922,6.8213,0.4212,54.880077,9.787006,108.3,5.845,1.85,335.95,54.895348,9.797490,54.880962,9.786751
1390059407,0,0,0.0,0,0,4,0,713,750,-0.0292,170.2922,6.8213,0.4212,54.880077,9.787006,108.3,5.845,1.85,335.95,54.895348,9.797490,54.880962,9.786751
1390059408,0,0,0.0,0,0,4,0,713,750,-0.0292,170.2922,6.8213,0.4212,54.880077,9.787006,108.3,5.845,1.85,335.95,54.895348,9.797490,54.880962,9.786751
1390059408,0,0,0.0,0,0,4,0,713,750,-0.0292,170.2922,6.8213,0.4212,54.880077,9.787006,108.3,5.845,1.85,335.95,54.895348,9.797490,54.880962,9.786751
1390059408,0,0,0.0,0,0,4,0,713,750,-0.0292,170.2922,6.8213,0.4212,54.880077,9.787006,108.3,5.845,1.85,335.95,54.895348,9.797490,54.880962,9.786751
1390059408,0,0,0.0,0,0,4,0,713,750,-0.0292,170.2922,6.8213,0.4212,54.880077,9.787006,108.3,5.845,1.85,335.95,54.895348,9.797490,54.880962,9.786751
1390059409,0,0,0.0,0,0,4,0,713,750,-0.0292,170.2922,6.8213,0.4212,54.880077,9.787006,108.3,5.845,1.85,335.95,54.895348,9.797490,54.880962,9.786751
1390059409,0,0,0.0,0,0,4,0,713,750,-0.0292,170.2922,6.8213,0.4212,54.880077,9.787006,108.3,5.845,1.85,335.95,54.895348,9.797490,54.880962,9.786751
1390059409,0,0,0.0,0,0,4,0,713,750,-0.0292,170.2922,6.8213,0.4212,54.880077,9.787006,108.3,5.845,1.85,335.95,54.895348,9.797490,54.880962,9.786751
1390059409,0,0,0.0,0,0,4,0,713,750,-0.0292,170.2922,6.8213,0.4212,54.880077,9.787006,108.3,5.845,1.85,335.95,54.895348,9.797490,54.880962,9.786751
1390059410,0,0,0.0,0,0,4,0,713,750,-0.0292,170.2922,6.8213,0.4212,54.880077,9.787006,108.3,5.845,1.85,335.95,54.895348,9.797490,54.880962,9.786751
1390059410,0,0,0.0,0,0,4,0,713,750,-0.0292,170.2922,6.8213,0.4212,54.880077,9.787006,108.3,5.845,1.85,335.95,54.895348,9.797490,54.880962,9.786751
1390059410,0,0,0.0,0,0,4,0,713,750,-0.0292,170.2922,6.8213,0.4212,54.880077,9.787006,108.3,5.845,1.85,335.95,54.895348,9.797490,54.880962,9.786751
1390059410,0,0,0.0,0,0,4,0,713,750,-0.0292,170.2922,6.8213,0.4212,54.880077,9.787006,108.3,5.845,1.85,335.95,54.895348,9.797490,54.880962,9.786751
1390059411,0,0,0.0,0,0,4,0,713,750,-0.0292,170.2922,6.8213,0.4212,54.880077,9.787006,108.3,5.845,1.85,335.95,54.895348,9.797490,54.880962,9.786751
1390059411,0,0,0.0,0,0,4,0,713,750,-0.0292,170.2922,6.8213,0.4212,54.880077,9.787006,108.3,5.845,1.85,335.95,54.895348,9.797490,54.880962,9.786751
1390059411,0,0,0.0,0,0,4,0,713,750,-0.0292,170.2922,6.8213,0.4212,54.880077,9.787006,108.3,5.845,1.85,335.95,54.895348,9.797490,54.880962,9.786751
1390059411,0,0,0.0,0,0,4,0,713,750,-0.0292,170.2922,6.8213,0.4212,54.880077,9.787006,108.3,5.845,1.85,335.95,54.895348,9.797490,54.880962,9.786751
1390059412,0,0,0.0,0,0,4,0,713,750,-0.0292,170.2922,6.8213,0.4212,54.880077,9.787006,108.3,5.845,1.85,335.95,54.895348,9.797490,54.880962,9.786751
1390059412,0,0,0.0,0,0,4,0,713,750,-0.0292,170.2922,6.8213,0.4212,54.880077,9.787006,108.3,5.845,1.85,335.95,54.895348,9.797490,54.880962,9.786751
1390059412,0,0,0.0,0,0,4,0,713,750,-0.0292,170.2922,6.8213,0.4212,54.880077,9.787006,108.3,5.845,1.85,335.95,54.895348,9.797490,54.880962,9.786751
1390059412,0,0,0.0,0,0,4,0,713,750,-0.0292,170.2922,6.8213,0.4212,54.880077,9.787006,108.3,5.845,1.85,335.95,54.895348,9.797490,54.880962,9.786751
1390059413,0,0,0.0,0,0,4,0,713,750,-0.0292,170.2922,6.8213,0.4212,54.880077,9.787006,108.3,5.845,1.85,335.95,54.895348,9.797490,54.880962,9.786751
1390059413,0,0,0.0,0,0,4,0,713,750,-0.0292,170.2922,6.8213,0.4212,54.880077,9.787006,108.3,5.845,1.85,335.95,54.895348,9.797490,54.880962,9.786751
1390059413,0,0,0.0,0,0,4,0,713,750,-0.0292,170.2922,6.8213,0.4212,54.880077,9.787006,108.3,5.845,1.85,335.95,54.895348,9.797490,54.880962,9.786751
1390059413,0,0,0.0,0,0,4,0,713,750,-0.0292,170.2922,6.8213,0.4212,54.880077,9.787006,108.3,5.845,1.85,335.95,54.895348,9.797490,54.880962,9.786751
1390059414,0,0,0.0,0,0,4,0,713,750,-0.0292,170.2922,6.8213,0.4212,54.880077,9.787006,108.3,5.845,1.85,335.95,54.895348,9.797490,54.880962,9.786751
1390059414,0,0,0.0,0,0,4,0,713,750,-0.0292,170.2922,6.8213,0.4212,54.880077,9.787006,108.3,5.845,1.85,335.95,54.895348,9.797490,54.880962,9.786751
1390059414,0,0,0.0,0,0,4,0,713,750,-0.0292,170.2922,6.8213,0.4212,54.880077,9.787006,108.3,5.845,1.85,335.95,54.895348,9.797490,54.880962,9.786751
1390059414,0,0,0.0,0,0,4,0,713,750,-0.0292,170.2922,6.8213,0.4212,54.880077,9.787006,108.3,5.845,1.85,335.95,54.895348,9.797490,54.880962,9.786751
1390059415,0,0,0.0,0,0,4,0,713,750,-0.0292,170.2922,6.8213,0.4212,54.880077,9.787006,108.3,5.845,1.85,335.95,54.895348,9.797490,54.880962,9.786751
1390059415,0,0,0.0,0,0,4,0,713,750,-0.0292,170.2922,6.8213,0.4212,54.880077,9.787006,108.3,5.845,1.85,335.95,54.895348,9.797490,54.880962,9.786751
1390059415,0,0,0.0,0,0,4,0,713,750,-0.0292,170.2922,6.8213,0.4212,54.880077,9.787006,108.3,5.845,1.85,335.95,54.895348,9.797490,54.880962,9.786751
1390059415,0,0,0.0,0,0,4,0,713,750,-0.0292,170.2922,6.8213,0.4212,54.880077,9.787006,108.3,5.845,1.85,335.95,54.895348,9.797490,54.880962,9.786751
1390059416,0,0,0.0,0,0,4,0,713,750,-0.0292,170.2922,6.8213,0.4212,54.880077,9.787006,108.3,5.845,1.85,335.95,54.895348,9.797490,54.880962,9.786751
1390059416,0,0,0.0,0,0,4,0,713,750,-0.0292,170.2922,6.8213,0.4212,54.880077,9.787006,108.3,5.845,1.85,335.95,54.895348,9.797490,54.880962,9.786751
1390059416,0,0,0.0,0,0,4,0,713,750,-0.0292,170.2922,6.8213,0.4212,54.880077,9.787006,108.3,5.845,1.85,335.95,54.895348,9.797490,54.880962,9.786751
1390059416,0,0,0.0,0,0,4,0,713,750,-0.0292,170.2922,6.8213,0.4212,54.880077,9.787006,108.3,5.845,1.85,335.95,54.895348,9.797490,54.880962,9.786751
1390059417,0,0,0.0,0,0,4,0,713,750,-0.0292,170.2922,6.8213,0.4212,54.880077,9.787006,108.3,5.845,1.85,335.95,54.895348,9.797490,54.880962,9.786751
1390059417,0,0,0.0,0,0,4,0,713,750,-0.0292,170.2922,6.8213,0.4212,54.880077,9.787006,108.3,5.845,1.85,335.95,54.895348,9.797490,54.880962,9.786751
1390059417,0,0,0.0,0,0,4,0,713,750,-0.0292,170.2922,6.8213,0.4212,54.880077,9.787006,108.3,5.845,1.85,335.95,54.895348,9.797490,54.880962,9.786751
1390059417,0,0,0.0,0,0,4,0,713,750,-0.0292,170.2922,6.8213,0.4212,54.880077,9.787006,108.3,5.845,1.85,335.95,54.895348,9.797490,54.880962,9.786751
1390059418,0,0,0.0,0,0,4,0,713,750,-0.0292,170.2922,6.8213,0.4212,54.880077,9.787006,108.3,5.845,1.85,335.95,54.895348,9.797490,54.880962,9.786751
1390059418,0,0,0.0,0,0,4,0,713,750,-0.0292,170.2922,6.8213,0.4212,54.880077,9.787006,108.3,5.845,1.85,335.95,54.895348,9.797490,54.880962,9.786751
1390059418,0,0,0.0,0,0,4,0,713,750,-0.0292,170.2922,6.8213,0.4212,54.880077,9.787006,108.3,5.845,1.85,335.95,54.895348,9.797490,54.880962,9.786751
1390059418,0,0,0.0,0,0,4,0,713,750,-0.0292,170.2922,6.8213,0.4212,54.880077,9.787006,108.3,5.845,1.85,335.95,54.895348,9.797490,54.880962,9.786751
1390059419,0,0,0.0,0,0,4,0,713,750,-0.0292,170.2922,6.8213,0.4212,54.880077,9.787006,108.3,5.845,1.85,335.95,54.895348,9.797490,54.880962,9.786751
1390059419,0,0,0.0,0,0,4,0,713,750,-0.0292,170.2922,6.8213,0.4212,54.880077,9.787006,108.3,5.845,1.85,335.95,54.895348,9.797490,54.880962,9.786751
1390059419,0,0,0.0,0,0,4,0,713,750,-0.0292,170.2922,6.8213,0.4212,54.880077,9.787006,108.3,5.845,1.85,335.95,54.895348,9.797490,54.880962,9.786751
1390059419,0,0,0.0,0,0,4,0,713,750,-0.0292,170.2922,6.8213,0.4212,54.880077,9.787006,108.3,5.845,1.85,335.95,54.895348,9.797490,54.880962,9.786751
1390059420,0,0,0.0,0,0,4,0,713,750,-0.0292,170.2922,6.8213,0.4212,54.880077,9.787006,108.3,5.845,1.85,335.95,54.895348,9.797490,54.880962,9.786751
1390059420,0,0,0.0,0,0,4,0,713,750,-0.0292,170.2922,6.8213,0.4212,54.880077,9.787006,108.3,5.845,1.85,335.95,54.895348,9.797490,54.880962,9.786751
1390059420,0,0,0.0,0,0,4,0,713,750,-0.0292,170.2922,6.8213,0.4212,54.880077,9.787006,108.3,5.845,1.85,335.95,54.895348,9.797490,54.880962,9.786751
1390059420,0,0,0.0,0,0,4,0,713,750,-0.0292,170.2922,6.8213,0.4212,54.880077,9.787006,108.3,5.845,1.85,335.95,54.895348,9.797490,54.880962,9.786751
1390059421,0,0,0.0,0,0,4,0,713,750,-0.0292,170.2922,6.8213,0.4212,54.880077,9.787006,108.3,5.845,1.85,335.95,54.895348,9.797490,54.880962,9.786751
1390059421,0,0,0.0,0,0,4,0,713,750,-0.0292,170.2922,6.8213,0.4212,54.880077,9.787006,108.3,5.845,1.85,335.95,54.895348,9.797490,54.880962,9.786751
1390059421,0,0,0.0,0,0,4,0,713,750,-0.0292,170.2922,6.8213,0.4212,54.880077,9.787006,108.3,5.845,1.85,335.95,54.895348,9.797490,54.880962,9.786751
1390059421,0,0,0.0,0,0,4,0,713,750,-0.0292,170.2922,6.8213,0.4212,54.880077,9.787006,108.3,5.845,1.85,335.95,54.895348,9.797490,54.880962,9.786751
1390059422,0,0,0.0,0,0,4,0,713,750,-0.0292,170.2922,6.8213,0.4212,54.880077,9.787006,108.3,5.845,1.85,335.95,54.895348,9.797490,54.880962,9.786751
1390059422,0,0,0.0,0,0,4,0,713,750,-0.0292,170.2922,6.8213,0.4212,54.880077,9.787006,108.3,5.845,1.85,335.95,54.895348,9.797490,54.880962,9.786751
1390059422,0,0,0.0,0,0,4,0,713,750,-0.0292,170.2922,6.8213,0.4212,54.880077,9.787006,108.3,5.845,1.85,335.95,54.895348,9.797490,54.880962,9.786751
1390059422,0,0,0.0,0,0,4,0,713,750,-0.0292,170.2922,6.8213,0.4212,54.880077,9.787006,108.3,5.845,1.85,335.95,54.895348,9.797490,54.880962,9.786751
1390059423,0,0,0.0,0,0,4,0,713,750,-0.0292,170.2922,6.8213,0.4212,54.880077,9.787006,108.3,5.845,1.85,335.95,54.895348,9.797490,54.880962,9.786751
1390059423,0,0,0.0,0,0,4,0,713,750,-0.0292,170.2922,6.8213,0.4212,54.880077,9.787006,108.3,5.845,1.85,335.95,54.895348,9.797490,54.880962,9.786751
1390059423,0,0,0.0,0,0,4,0,713,750,-0.0292,170.2922,6.8213,0.4212,54.880077,9.787006,108.3,5.845,1.85,335.95,54.895348,9.797490,54.880962,9.786751
1390059423,0,0,0.0,0,0,4,0,713,750,-0.0292,170.2922,6.8213,0.4212,54.880077,9.787006,108.3,5.845,1.85,335.95,54.895348,9.797490,54.880962,9.786751
1390059424,0,0,0.0,0,0,4,0,713,750,-0.0292,170.2922,6.8213,0.4212,54.880077,9.787006,108.3,5.845,1.85,335.95,54.895348,9.797490,54.880962,9.786751
1390059424,0,0,0.0,0,0,4,0,713,750,-0.0292,170.2922,6.8213,0.4212,54.880077,9.787006,108.3,5.845,1.85,335.95,54.895348,9.797490,54.880962,9.786751
1390059424,0,0,0.0,0,0,4,0,713,750,-0.0292,170.2922,6.8213,0.4212,54.880077,9.787006,108.3,5.845,1.85,335.95,54.895348,9.797490,54.880962,9.786751
1390059424,0,0,0.0,0,0,4,0,713,750,-0.0292,170.2922,6.8213,0.4212,54.880077,9.787006,108.3,5.845,1.85,335.95,54.895348,9.797490,54.880962,9.786751
1390059425,0,0,0.0,0,0,4,0,713,750,-0.0292,170.2922,6.8213,0.4212,54.880077,9.787006,108.3,5.845,1.85,335.95,54.895348,9.797490,54.880962,9.786751
1390059425,0,0,0.0,0,0,4,0,713,750,-0.0292,170.2922,6.8213,0.4212,54.880077,9.787006,108.3,5.845,1.85,335.95,54.895348,9.797490,54.880962,9.786751
1390059425,0,0,0.0,0,0,4,0,713,750,-0.0292,170.2922,6.8213,0.4212,54.880077,9.787006,108.3,5.845,1.85,335.95,54.895348,9.797490,54.880962,9.786751
1390059425,0,0,0.0,0,0,4,0,713,750,-0.0292,170.2922,6.8213,0.4212,54.880077,9.787006,108.3,5.845,1.85,335.95,54.895348,9.797490,54.880962,9.786751
1390059426,0,0,0.0,0,0,4,0,713,750,-0.0292,170.2922,6.8213,0.4212,54.880077,9.787006,108.3,5.845,1.85,335.95,54.895348,9.797490,54.880962,9.786751
1390059426,0,0,0.0,0,0,4,0,713,750,-0.0292,170.2922,6.8213,0.4212,54.880077,9.787006,108.3,5.845,1.85,335.95,54.895348,9.797490,54.880962,9.786751
1390059426,0,0,0.0,0,0,4,0,713,750,-0.0292,170.2922,6.8213,0.4212,54.880077,9.787006,108.3,5.845,1.85,335.95,54.895348,9.797490,54.880962,9.786751
1390059426,0,0,0.0,0,0,4,0,713,750,-0.0292,170.2922,6.8213,0.4212,54.880077,9.787006,108.3,5.845,1.85,335.95,54.895348,9.797490,54.880962,9.786751
1390059427,0,0,0.0,0,0,4,0,713,750,-0.0292,170.2922,6.8213,0.4212,54.880077,9.787006,108.3,5.845,1.85,335.95,54.895348,9.797490,54.880962,9.786751
1390059427,0,0,0.0,0,0,4,0,713,750,-0.0292,170.2922,6.8213,0.4212,54.880077,9.787006,108.3,5.845,1.85,335.95,54.895348,9.797490,54.880962,9.786751
1390059427,0,0,0.0,0,0,4,0,713,750,-0.0292,170.2922,6.8213,0.4212,54.880077,9.787006,108.3,5.845,1.85,335.95,54.895348,9.797490,54.880962,9.786751
1390059427,0,0,0.0,0,0,4,0,713,750,-0.0292,170.2922,6.8213,0.4212,54.880077,9.787006,108.3,5.845,1.85,335.95,54.895348,9.797490,54.880962,9.786751
1390059428,0,0,0.0,0,0,4,0,713,750,-0.0292,170.2922,6.8213,0.4212,54.880077,9.787006,108.3,5.845,1.85,335.95,54.895348,9.797490,54.880962,9.786751
1390059428,0,0,0.0,0,0,4,0,713,750,-0.0292,170.2922,6.8213,0.4212,54.880077,9.787006,108.3,5.845,1.85,335.95,54.895348,9.797490,54.880962,9.786751
1390059428,0,0,0.0,0,0,4,0,713,750,-0.0292,170.2922,6.8213,0.4212,54.880077,9.787006,108.3,5.845,1.85,335.95,54.895348,9.797490,54.880962,9.786751
1390059428,0,0,0.0,0,0,4,0,713,750,-0.0292,170.2922,6.8213,0.4212,54.880077,9.787006,108.3,5.845,1.85,335.95,54.895348,9.797490,54.880962,9.786751
1390059429,0,0,0.0,0,0,4,0,713,750,-0.0292,170.2922,6.8213,0.4212,54.880077,9.787006,108.3,5.845,1.85,335.95,54.895348,9.797490,54.880962,9.786751
1390059429,0,0,0.0,0,0,4,0,713,750,-0.0292,170.2922,6.8213,0.4212,54.880077,9.787006,108.3,5.845,1.85,335.95,54.895348,9.797490,54.880962,9.786751
1390059429,0,0,0.0,0,0,4,0,713,750,-0.0292,170.2922,6.8213,0.4212,54.880077,9.787006,108.3,5.845,1.85,335.95,54.895348,9.797490,54.880962,9.786751
1390059429,0,0,0.0,0,0,4,0,713,750,-0.0292,170.2922,6.8213,0.4212,54.880077,9.787006,108.3,5.845,1.85,335.95,54.895348,9.797490,54.880962,9.786751
1390059430,0,0,0.0,0,0,4,0,713,750,-0.0292,170.2922,6.8213,0.4212,54.880077,9.787006,108.3,5.845,1.85,335.95,54.895348,9.797490,54.880962,9.786751
1390059430,0,0,0.0,0,0,4,0,713,750,-0.0292,170.2922,6.8213,0.4212,54.880077,9.787006,108.3,5.845,1.85,335.95,54.895348,9.797490,54.880962,9.786751
