MCU_timestamp,Navigation_System,Manual_Control,Guidance_Heading,Manual_Ctrl_Rudder,Rudder_Desired_Angle,Rudder_Feedback,Manual_Ctrl_Sail,Sail_Desired_Pos,Sail_Feedback,Rate,Heading,Pitch,Roll,Latitude,Longitude,COG,SOG,Wind_Speed,Wind_Angle,Point_Start_Lat,Point_Start_Lon,Point_End_Lat,Point_End_Lon
1390095224,0,0,0.0,0,0,4,0,0,0,-0.0292,0.2922,6.8213,0.4212,54.897049,9.784369,108.3,5.845,1.85,335.95,0.000000,0.000000,0.000000,0.000000
1390095224,0,0,0.0,0,0,4,0,0,0,-0.0292,0.2922,6.8213,0.4212,54.897049,9.784369,108.3,5.845,1.85,335.95,0.000000,0.000000,0.000000,0.000000
1390095225,0,0,0.0,0,0,4,0,0,0,-0.0292,0.2922,6.8213,0.4212,54.897049,9.784369,108.3,5.845,1.85,335.95,0.000000,0.000000,0.000000,0.000000
1390095225,0,0,0.0,0,0,4,0,0,0,-0.0292,0.2922,6.8213,0.4212,54.897049,9.784369,108.3,5.845,1.85,335.95,0.000000,0.000000,0.000000,0.000000
1390095225,0,0,0.0,0,0,4,0,0,0,-0.0292,0.2922,6.8213,0.4212,54.897049,9.784369,108.3,5.845,1.85,335.95,0.000000,0.000000,0.000000,0.000000
1390095225,0,0,0.0,0,0,4,0,0,0,-0.0292,0.2922,6.8213,0.4212,54.897049,9.784369,108.3,5.845,1.85,335.95,0.000000,0.000000,0.000000,0.000000
1390095226,0,0,0.0,0,0,4,0,0,0,-0.0292,0.2922,6.8213,0.4212,54.897049,9.784369,108.3,5.845,1.85,335.95,0.000000,0.000000,0.000000,0.000000
1390095226,0,0,0.0,0,0,4,0,0,0,-0.0292,0.2922,6.8213,0.4212,54.897049,9.784369,108.3,5.845,1.85,335.95,0.000000,0.000000,0.000000,0.000000
1390095226,0,0,0.0,0,0,4,0,0,0,-0.0292,0.2922,6.8213,0.4212,54.897049,9.784369,108.3,5.845,1.85,335.95,0.000000,0.000000,0.000000,0.000000
1390095226,0,0,0.0,0,0,4,0,0,0,-0.0292,0.2922,6.8213,0.4212,54.897049,9.784369,108.3,5.845,1.85,335.95,0.000000,0.000000,0.000000,0.000000
1390095227,0,0,0.0,0,0,4,0,0,0,-0.0292,0.2922,6.8213,0.4212,54.897049,9.784369,108.3,5.845,1.85,335.95,0.000000,0.000000,0.000000,0.000000
1390095227,0,0,0.0,0,0,4,0,0,0,-0.0292,0.2922,6.8213,0.4212,54.897049,9.784369,108.3,5.845,1.85,335.95,0.000000,0.000000,0.000000,0.000000
1390095227,0,0,0.0,0,0,4,0,0,0,-0.0292,0.2922,6.8213,0.4212,54.897049,9.784369,108.3,5.845,1.85,335.95,0.000000,0.000000,0.000000,0.000000
1390095227,0,0,0.0,0,0,4,0,0,0,-0.0292,0.2922,6.8213,0.4212,54.897049,9.784369,108.3,5.845,1.85,335.95,0.000000,0.000000,0.000000,0.000000
1390095228,0,0,0.0,0,0,4,0,0,0,-0.0292,0.2922,6.8213,0.4212,54.897049,9.784369,108.3,5.845,1.85,335.95,0.000000,0.000000,0.000000,0.000000
1390095228,0,0,0.0,0,0,4,0,0,0,-0.0292,0.2922,6.8213,0.4212,54.897049,9.784369,108.3,5.845,1.85,335.95,0.000000,0.000000,0.000000,0.000000
1390095228,0,0,0.0,0,0,4,0,0,0,-0.0292,0.2922,6.8213,0.4212,54.897049,9.784369,108.3,5.845,1.85,335.95,0.000000,0.000000,0.000000,0.000000
1390095228,0,0,0.0,0,0,4,0,0,0,-0.0292,0.2922,6.8213,0.4212,54.897049,9.784369,108.3,5.845,1.85,335.95,0.000000,0.000000,0.000000,0.000000
1390095229,0,0,0.0,0,0,4,0,0,0,-0.0292,0.2922,6.8213,0.4212,54.897049,9.784369,108.3,5.845,1.85,335.95,0.000000,0.000000,0.000000,0.000000
1390095229,0,0,0.0,0,0,4,0,0,0,-0.0292,0.2922,6.8213,0.4212,54.897049,9.784369,108.3,5.845,1.85,335.95,0.000000,0.000000,0.000000,0.000000
1390095229,4,0,0.0,0,0,4,0,0,0,-0.0292,0.2922,6.8213,0.4212,54.897049,9.784369,108.3,5.845,1.85,335.95,0.000000,0.000000,0.000000,0.000000
1390095229,1,0,0.0,0,0,0,0,0,0,-0.0292,0.2922,6.8213,0.4212,54.897049,9.784369,108.3,5.845,1.85,335.95,54.895069,9.793790,54.895348,9.797490
1390095230,1,0,0.0,0,0,4,0,0,0,-0.0292,0.2922,6.8213,0.4212,54.897049,9.784369,108.3,5.845,1.85,335.95,54.895348,9.797490,54.894039,9.801540
1390095230,1,0,0.0,0,0,0,0,0,0,-0.0292,0.2922,6.8213,0.4212,54.897049,9.784369,108.3,5.845,1.85,335.95,54.894039,9.801540,54.893795,9.802299
1390095230,1,0,0.0,0,0,4,0,0,0,-0.0292,0.2922,6.8213,0.4212,54.897049,9.784369,108.3,5.845,1.85,335.95,54.893795,9.802299,54.893364,9.803688
1390095230,1,0,0.0,0,0,0,0,0,0,-0.0292,0.2922,6.8213,0.4212,54.897049,9.784369,108.3,5.845,1.85,335.95,54.893364,9.803688,54.892704,9.801139
1390095231,1,0,0.0,0,0,4,0,0,0,-0.0292,0.2922,6.8213,0.4212,54.897049,9.784369,108.3,5.845,1.85,335.95,54.892704,9.801139,54.891663,9.800174
1390095231,1,0,0.0,0,0,0,0,0,0,-0.0292,0.2922,6.8213,0.4212,54.897049,9.784369,108.3,5.845,1.85,335.95,54.891663,9.800174,54.892929,9.805077
1390095231,1,0,0.0,0,0,4,0,0,0,-0.0292,0.2922,6.8213,0.4212,54.897049,9.784369,108.3,5.845,1.85,335.95,54.892929,9.805077,54.892498,9.806466
1390095231,1,0,0.0,0,0,0,0,0,0,-0.0292,0.2922,6.8213,0.4212,54.897049,9.784369,108.3,5.845,1.85,335.95,54.892498,9.806466,54.891232,9.801563
1390095232,1,0,0.0,0,0,4,0,0,0,-0.0292,0.2922,6.8213,0.4212,54.897049,9.784369,108.3,5.845,1.85,335.95,54.891232,9.801563,54.890800,9.802953
1390095232,1,0,0.0,0,0,0,0,0,0,-0.0292,0.2922,6.8213,0.4212,54.897049,9.784369,108.3,5.845,1.85,335.95,54.890800,9.802953,54.891651,9.806246
1390095232,1,0,0.0,0,0,4,0,0,0,-0.0292,0.2922,6.8213,0.4212,54.897049,9.784369,108.3,5.845,1.85,335.95,54.891651,9.806246,54.890560,9.805087
1390095232,1,0,0.0,0,0,0,0,0,0,-0.0292,0.2922,6.8213,0.4212,54.897049,9.784369,108.3,5.845,1.85,335.95,54.890560,9.805087,54.890366,9.804342
1390095233,1,0,0.0,0,0,4,0,0,0,-0.0292,0.2922,6.8213,0.4212,54.897049,9.784369,108.3,5.845,1.85,335.95,54.890366,9.804342,54.890846,9.801930
1390095233,1,0,0.0,0,0,0,0,0,0,-0.0292,0.2922,6.8213,0.4212,54.897049,9.784369,108.3,5.845,1.85,335.95,54.890846,9.801930,54.889477,9.798280
1390095233,1,0,0.0,0,0,4,0,0,0,-0.0292,0.2922,6.8213,0.4212,54.897049,9.784369,108.3,5.845,1.85,335.95,54.889477,9.798280,54.891819,9.794550
1390095233,1,0,0.0,0,0,0,0,0,0,-0.0292,0.2922,6.8213,0.4212,54.897049,9.784369,108.3,5.845,1.85,335.95,54.891819,9.794550,54.895348,9.797490
1390095234,1,0,0.0,0,0,4,0,0,0,-0.0292,0.2922,6.8213,0.4212,54.897049,9.784369,108.3,5.845,1.85,335.95,54.895348,9.797490,54.895069,9.793790
1390095234,1,0,0.0,0,0,0,0,0,0,-0.0292,0.2922,6.8213,0.4212,54.897049,9.784369,108.3,5.845,1.85,335.95,54.895348,9.797490,54.895069,9.793790
1390095234,3,0,0.0,0,0,4,0,10,50,-0.0292,0.2922,6.8213,0.4212,54.897049,9.784369,108.3,5.845,1.85,335.95,54.895348,9.797490,54.897049,9.784369
1390095234,3,0,0.0,0,0,0,0,10,0,-0.0292,0.2922,6.8213,0.4212,54.897057,9.784369,108.3,5.845,1.85,335.95,54.895348,9.797490,54.897049,9.784369
1390095235,3,0,0.0,0,0,4,0,10,50,-0.0292,0.2922,6.8213,0.4212,54.897057,9.784369,108.3,5.845,1.85,335.95,54.895348,9.797490,54.897049,9.784369
1390095235,3,0,0.0,0,0,0,0,10,0,-0.0292,0.2922,6.8213,0.4212,54.897068,9.784369,108.3,5.845,1.85,335.95,54.895348,9.797490,54.897049,9.784369
1390095235,3,0,0.0,0,0,4,0,10,50,-0.0292,0.2922,6.8213,0.4212,54.897068,9.784369,108.3,5.845,1.85,335.95,54.895348,9.797490,54.897049,9.784369
1390095235,3,0,0.0,0,0,0,0,10,0,-0.0292,0.2922,6.8213,0.4212,54.897076,9.784369,108.3,5.845,1.85,335.95,54.895348,9.797490,54.897049,9.784369
1390095236,3,0,0.0,0,0,4,0,10,50,-0.0292,0.2922,6.8213,0.4212,54.897076,9.784369,108.3,5.845,1.85,335.95,54.895348,9.797490,54.897049,9.784369
1390095236,3,0,0.0,0,0,0,0,10,0,-0.0292,0.2922,6.8213,0.4212,54.897083,9.784369,108.3,5.845,1.85,335.95,54.895348,9.797490,54.897049,9.784369
1390095236,3,0,0.0,0,0,4,0,10,50,-0.0292,0.2922,6.8213,0.4212,54.897083,9.784369,108.3,5.845,1.85,335.95,54.895348,9.797490,54.897049,9.784369
1390095236,3,0,0.0,0,0,0,0,10,0,-0.0292,0.2922,6.8213,0.4212,54.897095,9.784369,108.3,5.845,1.85,335.95,54.895348,9.797490,54.897049,9.784369
1390095237,3,0,0.0,0,0,4,0,10,50,-0.0292,0.2922,6.8213,0.4212,54.897095,9.784369,108.3,5.845,1.85,335.95,54.895348,9.797490,54.897049,9.784369
1390095237,3,0,0.0,0,0,0,0,10,0,-0.0292,0.2922,6.8213,0.4212,54.897102,9.784369,108.3,5.845,1.85,335.95,54.895348,9.797490,54.897049,9.784369
1390095237,3,0,0.0,0,0,4,0,10,50,-0.0292,0.2922,6.8213,0.4212,54.897102,9.784369,108.3,5.845,1.85,335.95,54.895348,9.797490,54.897049,9.784369
1390095237,3,0,0.0,0,0,0,0,10,0,-0.0292,0.2922,6.8213,0.4212,54.897110,9.784369,108.3,5.845,1.85,335.95,54.895348,9.797490,54.897049,9.784369
1390095238,3,0,0.0,0,0,4,0,10,50,-0.0292,0.2922,6.8213,0.4212,54.897114,9.784369,108.3,5.845,1.85,335.95,54.895348,9.797490,54.897049,9.784369
1390095238,3,0,0.0,0,0,0,0,10,0,-0.0292,0.2922,6.8213,0.4212,54.897121,9.784369,108.3,5.845,1.85,335.95,54.895348,9.797490,54.897049,9.784369
1390095238,3,0,0.0,0,0,4,0,10,50,-0.0292,0.2922,6.8213,0.4212,54.897121,9.784369,108.3,5.845,1.85,335.95,54.895348,9.797490,54.897049,9.784369
1390095238,3,0,0.0,0,0,0,0,10,0,-0.0292,0.2922,6.8213,0.4212,54.897129,9.784369,108.3,5.845,1.85,335.95,54.895348,9.797490,54.897049,9.784369
1390095239,3,0,0.0,0,0,4,0,10,50,-0.0292,0.2922,6.8213,0.4212,54.897129,9.784369,108.3,5.845,1.85,335.95,54.895348,9.797490,54.897049,9.784369
1390095239,3,0,0.0,0,0,0,0,10,0,-0.0292,0.2922,6.8213,0.4212,54.897141,9.784369,108.3,5.845,1.85,335.95,54.895348,9.797490,54.897049,9.784369
1390095239,3,0,0.0,0,0,4,0,20,50,-0.0292,0.2922,6.8213,0.4212,54.897141,9.784369,108.3,5.845,1.85,335.95,54.895348,9.797490,54.897049,9.784369
1390095239,3,0,0.0,0,0,0,0,20,0,-0.0292,0.2922,6.8213,0.4212,54.897148,9.784369,108.3,5.845,1.85,335.95,54.895348,9.797490,54.897049,9.784369
1390095240,3,0,0.0,0,0,4,0,20,50,-0.0292,0.2922,6.8213,0.4212,54.897148,9.784369,108.3,5.845,1.85,335.95,54.895348,9.797490,54.897049,9.784369
1390095240,3,0,0.0,0,0,0,0,20,0,-0.0292,0.2922,6.8213,0.4212,54.897156,9.784369,108.3,5.845,1.85,335.95,54.895348,9.797490,54.897049,9.784369
1390095240,3,0,0.0,0,0,4,0,20,50,-0.0292,0.2922,6.8213,0.4212,54.897156,9.784369,108.3,5.845,1.85,335.95,54.895348,9.797490,54.897049,9.784369
1390095240,3,0,0.0,0,0,0,0,20,0,-0.0292,0.2922,6.8213,0.4212,54.897167,9.784369,108.3,5.845,1.85,335.95,54.895348,9.797490,54.897049,9.784369
1390095241,3,0,0.0,0,0,4,0,20,50,-0.0292,0.2922,6.8213,0.4212,54.897167,9.784369,108.3,5.845,1.85,335.95,54.895348,9.797490,54.897049,9.784369
1390095241,3,0,0.0,0,0,0,0,20,0,-0.0292,0.2922,6.8213,0.4212,54.897175,9.784369,108.3,5.845,1.85,335.95,54.895348,9.797490,54.897049,9.784369
1390095241,3,0,0.0,0,0,4,0,20,50,-0.0292,0.2922,6.8213,0.4212,54.897175,9.784369,108.3,5.845,1.85,335.95,54.895348,9.797490,54.897049,9.784369
1390095241,3,0,0.0,0,0,0,0,20,0,-0.0292,0.2922,6.8213,0.4212,54.897182,9.784369,108.3,5.845,1.85,335.95,54.895348,9.797490,54.897049,9.784369
1390095242,3,0,0.0,0,0,4,0,20,50,-0.0292,0.2922,6.8213,0.4212,54.897186,9.784369,108.3,5.845,1.85,335.95,54.895348,9.797490,54.897049,9.784369
1390095242,3,0,0.0,0,0,0,0,20,0,-0.0292,0.2922,6.8213,0.4212,54.897194,9.784369,108.3,5.845,1.85,335.95,54.895348,9.797490,54.897049,9.784369
1390095242,3,0,0.0,0,0,4,0,20,50,-0.0292,0.2922,6.8213,0.4212,54.897194,9.784369,108.3,5.845,1.85,335.95,54.895348,9.797490,54.897049,9.784369
1390095242,3,0,0.0,0,0,0,0,20,0,-0.0292,0.2922,6.8213,0.4212,54.897202,9.784369,108.3,5.845,1.85,335.95,54.895348,9.797490,54.897049,9.784369
1390095243,3,0,0.0,0,0,4,0,20,50,-0.0292,0.2922,6.8213,0.4212,54.897202,9.784369,108.3,5.845,1.85,335.95,54.895348,9.797490,54.897049,9.784369
1390095243,3,0,0.0,0,0,0,0,20,0,-0.0292,0.2922,6.8213,0.4212,54.897209,9.784369,108.3,5.845,1.85,335.95,54.895348,9.797490,54.897049,9.784369
1390095243,3,0,0.0,0,0,4,0,20,50,-0.0292,0.2922,6.8213,0.4212,54.897205,9.784369,108.3,5.845,1.85,335.95,54.895348,9.797490,54.897049,9.784369
1390095243,3,0,0.0,0,0,0,0,20,0,-0.0292,0.2922,6.8213,0.4212,54.897217,9.784369,108.3,5.845,1.85,335.95,54.895348,9.797490,54.897049,9.784369
1390095244,3,0,0.0,0,0,4,0,20,50,-0.0292,0.2922,6.8213,0.4212,54.897217,9.784369,108.3,5.845,1.85,335.95,54.895348,9.797490,54.897049,9.784369
1390095244,3,0,0.0,0,0,0,0,20,0,-0.0292,0.2922,6.8213,0.4212,54.897224,9.784369,108.3,5.845,1.85,335.95,54.895348,9.797490,54.897049,9.784369
1390095244,3,0,0.0,0,0,4,0,30,50,-0.0292,0.2922,6.8213,0.4212,54.897224,9.784369,108.3,5.845,1.85,335.95,54.895348,9.797490,54.897049,9.784369
1390095245,3,0,0.0,0,0,0,0,30,0,-0.0292,0.2922,6.8213,0.4212,54.897232,9.784369,108.3,5.845,1.85,335.95,54.895348,9.797490,54.897049,9.784369
1390095245,3,0,0.0,0,0,4,0,30,50,-0.0292,0.2922,6.8213,0.4212,54.897236,9.784369,108.3,5.845,1.85,335.95,54.895348,9.797490,54.897049,9.784369
1390095245,3,0,0.0,0,0,0,0,30,0,-0.0292,0.2922,6.8213,0.4212,54.897243,9.784369,108.3,5.845,1.85,335.95,54.895348,9.797490,54.897049,9.784369
1390095245,3,0,0.0,0,0,4,0,30,50,-0.0292,0.2922,6.8213,0.4212,54.897243,9.784369,108.3,5.845,1.85,335.95,54.895348,9.797490,54.897049,9.784369
1390095246,3,0,0.0,0,0,0,0,30,0,-0.0292,0.2922,6.8213,0.4212,54.897251,9.784369,108.3,5.845,1.85,335.95,54.895348,9.797490,54.897049,9.784369
1390095246,3,0,0.0,0,0,4,0,30,50,-0.0292,0.2922,6.8213,0.4212,54.897251,9.784369,108.3,5.845,1.85,335.95,54.895348,9.797490,54.897049,9.784369
1390095246,3,0,0.0,0,0,0,0,30,0,-0.0292,0.2922,6.8213,0.4212,54.897263,9.784369,108.3,5.845,1.85,335.95,54.895348,9.797490,54.897049,9.784369
1390095246,3,0,0.0,0,0,4,0,30,50,-0.0292,0.2922,6.8213,0.4212,54.897263,9.784369,108.3,5.845,1.85,335.95,54.895348,9.797490,54.897049,9.784369
1390095247,3,0,0.0,0,0,0,0,30,0,-0.0292,0.2922,6.8213,0.4212,54.897270,9.784369,108.3,5.845,1.85,335.95,54.895348,9.797490,54.897049,9.784369
1390095247,3,0,0.0,0,0,4,0,30,50,-0.0292,0.2922,6.8213,0.4212,54.897270,9.784369,108.3,5.845,1.85,335.95,54.895348,9.797490,54.897049,9.784369
1390095247,3,0,0.0,0,0,0,0,30,0,-0.0292,0.2922,6.8213,0.4212,54.897278,9.784369,108.3,5.845,1.85,335.95,54.895348,9.797490,54.897049,9.784369
1390095247,3,0,0.0,0,0,4,0,30,50,-0.0292,0.2922,6.8213,0.4212,54.897278,9.784369,108.3,5.845,1.85,335.95,54.895348,9.797490,54.897049,9.784369
1390095248,3,0,0.0,0,0,0,0,30,0,-0.0292,0.2922,6.8213,0.4212,54.897289,9.784369,108.3,5.845,1.85,335.95,54.895348,9.797490,54.897049,9.784369
1390095248,3,0,0.0,0,0,4,0,30,50,-0.0292,0.2922,6.8213,0.4212,54.897289,9.784369,108.3,5.845,1.85,335.95,54.895348,9.797490,54.897049,9.784369
1390095248,3,0,0.0,0,0,0,0,30,0,-0.0292,0.2922,6.8213,0.4212,54.897297,9.784369,108.3,5.845,1.85,335.95,54.895348,9.797490,54.897049,9.784369
1390095248,3,0,0.0,0,0,4,0,30,50,-0.0292,0.2922,6.8213,0.4212,54.897297,9.784369,108.3,5.845,1.85,335.95,54.895348,9.797490,54.897049,9.784369
1390095249,3,0,0.0,0,0,0,0,30,0,-0.0292,0.2922,6.8213,0.4212,54.897305,9.784369,108.3,5.845,1.85,335.95,54.895348,9.797490,54.897049,9.784369
1390095249,3,0,0.0,0,0,4,0,30,50,-0.0292,0.2922,6.8213,0.4212,54.897305,9.784369,108.3,5.845,1.85,335.95,54.895348,9.797490,54.897049,9.784369
1390095249,3,0,0.0,0,0,0,0,30,0,-0.0292,0.2922,6.8213,0.4212,54.897316,9.784369,108.3,5.845,1.85,335.95,54.895348,9.797490,54.897049,9.784369
1390095249,3,0,0.0,0,0,4,0,40,50,-0.0292,0.2922,6.8213,0.4212,54.897316,9.784369,108.3,5.845,1.85,335.95,54.895348,9.797490,54.897049,9.784369
1390095250,3,0,0.0,0,0,0,0,40,0,-0.0292,0.2922,6.8213,0.4212,54.897324,9.784369,108.3,5.845,1.85,335.95,54.895348,9.797490,54.897049,9.784369
1390095250,3,0,0.0,0,0,4,0,40,50,-0.0292,0.2922,6.8213,0.4212,54.897324,9.784369,108.3,5.845,1.85,335.95,54.895348,9.797490,54.897049,9.784369
1390095250,3,0,0.0,0,0,0,0,40,0,-0.0292,0.2922,6.8213,0.4212,54.897331,9.784369,108.3,5.845,1.85,335.95,54.895348,9.797490,54.897049,9.784369
1390095250,3,0,0.0,0,0,4,0,40,50,-0.0292,0.2922,6.8213,0.4212,54.897335,9.784369,108.3,5.845,1.85,335.95,54.895348,9.797490,54.897049,9.784369
1390095251,3,0,0.0,0,0,0,0,40,0,-0.0292,0.2922,6.8213,0.4212,54.897343,9.784369,108.3,5.845,1.85,335.95,54.895348,9.797490,54.897049,9.784369
1390095251,3,0,0.0,0,0,4,0,40,50,-0.0292,0.2922,6.8213,0.4212,54.897343,9.784369,108.3,5.845,1.85,335.95,54.895348,9.797490,54.897049,9.784369
1390095251,3,0,0.0,0,0,0,0,40,0,-0.0292,0.2922,6.8213,0.4212,54.897350,9.784369,108.3,5.845,1.85,335.95,54.895348,9.797490,54.897049,9.784369
1390095251,3,0,0.0,0,0,4,0,40,50,-0.0292,0.2922,6.8213,0.4212,54.897350,9.784369,108.3,5.845,1.85,335.95,54.895348,9.797490,54.897049,9.784369
1390095252,3,0,0.0,0,0,0,0,40,0,-0.0292,0.2922,6.8213,0.4212,54.897362,9.784369,108.3,5.845,1.85,335.95,54.895348,9.797490,54.897049,9.784369
1390095252,3,0,0.0,0,0,4,0,40,50,-0.0292,0.2922,6.8213,0.4212,54.897362,9.784369,108.3,5.845,1.85,335.95,54.895348,9.797490,54.897049,9.784369
1390095252,3,0,0.0,0,0,0,0,40,0,-0.0292,0.2922,6.8213,0.4212,54.897369,9.784369,108.3,5.845,1.85,335.95,54.895348,9.797490,54.897049,9.784369
1390095252,3,0,0.0,0,0,4,0,40,50,-0.0292,0.2922,6.8213,0.4212,54.897369,9.784369,108.3,5.845,1.85,335.95,54.895348,9.797490,54.897049,9.784369
1390095253,3,0,0.0,0,0,0,0,40,0,-0.0292,0.2922,6.8213,0.4212,54.897377,9.784369,108.3,5.845,1.85,335.95,54.895348,9.797490,54.897049,9.784369
1390095253,3,0,0.0,0,0,4,0,40,50,-0.0292,0.2922,6.8213,0.4212,54.897377,9.784369,108.3,5.845,1.85,335.95,54.895348,9.797490,54.897049,9.784369
1390095253,3,0,0.0,0,0,0,0,40,0,-0.0292,0.2922,6.8213,0.4212,54.897388,9.784369,108.3,5.845,1.85,335.95,54.895348,9.797490,54.897049,9.784369
1390095253,3,0,0.0,0,0,4,0,40,50,-0.0292,0.2922,6.8213,0.4212,54.897388,9.784369,108.3,5.845,1.85,335.95,54.895348,9.797490,54.897049,9.784369
1390095254,3,0,0.0,0,0,0,0,40,0,-0.0292,0.2922,6.8213,0.4212,54.897396,9.784369,108.3,5.845,1.85,335.95,54.895348,9.797490,54.897049,9.784369
1390095254,3,0,0.0,0,0,4,0,40,50,-0.0292,0.2922,6.8213,0.4212,54.897396,9.784369,108.3,5.845,1.85,335.95,54.895348,9.797490,54.897049,9.784369
1390095254,3,0,0.0,0,0,0,0,40,0,-0.0292,0.2922,6.8213,0.4212,54.897404,9.784369,108.3,5.845,1.85,335.95,54.895348,9.797490,54.897049,9.784369
1390095254,3,0,0.0,0,0,4,0,50,50,-0.0292,0.2922,6.8213,0.4212,54.897408,9.784369,108.3,5.845,1.85,335.95,54.895348,9.797490,54.897049,9.784369
1390095255,3,0,0.0,0,0,0,0,50,50,-0.0292,0.2922,6.8213,0.4212,54.897415,9.784369,108.3,5.845,1.85,335.95,54.895348,9.797490,54.897049,9.784369
1390095255,3,0,0.0,0,0,4,0,50,50,-0.0292,0.2922,6.8213,0.4212,54.897423,9.784369,108.3,5.845,1.85,335.95,54.895348,9.797490,54.897049,9.784369
1390095255,3,0,0.0,0,0,0,0,50,50,-0.0292,0.2922,6.8213,0.4212,54.897430,9.784369,108.3,5.845,1.85,335.95,54.895348,9.797490,54.897049,9.784369
1390095255,3,0,0.0,0,0,4,0,50,50,-0.0292,0.2922,6.8213,0.4212,54.897438,9.784369,108.3,5.845,1.85,335.95,54.895348,9.797490,54.897049,9.784369
1390095256,3,0,0.0,0,0,0,0,50,50,-0.0292,0.2922,6.8213,0.4212,54.897446,9.784369,108.3,5.845,1.85,335.95,54.895348,9.797490,54.897049,9.784369
1390095256,3,0,0.0,0,0,4,0,50,50,-0.0292,0.2922,6.8213,0.4212,54.897453,9.784369,108.3,5.845,1.85,335.95,54.895348,9.797490,54.897049,9.784369
1390095256,3,0,0.0,0,0,0,0,50,50,-0.0292,0.2922,6.8213,0.4212,54.897465,9.784369,108.3,5.845,1.85,335.95,54.895348,9.797490,54.897049,9.784369
1390095256,3,0,0.0,0,0,4,0,50,50,-0.0292,0.2922,6.8213,0.4212,54.897472,9.784369,108.3,5.845,1.85,335.95,54.895348,9.797490,54.897049,9.784369
1390095257,3,0,0.0,0,0,0,0,50,50,-0.0292,0.2922,6.8213,0.4212,54.897484,9.784369,108.3,5.845,1.85,335.95,54.895348,9.797490,54.897049,9.784369
1390095257,3,0,0.0,0,0,4,0,50,50,-0.0292,0.2922,6.8213,0.4212,54.897491,9.784369,108.3,5.845,1.85,335.95,54.895348,9.797490,54.897049,9.784369
1390095257,3,0,0.0,0,0,0,0,50,50,-0.0292,0.2922,6.8213,0.4212,54.897499,9.784369,108.3,5.845,1.85,335.95,54.895348,9.797490,54.897049,9.784369
1390095257,3,0,0.0,0,0,4,0,50,50,-0.0292,0.2922,6.8213,0.4212,54.897511,9.784369,108.3,5.845,1.85,335.95,54.895348,9.797490,54.897049,9.784369
1390095258,3,0,0.0,0,0,0,0,50,50,-0.0292,0.2922,6.8213,0.4212,54.897518,9.784369,108.3,5.845,1.85,335.95,54.895348,9.797490,54.897049,9.784369
1390095258,3,0,0.0,0,0,4,0,50,50,-0.0292,0.2922,6.8213,0.4212,54.897526,9.784369,108.3,5.845,1.85,335.95,54.895348,9.797490,54.897049,9.784369
1390095258,3,0,0.0,0,0,0,0,50,50,-0.0292,0.2922,6.8213,0.4212,54.897537,9.784369,108.3,5.845,1.85,335.95,54.895348,9.797490,54.897049,9.784369
1390095258,3,0,0.0,0,0,4,0,50,50,-0.0292,0.2922,6.8213,0.4212,54.897545,9.784369,108.3,5.845,1.85,335.95,54.895348,9.797490,54.897049,9.784369
1390095259,3,0,0.0,0,0,0,0,50,50,-0.0292,0.2922,6.8213,0.4212,54.897552,9.784369,108.3,5.845,1.85,335.95,54.895348,9.797490,54.897049,9.784369
1390095259,3,0,0.0,0,0,4,0,50,50,-0.0292,0.2922,6.8213,0.4212,54.897564,9.784369,108.3,5.845,1.85,335.95,54.895348,9.797490,54.897049,9.784369
1390095259,3,0,0.0,0,0,0,0,50,50,-0.0292,0.2922,6.8213,0.4212,54.897572,9.784369,108.3,5.845,1.85,335.95,54.895348,9.797490,54.897049,9.784369
1390095259,3,0,0.0,0,0,4,0,60,100,-0.0292,0.2922,6.8213,0.4212,54.897583,9.784369,108.3,5.845,1.85,335.95,54.895348,9.797490,54.897049,9.784369
1390095260,3,0,0.0,0,0,0,0,60,50,-0.0292,0.2922,6.8213,0.4212,54.897594,9.784369,108.3,5.845,1.85,335.95,54.895348,9.797490,54.897049,9.784369
1390095260,3,0,0.0,0,0,4,0,60,100,-0.0292,0.2922,6.8213,0.4212,54.897602,9.784369,108.3,5.845,1.85,335.95,54.895348,9.797490,54.897049,9.784369
1390095260,3,0,0.0,0,0,0,0,60,50,-0.0292,0.2922,6.8213,0.4212,54.897614,9.784369,108.3,5.845,1.85,335.95,54.895348,9.797490,54.897049,9.784369
1390095260,3,0,0.0,0,0,4,0,60,100,-0.0292,0.2922,6.8213,0.4212,54.897621,9.784369,108.3,5.845,1.85,335.95,54.895348,9.797490,54.897049,9.784369
1390095261,3,0,0.0,0,0,0,0,60,50,-0.0292,0.2922,6.8213,0.4212,54.897636,9.784369,108.3,5.845,1.85,335.95,54.895348,9.797490,54.897049,9.784369
1390095261,3,0,0.0,0,0,4,0,60,100,-0.0292,0.2922,6.8213,0.4212,54.897644,9.784369,108.3,5.845,1.85,335.95,54.895348,9.797490,54.897049,9.784369
1390095261,3,0,0.0,0,0,0,0,60,50,-0.0292,0.2922,6.8213,0.4212,54.897659,9.784369,108.3,5.845,1.85,335.95,54.895348,9.797490,54.897049,9.784369
1390095261,3,0,0.0,0,0,4,0,60,100,-0.0292,0.2922,6.8213,0.4212,54.897667,9.784369,108.3,5.845,1.85,335.95,54.895348,9.797490,54.897049,9.784369
1390095262,3,0,0.0,0,0,0,0,60,50,-0.0292,0.2922,6.8213,0.4212,54.897682,9.784369,108.3,5.845,1.85,335.95,54.895348,9.797490,54.897049,9.784369
1390095262,3,0,0.0,0,0,4,0,60,100,-0.0292,0.2922,6.8213,0.4212,54.897690,9.784369,108.3,5.845,1.85,335.95,54.895348,9.797490,54.897049,9.784369
1390095262,3,0,0.0,0,0,0,0,60,50,-0.0292,0.2922,6.8213,0.4212,54.897705,9.784369,108.3,5.845,1.85,335.95,54.895348,9.797490,54.897049,9.784369
1390095262,3,0,0.0,0,0,4,0,60,100,-0.0292,0.2922,6.8213,0.4212,54.897713,9.784369,108.3,5.845,1.85,335.95,54.895348,9.797490,54.897049,9.784369
1390095263,3,0,0.0,0,0,0,0,60,50,-0.0292,0.2922,6.8213,0.4212,54.897728,9.784369,108.3,5.845,1.85,335.95,54.895348,9.797490,54.897049,9.784369
1390095263,3,0,0.0,0,0,4,0,60,100,-0.0292,0.2922,6.8213,0.4212,54.897736,9.784369,108.3,5.845,1.85,335.95,54.895348,9.797490,54.897049,9.784369
1390095263,3,0,0.0,0,0,0,0,60,50,-0.0292,0.2922,6.8213,0.4212,54.897751,9.784369,108.3,5.845,1.85,335.95,54.895348,9.797490,54.897049,9.784369
1390095263,3,0,0.0,0,0,4,0,60,100,-0.0292,0.2922,6.8213,0.4212,54.897758,9.784369,108.3,5.845,1.85,335.95,54.895348,9.797490,54.897049,9.784369
1390095264,3,0,0.0,0,0,0,0,60,50,-0.0292,0.2922,6.8213,0.4212,54.897774,9.784369,108.3,5.845,1.85,335.95,54.895348,9.797490,54.897049,9.784369
1390095264,3,0,0.0,0,0,4,0,60,100,-0.0292,0.2922,6.8213,0.4212,54.897785,9.784369,108.3,5.845,1.85,335.95,54.895348,9.797490,54.897049,9.784369
1390095264,3,0,0.0,0,0,0,0,60,50,-0.0292,0.2922,6.8213,0.4212,54.897800,9.784369,108.3,5.845,1.85,335.95,54.895348,9.797490,54.897049,9.784369
1390095264,3,0,0.0,0,0,4,0,70,100,-0.0292,0.2922,6.8213,0.4212,54.897808,9.784369,108.3,5.845,1.85,335.95,54.895348,9.797490,54.897049,9.784369
1390095265,3,0,0.0,0,0,0,0,70,50,-0.0292,0.2922,6.8213,0.4212,54.897823,9.784369,108.3,5.845,1.85,335.95,54.895348,9.797490,54.897049,9.784369
1390095265,3,0,0.0,0,0,4,0,70,100,-0.0292,0.2922,6.8213,0.4212,54.897835,9.784369,108.3,5.845,1.85,335.95,54.895348,9.797490,54.897049,9.784369
1390095265,3,0,0.0,0,0,0,0,70,50,-0.0292,0.2922,6.8213,0.4212,54.897850,9.784369,108.3,5.845,1.85,335.95,54.895348,9.797490,54.897049,9.784369
1390095265,3,0,0.0,0,0,4,0,70,100,-0.0292,0.2922,6.8213,0.4212,54.897858,9.784369,108.3,5.845,1.85,335.95,54.895348,9.797490,54.897049,9.784369
1390095266,3,0,0.0,0,0,0,0,70,50,-0.0292,0.2922,6.8213,0.4212,54.897873,9.784369,108.3,5.845,1.85,335.95,54.895348,9.797490,54.897049,9.784369
1390095266,3,0,0.0,0,0,4,0,70,100,-0.0292,0.2922,6.8213,0.4212,54.897881,9.784369,108.3,5.845,1.85,335.95,54.895348,9.797490,54.897049,9.784369
1390095266,3,0,0.0,0,0,0,0,70,50,-0.0292,0.2922,6.8213,0.4212,54.897896,9.784369,108.3,5.845,1.85,335.95,54.895348,9.797490,54.897049,9.784369
1390095266,3,0,0.0,0,0,4,0,70,100,-0.0292,0.2922,6.8213,0.4212,54.897907,9.784369,108.3,5.845,1.85,335.95,54.895348,9.797490,54.897049,9.784369
1390095267,3,0,0.0,0,0,0,0,70,50,-0.0292,0.2922,6.8213,0.4212,54.897923,9.784369,108.3,5.845,1.85,335.95,54.895348,9.797490,54.897049,9.784369
1390095267,3,0,0.0,0,0,4,0,70,100,-0.0292,0.2922,6.8213,0.4212,54.897930,9.784369,108.3,5.845,1.85,335.95,54.895348,9.797490,54.897049,9.784369
1390095267,3,0,0.0,0,0,0,0,70,50,-0.0292,0.2922,6.8213,0.4212,54.897945,9.784369,108.3,5.845,1.85,335.95,54.895348,9.797490,54.897049,9.784369
1390095267,3,0,0.0,0,0,4,0,70,100,-0.0292,0.2922,6.8213,0.4212,54.897957,9.784369,108.3,5.845,1.85,335.95,54.895348,9.797490,54.897049,9.784369
1390095268,3,0,0.0,0,0,0,0,70,50,-0.0292,0.2922,6.8213,0.4212,54.897972,9.784369,108.3,5.845,1.85,335.95,54.895348,9.797490,54.897049,9.784369
1390095268,3,0,0.0,0,0,4,0,70,100,-0.0292,0.2922,6.8213,0.4212,54.897980,9.784369,108.3,5.845,1.85,335.95,54.895348,9.797490,54.897049,9.784369
1390095268,3,0,0.0,0,0,0,0,70,50,-0.0292,0.2922,6.8213,0.4212,54.897995,9.784369,108.3,5.845,1.85,335.95,54.895348,9.797490,54.897049,9.784369
1390095268,3,0,0.0,0,0,4,0,70,100,-0.0292,0.2922,6.8213,0.4212,54.898006,9.784369,108.3,5.845,1.85,335.95,54.895348,9.797490,54.897049,9.784369
1390095269,3,0,0.0,0,0,0,0,70,50,-0.0292,0.2922,6.8213,0.4212,54.898022,9.784369,108.3,5.845,1.85,335.95,54.895348,9.797490,54.897049,9.784369
1390095269,3,0,0.0,0,0,4,0,70,100,-0.0292,0.2922,6.8213,0.4212,54.898029,9.784369,108.3,5.845,1.85,335.95,54.895348,9.797490,54.897049,9.784369
1390095269,3,0,0.0,0,0,0,0,70,50,-0.0292,0.2922,6.8213,0.4212,54.898045,9.784369,108.3,5.845,1.85,335.95,54.895348,9.797490,54.897049,9.784369
1390095269,3,0,0.0,0,0,4,0,80,100,-0.0292,0.2922,6.8213,0.4212,54.898056,9.784369,108.3,5.845,1.85,335.95,54.895348,9.797490,54.897049,9.784369
1390095270,3,0,0.0,0,0,0,0,80,50,-0.0292,0.2922,6.8213,0.4212,54.898071,9.784369,108.3,5.845,1.85,335.95,54.895348,9.797490,54.897049,9.784369
1390095270,3,0,0.0,0,0,4,0,80,100,-0.0292,0.2922,6.8213,0.4212,54.898079,9.784369,108.3,5.845,1.85,335.95,54.895348,9.797490,54.897049,9.784369
1390095270,3,0,0.0,0,0,0,0,80,50,-0.0292,0.2922,6.8213,0.4212,54.898094,9.784369,108.3,5.845,1.85,335.95,54.895348,9.797490,54.897049,9.784369
1390095270,3,0,0.0,0,0,4,0,80,100,-0.0292,0.2922,6.8213,0.4212,54.898102,9.784369,108.3,5.845,1.85,335.95,54.895348,9.797490,54.897049,9.784369
1390095271,3,0,0.0,0,0,0,0,80,50,-0.0292,0.2922,6.8213,0.4212,54.898117,9.784369,108.3,5.845,1.85,335.95,54.895348,9.797490,54.897049,9.784369
1390095271,3,0,0.0,0,0,4,0,80,100,-0.0292,0.2922,6.8213,0.4212,54.898129,9.784369,108.3,5.845,1.85,335.95,54.895348,9.797490,54.897049,9.784369
1390095271,3,0,0.0,0,0,0,0,80,50,-0.0292,0.2922,6.8213,0.4212,54.898144,9.784369,108.3,5.845,1.85,335.95,54.895348,9.797490,54.897049,9.784369
1390095271,3,0,0.0,0,0,4,0,80,100,-0.0292,0.2922,6.8213,0.4212,54.898151,9.784369,108.3,5.845,1.85,335.95,54.895348,9.797490,54.897049,9.784369
1390095272,3,0,0.0,0,0,0,0,80,50,-0.0292,0.2922,6.8213,0.4212,54.898167,9.784369,108.3,5.845,1.85,335.95,54.895348,9.797490,54.897049,9.784369
1390095272,3,0,0.0,0,0,4,0,80,100,-0.0292,0.2922,6.8213,0.4212,54.898178,9.784369,108.3,5.845,1.85,335.95,54.895348,9.797490,54.897049,9.784369
1390095272,3,0,0.0,0,0,0,0,80,50,-0.0292,0.2922,6.8213,0.4212,54.898193,9.784369,108.3,5.845,1.85,335.95,54.895348,9.797490,54.897049,9.784369
1390095272,3,0,0.0,0,0,4,0,80,100,-0.0292,0.2922,6.8213,0.4212,54.898201,9.784369,108.3,5.845,1.85,335.95,54.895348,9.797490,54.897049,9.784369
1390095273,3,0,0.0,0,0,0,0,80,50,-0.0292,0.2922,6.8213,0.4212,54.898216,9.784369,108.3,5.845,1.85,335.95,54.895348,9.797490,54.897049,9.784369
1390095273,3,0,0.0,0,0,4,0,80,100,-0.0292,0.2922,6.8213,0.4212,54.898228,9.784369,108.3,5.845,1.85,335.95,54.895348,9.797490,54.897049,9.784369
1390095273,3,0,0.0,0,0,0,0,80,50,-0.0292,0.2922,6.8213,0.4212,54.898243,9.784369,108.3,5.845,1.85,335.95,54.895348,9.797490,54.897049,9.784369
1390095273,3,0,0.0,0,0,4,0,80,100,-0.0292,0.2922,6.8213,0.4212,54.898251,9.784369,108.3,5.845,1.85,335.95,54.895348,9.797490,54.897049,9.784369
1390095274,3,0,0.0,0,0,0,0,80,50,-0.0292,0.2922,6.8213,0.4212,54.898266,9.784369,108.3,5.845,1.85,335.95,54.895348,9.797490,54.897049,9.784369
1390095274,3,0,0.0,0,0,4,0,80,100,-0.0292,0.2922,6.8213,0.4212,54.898277,9.784369,108.3,5.845,1.85,335.95,54.895348,9.797490,54.897049,9.784369
1390095274,3,0,0.0,0,0,0,0,80,50,-0.0292,0.2922,6.8213,0.4212,54.898293,9.784369,108.3,5.845,1.85,335.95,54.895348,9.797490,54.897049,9.784369
1390095275,3,0,0.0,0,0,4,0,90,100,-0.0292,0.2922,6.8213,0.4212,54.898300,9.784369,108.3,5.845,1.85,335.95,54.895348,9.797490,54.897049,9.784369
1390095275,3,0,0.0,0,0,0,0,90,50,-0.0292,0.2922,6.8213,0.4212,54.898315,9.784369,108.3,5.845,1.85,335.95,54.895348,9.797490,54.897049,9.784369
1390095275,3,0,0.0,0,0,4,0,90,100,-0.0292,0.2922,6.8213,0.4212,54.898323,9.784369,108.3,5.845,1.85,335.95,54.895348,9.797490,54.897049,9.784369
1390095275,3,0,0.0,0,0,0,0,90,50,-0.0292,0.2922,6.8213,0.4212,54.898338,9.784369,108.3,5.845,1.85,335.95,54.895348,9.797490,54.897049,9.784369
1390095276,3,0,0.0,0,0,4,0,90,100,-0.0292,0.2922,6.8213,0.4212,54.898350,9.784369,108.3,5.845,1.85,335.95,54.895348,9.797490,54.897049,9.784369
1390095276,3,0,0.0,0,0,0,0,90,50,-0.0292,0.2922,6.8213,0.4212,54.898365,9.784369,108.3,5.845,1.85,335.95,54.895348,9.797490,54.897049,9.784369
1390095276,3,0,0.0,0,0,4,0,90,100,-0.0292,0.2922,6.8213,0.4212,54.898373,9.784369,108.3,5.845,1.85,335.95,54.895348,9.797490,54.897049,9.784369
1390095276,3,0,0.0,0,0,0,0,90,50,-0.0292,0.2922,6.8213,0.4212,54.898388,9.784369,108.3,5.845,1.85,335.95,54.895348,9.797490,54.897049,9.784369
1390095277,3,0,0.0,0,0,4,0,90,100,-0.0292,0.2922,6.8213,0.4212,54.898399,9.784369,108.3,5.845,1.85,335.95,54.895348,9.797490,54.897049,9.784369
1390095277,3,0,0.0,0,0,0,0,90,50,-0.0292,0.2922,6.8213,0.4212,54.898415,9.784369,108.3,5.845,1.85,335.95,54.895348,9.797490,54.897049,9.784369
1390095277,3,0,0.0,0,0,4,0,90,100,-0.0292,0.2922,6.8213,0.4212,54.898422,9.784369,108.3,5.845,1.85,335.95,54.895348,9.797490,54.897049,9.784369
1390095277,3,0,0.0,0,0,0,0,90,50,-0.0292,0.2922,6.8213,0.4212,54.898438,9.784369,108.3,5.845,1.85,335.95,54.895348,9.797490,54.897049,9.784369
1390095278,3,0,0.0,0,0,4,0,90,100,-0.0292,0.2922,6.8213,0.4212,54.898449,9.784369,108.3,5.845,1.85,335.95,54.895348,9.797490,54.897049,9.784369
1390095278,3,0,0.0,0,0,0,0,90,50,-0.0292,0.2922,6.8213,0.4212,54.898464,9.784369,108.3,5.845,1.85,335.95,54.895348,9.797490,54.897049,9.784369
1390095278,3,0,0.0,0,0,4,0,90,100,-0.0292,0.2922,6.8213,0.4212,54.898472,9.784369,108.3,5.845,1.85,335.95,54.895348,9.797490,54.897049,9.784369
1390095278,3,0,0.0,0,0,0,0,90,50,-0.0292,0.2922,6.8213,0.4212,54.898487,9.784369,108.3,5.845,1.85,335.95,54.895348,9.797490,54.897049,9.784369
1390095279,3,0,0.0,0,0,4,0,90,100,-0.0292,0.2922,6.8213,0.4212,54.898499,9.784369,108.3,5.845,1.85,335.95,54.895348,9.797490,54.897049,9.784369
1390095279,3,0,0.0,0,0,0,0,90,50,-0.0292,0.2922,6.8213,0.4212,54.898514,9.784369,108.3,5.845,1.85,335.95,54.895348,9.797490,54.897049,9.784369
1390095279,3,0,0.0,0,0,4,0,90,100,-0.0292,0.2922,6.8213,0.4212,54.898521,9.784369,108.3,5.845,1.85,335.95,54.895348,9.797490,54.897049,9.784369
1390095279,3,0,0.0,0,0,0,0,90,50,-0.0292,0.2922,6.8213,0.4212,54.898537,9.784369,108.3,5.845,1.85,335.95,54.895348,9.797490,54.897049,9.784369
1390095280,3,0,0.0,0,0,4,0,100,100,-0.0292,0.2922,6.8213,0.4212,54.898544,9.784369,108.3,5.845,1.85,335.95,54.895348,9.797490,54.897049,9.784369
1390095280,3,0,0.0,0,0,0,0,100,100,-0.0292,0.2922,6.8213,0.4212,54.898560,9.784369,108.3,5.845,1.85,335.95,54.895348,9.797490,54.897049,9.784369
1390095280,3,0,0.0,0,0,4,0,100,100,-0.0292,0.2922,6.8213,0.4212,54.898575,9.784369,108.3,5.845,1.85,335.95,54.895348,9.797490,54.897049,9.784369
1390095280,3,0,0.0,0,0,0,0,100,100,-0.0292,0.2922,6.8213,0.4212,54.898590,9.784369,108.3,5.845,1.85,335.95,54.895348,9.797490,54.897049,9.784369
1390095281,3,0,0.0,0,0,4,0,100,100,-0.0292,0.2922,6.8213,0.4212,54.898602,9.784369,108.3,5.845,1.85,335.95,54.895348,9.797490,54.897049,9.784369
1390095281,3,0,0.0,0,0,0,0,100,100,-0.0292,0.2922,6.8213,0.4212,54.898617,9.784369,108.3,5.845,1.85,335.95,54.895348,9.797490,54.897049,9.784369
1390095281,3,0,0.0,0,0,4,0,100,100,-0.0292,0.2922,6.8213,0.4212,54.898628,9.784369,108.3,5.845,1.85,335.95,54.895348,9.797490,54.897049,9.784369
1390095281,3,0,0.0,0,0,0,0,100,100,-0.0292,0.2922,6.8213,0.4212,54.898643,9.784369,108.3,5.845,1.85,335.95,54.895348,9.797490,54.897049,9.784369
1390095282,3,0,0.0,0,0,4,0,100,100,-0.0292,0.2922,6.8213,0.4212,54.898659,9.784369,108.3,5.845,1.85,335.95,54.895348,9.797490,54.897049,9.784369
1390095282,3,0,0.0,0,0,0,0,100,100,-0.0292,0.2922,6.8213,0.4212,54.898674,9.784369,108.3,5.845,1.85,335.95,54.895348,9.797490,54.897049,9.784369
1390095282,3,0,0.0,0,0,4,0,100,100,-0.0292,0.2922,6.8213,0.4212,54.898689,9.784369,108.3,5.845,1.85,335.95,54.895348,9.797490,54.897049,9.784369
1390095282,3,0,0.0,0,0,0,0,100,100,-0.0292,0.2922,6.8213,0.4212,54.898701,9.784369,108.3,5.845,1.85,335.95,54.895348,9.797490,54.897049,9.784369
1390095283,3,0,0.0,0,0,4,0,100,100,-0.0292,0.2922,6.8213,0.4212,54.898716,9.784369,108.3,5.845,1.85,335.95,54.895348,9.797490,54.897049,9.784369
1390095283,3,0,0.0,0,0,0,0,100,100,-0.0292,0.2922,6.8213,0.4212,54.898731,9.784369,108.3,5.845,1.85,335.95,54.895348,9.797490,54.897049,9.784369
1390095283,3,0,0.0,0,0,4,0,100,100,-0.0292,0.2922,6.8213,0.4212,54.898746,9.784369,108.3,5.845,1.85,335.95,54.895348,9.797490,54.897049,9.784369
1390095283,3,0,0.0,0,0,0,0,100,100,-0.0292,0.2922,6.8213,0.4212,54.898762,9.784369,108.3,5.845,1.85,335.95,54.895348,9.797490,54.897049,9.784369
1390095284,3,0,0.0,0,0,4,0,100,100,-0.0292,0.2922,6.8213,0.4212,54.898773,9.784369,108.3,5.845,1.85,335.95,54.895348,9.797490,54.897049,9.784369
1390095284,3,0,0.0,0,0,0,0,100,100,-0.0292,0.2922,6.8213,0.4212,54.898788,9.784369,108.3,5.845,1.85,335.95,54.895348,9.797490,54.897049,9.784369
1390095284,3,0,0.0,0,0,4,0,100,100,-0.0292,0.2922,6.8213,0.4212,54.898800,9.784369,108.3,5.845,1.85,335.95,54.895348,9.797490,54.897049,9.784369
1390095284,3,0,0.0,0,0,0,0,100,100,-0.0292,0.2922,6.8213,0.4212,54.898815,9.784369,108.3,5.845,1.85,335.95,54.895348,9.797490,54.897049,9.784369
1390095285,3,0,0.0,0,0,4,0,110,150,-0.0292,0.2922,6.8213,0.4212,54.898830,9.784369,108.3,5.845,1.85,335.95,54.895348,9.797490,54.897049,9.784369
1390095285,3,0,0.0,0,0,0,0,110,100,-0.0292,0.2922,6.8213,0.4212,54.898849,9.784369,108.3,5.845,1.85,335.95,54.895348,9.797490,54.897049,9.784369
1390095285,3,0,0.0,0,0,4,0,110,150,-0.0292,0.2922,6.8213,0.4212,54.898865,9.784369,108.3,5.845,1.85,335.95,54.895348,9.797490,54.897049,9.784369
1390095285,3,0,0.0,0,0,0,0,110,100,-0.0292,0.2922,6.8213,0.4212,54.898880,9.784369,108.3,5.845,1.85,335.95,54.895348,9.797490,54.897049,9.784369
1390095286,3,0,0.0,0,0,4,0,110,150,-0.0292,0.2922,6.8213,0.4212,54.898895,9.784369,108.3,5.845,1.85,335.95,54.895348,9.797490,54.897049,9.784369
1390095286,3,0,0.0,0,0,0,0,110,100,-0.0292,0.2922,6.8213,0.4212,54.898914,9.784369,108.3,5.845,1.85,335.95,54.895348,9.797490,54.897049,9.784369
1390095286,3,0,0.0,0,0,4,0,110,150,-0.0292,0.2922,6.8213,0.4212,54.898930,9.784369,108.3,5.845,1.85,335.95,54.895348,9.797490,54.897049,9.784369
1390095286,3,0,0.0,0,0,0,0,110,100,-0.0292,0.2922,6.8213,0.4212,54.898949,9.784369,108.3,5.845,1.85,335.95,54.895348,9.797490,54.897049,9.784369
1390095287,3,0,0.0,0,0,4,0,110,150,-0.0292,0.2922,6.8213,0.4212,54.898964,9.784369,108.3,5.845,1.85,335.95,54.895348,9.797490,54.897049,9.784369
1390095287,3,0,0.0,0,0,0,0,110,100,-0.0292,0.2922,6.8213,0.4212,54.898979,9.784369,108.3,5.845,1.85,335.95,54.895348,9.797490,54.897049,9.784369
1390095287,3,0,0.0,0,0,4,0,110,150,-0.0292,0.2922,6.8213,0.4212,54.898994,9.784369,108.3,5.845,1.85,335.95,54.895348,9.797490,54.897049,9.784369
1390095287,3,0,0.0,0,0,0,0,110,100,-0.0292,0.2922,6.8213,0.4212,54.899014,9.784369,108.3,5.845,1.85,335.95,54.895348,9.797490,54.897049,9.784369
1390095288,3,0,0.0,0,0,4,0,110,150,-0.0292,0.2922,6.8213,0.4212,54.899029,9.784369,108.3,5.845,1.85,335.95,54.895348,9.797490,54.897049,9.784369
1390095288,3,0,0.0,0,0,0,0,110,100,-0.0292,0.2922,6.8213,0.4212,54.899044,9.784369,108.3,5.845,1.85,335.95,54.895348,9.797490,54.897049,9.784369
1390095288,3,0,0.0,0,0,4,0,110,150,-0.0292,0.2922,6.8213,0.4212,54.899059,9.784369,108.3,5.845,1.85,335.95,54.895348,9.797490,54.897049,9.784369
1390095288,3,0,0.0,0,0,0,0,110,100,-0.0292,0.2922,6.8213,0.4212,54.899075,9.784369,108.3,5.845,1.85,335.95,54.895348,9.797490,54.897049,9.784369
1390095289,3,0,0.0,0,0,4,0,110,150,-0.0292,0.2922,6.8213,0.4212,54.899090,9.784369,108.3,5.845,1.85,335.95,54.895348,9.797490,54.897049,9.784369
1390095289,3,0,0.0,0,0,0,0,110,100,-0.0292,0.2922,6.8213,0.4212,54.899109,9.784369,108.3,5.845,1.85,335.95,54.895348,9.797490,54.897049,9.784369
1390095289,3,0,0.0,0,0,4,0,110,150,-0.0292,0.2922,6.8213,0.4212,54.899120,9.784369,108.3,5.845,1.85,335.95,54.895348,9.797490,54.897049,9.784369
1390095289,3,0,0.0,0,0,0,0,110,100,-0.0292,0.2922,6.8213,0.4212,54.899139,9.784369,108.3,5.845,1.85,335.95,54.895348,9.797490,54.897049,9.784369
1390095290,3,0,0.0,0,0,4,0,120,150,-0.0292,0.2922,6.8213,0.4212,54.899155,9.784369,108.3,5.845,1.85,335.95,54.895348,9.797490,54.897049,9.784369
1390095290,3,0,0.0,0,0,0,0,120,100,-0.0292,0.2922,6.8213,0.4212,54.899170,9.784369,108.3,5.845,1.85,335.95,54.895348,9.797490,54.897049,9.784369
1390095290,3,0,0.0,0,0,4,0,120,150,-0.0292,0.2922,6.8213,0.4212,54.899185,9.784369,108.3,5.845,1.85,335.95,54.895348,9.797490,54.897049,9.784369
1390095290,3,0,0.0,0,0,0,0,120,100,-0.0292,0.2922,6.8213,0.4212,54.899200,9.784369,108.3,5.845,1.85,335.95,54.895348,9.797490,54.897049,9.784369
1390095291,3,0,0.0,0,0,4,0,120,150,-0.0292,0.2922,6.8213,0.4212,54.899216,9.784369,108.3,5.845,1.85,335.95,54.895348,9.797490,54.897049,9.784369
1390095291,3,0,0.0,0,0,0,0,120,100,-0.0292,0.2922,6.8213,0.4212,54.899235,9.784369,108.3,5.845,1.85,335.95,54.895348,9.797490,54.897049,9.784369
1390095291,3,0,0.0,0,0,4,0,120,150,-0.0292,0.2922,6.8213,0.4212,54.899250,9.784369,108.3,5.845,1.85,335.95,54.895348,9.797490,54.897049,9.784369
1390095291,3,0,0.0,0,0,0,0,120,100,-0.0292,0.2922,6.8213,0.4212,54.899265,9.784369,108.3,5.845,1.85,335.95,54.895348,9.797490,54.897049,9.784369
1390095292,3,0,0.0,0,0,4,0,120,150,-0.0292,0.2922,6.8213,0.4212,54.899281,9.784369,108.3,5.845,1.85,335.95,54.895348,9.797490,54.897049,9.784369
1390095292,3,0,0.0,0,0,0,0,120,100,-0.0292,0.2922,6.8213,0.4212,54.899296,9.784369,108.3,5.845,1.85,335.95,54.895348,9.797490,54.897049,9.784369
1390095292,3,0,0.0,0,0,4,0,120,150,-0.0292,0.2922,6.8213,0.4212,54.899311,9.784369,108.3,5.845,1.85,335.95,54.895348,9.797490,54.897049,9.784369
1390095292,3,0,0.0,0,0,0,0,120,100,-0.0292,0.2922,6.8213,0.4212,54.899330,9.784369,108.3,5.845,1.85,335.95,54.895348,9.797490,54.897049,9.784369
1390095293,3,0,0.0,0,0,4,0,120,150,-0.0292,0.2922,6.8213,0.4212,54.899342,9.784369,108.3,5.845,1.85,335.95,54.895348,9.797490,54.897049,9.784369
1390095293,3,0,0.0,0,0,0,0,120,100,-0.0292,0.2922,6.8213,0.4212,54.899361,9.784369,108.3,5.845,1.85,335.95,54.895348,9.797490,54.897049,9.784369
1390095293,3,0,0.0,0,0,4,0,120,150,-0.0292,0.2922,6.8213,0.4212,54.899376,9.784369,108.3,5.845,1.85,335.95,54.895348,9.797490,54.897049,9.784369
1390095293,3,0,0.0,0,0,0,0,120,100,-0.0292,0.2922,6.8213,0.4212,54.899391,9.784369,108.3,5.845,1.85,335.95,54.895348,9.797490,54.897049,9.784369
1390095294,3,0,0.0,0,0,4,0,120,150,-0.0292,0.2922,6.8213,0.4212,54.899406,9.784369,108.3,5.845,1.85,335.95,54.895348,9.797490,54.897049,9.784369
1390095294,3,0,0.0,0,0,0,0,120,100,-0.0292,0.2922,6.8213,0.4212,54.899422,9.784369,108.3,5.845,1.85,335.95,54.895348,9.797490,54.897049,9.784369
1390095294,3,0,0.0,0,0,4,0,120,150,-0.0292,0.2922,6.8213,0.4212,54.899437,9.784369,108.3,5.845,1.85,335.95,54.895348,9.797490,54.897049,9.784369
1390095294,3,0,0.0,0,0,0,0,120,100,-0.0292,0.2922,6.8213,0.4212,54.899456,9.784369,108.3,5.845,1.85,335.95,54.895348,9.797490,54.897049,9.784369
1390095295,3,0,0.0,0,0,4,0,130,150,-0.0292,0.2922,6.8213,0.4212,54.899471,9.784369,108.3,5.845,1.85,335.95,54.895348,9.797490,54.897049,9.784369
1390095295,3,0,0.0,0,0,0,0,130,100,-0.0292,0.2922,6.8213,0.4212,54.899487,9.784369,108.3,5.845,1.85,335.95,54.895348,9.797490,54.897049,9.784369
1390095295,3,0,0.0,0,0,4,0,130,150,-0.0292,0.2922,6.8213,0.4212,54.899502,9.784369,108.3,5.845,1.85,335.95,54.895348,9.797490,54.897049,9.784369
1390095295,3,0,0.0,0,0,0,0,130,100,-0.0292,0.2922,6.8213,0.4212,54.899517,9.784369,108.3,5.845,1.85,335.95,54.895348,9.797490,54.897049,9.784369
1390095296,3,0,0.0,0,0,4,0,130,150,-0.0292,0.2922,6.8213,0.4212,54.899532,9.784369,108.3,5.845,1.85,335.95,54.895348,9.797490,54.897049,9.784369
1390095296,3,0,0.0,0,0,0,0,130,100,-0.0292,0.2922,6.8213,0.4212,54.899551,9.784369,108.3,5.845,1.85,335.95,54.895348,9.797490,54.897049,9.784369
1390095296,3,0,0.0,0,0,4,0,130,150,-0.0292,0.2922,6.8213,0.4212,54.899563,9.784369,108.3,5.845,1.85,335.95,54.895348,9.797490,54.897049,9.784369
1390095296,3,0,0.0,0,0,0,0,130,100,-0.0292,0.2922,6.8213,0.4212,54.899582,9.784369,108.3,5.845,1.85,335.95,54.895348,9.797490,54.897049,9.784369
1390095297,3,0,0.0,0,0,4,0,130,150,-0.0292,0.2922,6.8213,0.4212,54.899597,9.784369,108.3,5.845,1.85,335.95,54.895348,9.797490,54.897049,9.784369
1390095297,3,0,0.0,0,0,0,0,130,100,-0.0292,0.2922,6.8213,0.4212,54.899612,9.784369,108.3,5.845,1.85,335.95,54.895348,9.797490,54.897049,9.784369
1390095297,3,0,0.0,0,0,4,0,130,150,-0.0292,0.2922,6.8213,0.4212,54.899628,9.784369,108.3,5.845,1.85,335.95,54.895348,9.797490,54.897049,9.784369
1390095297,3,0,0.0,0,0,0,0,130,100,-0.0292,0.2922,6.8213,0.4212,54.899643,9.784369,108.3,5.845,1.85,335.95,54.895348,9.797490,54.897049,9.784369
1390095298,3,0,0.0,0,0,4,0,130,150,-0.0292,0.2922,6.8213,0.4212,54.899658,9.784369,108.3,5.845,1.85,335.95,54.895348,9.797490,54.897049,9.784369
1390095298,3,0,0.0,0,0,0,0,130,100,-0.0292,0.2922,6.8213,0.4212,54.899677,9.784369,108.3,5.845,1.85,335.95,54.895348,9.797490,54.897049,9.784369
1390095298,3,0,0.0,0,0,4,0,130,150,-0.0292,0.2922,6.8213,0.4212,54.899693,9.784369,108.3,5.845,1.85,335.95,54.895348,9.797490,54.897049,9.784369
1390095298,3,0,0.0,0,0,0,0,130,100,-0.0292,0.2922,6.8213,0.4212,54.899712,9.784369,108.3,5.845,1.85,335.95,54.895348,9.797490,54.897049,9.784369
1390095299,3,0,0.0,0,0,4,0,130,150,-0.0292,0.2922,6.8213,0.4212,54.899727,9.784369,108.3,5.845,1.85,335.95,54.895348,9.797490,54.897049,9.784369
1390095299,3,0,0.0,0,0,0,0,130,100,-0.0292,0.2922,6.8213,0.4212,54.899742,9.784369,108.3,5.845,1.85,335.95,54.895348,9.797490,54.897049,9.784369
1390095299,3,0,0.0,0,0,4,0,130,150,-0.0292,0.2922,6.8213,0.4212,54.899754,9.784369,108.3,5.845,1.85,335.95,54.895348,9.797490,54.897049,9.784369
1390095299,3,0,0.0,0,0,0,0,130,100,-0.0292,0.2922,6.8213,0.4212,54.899773,9.784369,108.3,5.845,1.85,335.95,54.895348,9.797490,54.897049,9.784369
1390095300,3,0,0.0,0,0,4,0,140,150,-0.0292,0.2922,6.8213,0.4212,54.899784,9.784369,108.3,5.845,1.85,335.95,54.895348,9.797490,54.897049,9.784369
1390095300,3,0,0.0,0,0,0,0,140,100,-0.0292,0.2922,6.8213,0.4212,54.899803,9.784369,108.3,5.845,1.85,335.95,54.895348,9.797490,54.897049,9.784369
1390095300,3,0,0.0,0,0,4,0,140,150,-0.0292,0.2922,6.8213,0.4212,54.899818,9.784369,108.3,5.845,1.85,335.95,54.895348,9.797490,54.897049,9.784369
1390095300,3,0,0.0,0,0,0,0,140,100,-0.0292,0.2922,6.8213,0.4212,54.899834,9.784369,108.3,5.845,1.85,335.95,54.895348,9.797490,54.897049,9.784369
1390095301,3,0,0.0,0,0,4,0,140,150,-0.0292,0.2922,6.8213,0.4212,54.899849,9.784369,108.3,5.845,1.85,335.95,54.895348,9.797490,54.897049,9.784369
1390095301,3,0,0.0,0,0,0,0,140,100,-0.0292,0.2922,6.8213,0.4212,54.899864,9.784369,108.3,5.845,1.85,335.95,54.895348,9.797490,54.897049,9.784369
1390095301,3,0,0.0,0,0,4,0,140,150,-0.0292,0.2922,6.8213,0.4212,54.899879,9.784369,108.3,5.845,1.85,335.95,54.895348,9.797490,54.897049,9.784369
1390095301,3,0,0.0,0,0,0,0,140,100,-0.0292,0.2922,6.8213,0.4212,54.899899,9.784369,108.3,5.845,1.85,335.95,54.895348,9.797490,54.897049,9.784369
1390095302,3,0,0.0,0,0,4,0,140,150,-0.0292,0.2922,6.8213,0.4212,54.899914,9.784369,108.3,5.845,1.85,335.95,54.895348,9.797490,54.897049,9.784369
1390095302,3,0,0.0,0,0,0,0,140,100,-0.0292,0.2922,6.8213,0.4212,54.899933,9.784369,108.3,5.845,1.85,335.95,54.895348,9.797490,54.897049,9.784369
1390095302,3,0,0.0,0,0,4,0,140,150,-0.0292,0.2922,6.8213,0.4212,54.899948,9.784369,108.3,5.845,1.85,335.95,54.895348,9.797490,54.897049,9.784369
1390095303,3,0,0.0,0,0,0,0,140,100,-0.0292,0.2922,6.8213,0.4212,54.899963,9.784369,108.3,5.845,1.85,335.95,54.895348,9.797490,54.897049,9.784369
1390095303,3,0,0.0,0,0,4,0,140,150,-0.0292,0.2922,6.8213,0.4212,54.899975,9.784369,108.3,5.845,1.85,335.95,54.895348,9.797490,54.897049,9.784369
1390095303,3,0,0.0,0,0,0,0,140,100,-0.0292,0.2922,6.8213,0.4212,54.899994,9.784369,108.3,5.845,1.85,335.95,54.895348,9.797490,54.897049,9.784369
1390095303,3,0,0.0,0,0,4,0,140,150,-0.0292,0.2922,6.8213,0.4212,54.900005,9.784369,108.3,5.845,1.85,335.95,54.895348,9.797490,54.897049,9.784369
1390095304,3,0,0.0,0,0,0,0,140,100,-0.0292,0.2922,6.8213,0.4212,54.900024,9.784369,108.3,5.845,1.85,335.95,54.895348,9.797490,54.897049,9.784369
1390095304,3,0,0.0,0,0,4,0,140,150,-0.0292,0.2922,6.8213,0.4212,54.900040,9.784369,108.3,5.845,1.85,335.95,54.895348,9.797490,54.897049,9.784369
1390095304,3,0,0.0,0,0,0,0,140,100,-0.0292,0.2922,6.8213,0.4212,54.900055,9.784369,108.3,5.845,1.85,335.95,54.895348,9.797490,54.897049,9.784369
1390095304,3,0,0.0,0,0,4,0,140,150,-0.0292,0.2922,6.8213,0.4212,54.900070,9.784369,108.3,5.845,1.85,335.95,54.895348,9.797490,54.897049,9.784369
1390095305,3,0,0.0,0,0,0,0,140,100,-0.0292,0.2922,6.8213,0.4212,54.900085,9.784369,108.3,5.845,1.85,335.95,54.895348,9.797490,54.897049,9.784369
1390095305,3,0,0.0,0,0,4,0,150,150,-0.0292,0.2922,6.8213,0.4212,54.900101,9.784369,108.3,5.845,1.85,335.95,54.895348,9.797490,54.897049,9.784369
1390095305,3,0,0.0,0,0,0,0,150,150,-0.0292,0.2922,6.8213,0.4212,54.900120,9.784369,108.3,5.845,1.85,335.95,54.895348,9.797490,54.897049,9.784369
1390095305,3,0,0.0,0,0,4,0,150,150,-0.0292,0.2922,6.8213,0.4212,54.900135,9.784369,108.3,5.845,1.85,335.95,54.895348,9.797490,54.897049,9.784369
1390095306,3,0,0.0,0,0,0,0,150,150,-0.0292,0.2922,6.8213,0.4212,54.900154,9.784369,108.3,5.845,1.85,335.95,54.895348,9.797490,54.897049,9.784369
1390095306,3,0,0.0,0,0,4,0,150,150,-0.0292,0.2922,6.8213,0.4212,54.900173,9.784369,108.3,5.845,1.85,335.95,54.895348,9.797490,54.897049,9.784369
1390095306,3,0,0.0,0,0,0,0,150,150,-0.0292,0.2922,6.8213,0.4212,54.900192,9.784369,108.3,5.845,1.85,335.95,54.895348,9.797490,54.897049,9.784369
1390095306,3,0,0.0,0,0,4,0,150,150,-0.0292,0.2922,6.8213,0.4212,54.900208,9.784369,108.3,5.845,1.85,335.95,54.895348,9.797490,54.897049,9.784369
1390095307,3,0,0.0,0,0,0,0,150,150,-0.0292,0.2922,6.8213,0.4212,54.900227,9.784369,108.3,5.845,1.85,335.95,54.895348,9.797490,54.897049,9.784369
1390095307,3,0,0.0,0,0,4,0,150,150,-0.0292,0.2922,6.8213,0.4212,54.900246,9.784369,108.3,5.845,1.85,335.95,54.895348,9.797490,54.897049,9.784369
1390095307,3,0,0.0,0,0,0,0,150,150,-0.0292,0.2922,6.8213,0.4212,54.900265,9.784369,108.3,5.845,1.85,335.95,54.895348,9.797490,54.897049,9.784369
1390095307,3,0,0.0,0,0,4,0,150,150,-0.0292,0.2922,6.8213,0.4212,54.900280,9.784369,108.3,5.845,1.85,335.95,54.895348,9.797490,54.897049,9.784369
1390095308,3,0,0.0,0,0,0,0,150,150,-0.0292,0.2922,6.8213,0.4212,54.900299,9.784369,108.3,5.845,1.85,335.95,54.895348,9.797490,54.897049,9.784369
1390095308,3,0,0.0,0,0,4,0,150,150,-0.0292,0.2922,6.8213,0.4212,54.900318,9.784369,108.3,5.845,1.85,335.95,54.895348,9.797490,54.897049,9.784369
1390095308,3,0,0.0,0,0,0,0,150,150,-0.0292,0.2922,6.8213,0.4212,54.900337,9.784369,108.3,5.845,1.85,335.95,54.895348,9.797490,54.897049,9.784369
1390095308,3,0,0.0,0,0,4,0,150,150,-0.0292,0.2922,6.8213,0.4212,54.900352,9.784369,108.3,5.845,1.85,335.95,54.895348,9.797490,54.897049,9.784369
1390095309,3,0,0.0,0,0,0,0,150,150,-0.0292,0.2922,6.8213,0.4212,54.900372,9.784369,108.3,5.845,1.85,335.95,54.895348,9.797490,54.897049,9.784369
1390095309,3,0,0.0,0,0,4,0,150,150,-0.0292,0.2922,6.8213,0.4212,54.900391,9.784369,108.3,5.845,1.85,335.95,54.895348,9.797490,54.897049,9.784369
1390095309,3,0,0.0,0,0,0,0,150,150,-0.0292,0.2922,6.8213,0.4212,54.900406,9.784369,108.3,5.845,1.85,335.95,54.895348,9.797490,54.897049,9.784369
1390095309,3,0,0.0,0,0,4,0,150,150,-0.0292,0.2922,6.8213,0.4212,54.900421,9.784369,108.3,5.845,1.85,335.95,54.895348,9.797490,54.897049,9.784369
1390095310,3,0,0.0,0,0,0,0,150,150,-0.0292,0.2922,6.8213,0.4212,54.900440,9.784369,108.3,5.845,1.85,335.95,54.895348,9.797490,54.897049,9.784369
1390095310,3,0,0.0,0,0,4,0,160,200,-0.0292,0.2922,6.8213,0.4212,54.900455,9.784369,108.3,5.845,1.85,335.95,54.895348,9.797490,54.897049,9.784369
1390095310,3,0,0.0,0,0,0,0,160,150,-0.0292,0.2922,6.8213,0.4212,54.900471,9.784369,108.3,5.845,1.85,335.95,54.895348,9.797490,54.897049,9.784369
1390095310,3,0,0.0,0,0,4,0,160,200,-0.0292,0.2922,6.8213,0.4212,54.900490,9.784369,108.3,5.845,1.85,335.95,54.895348,9.797490,54.897049,9.784369
1390095311,3,0,0.0,0,0,0,0,160,150,-0.0292,0.2922,6.8213,0.4212,54.900509,9.784369,108.3,5.845,1.85,335.95,54.895348,9.797490,54.897049,9.784369
1390095311,3,0,0.0,0,0,4,0,160,200,-0.0292,0.2922,6.8213,0.4212,54.900524,9.784369,108.3,5.845,1.85,335.95,54.895348,9.797490,54.897049,9.784369
1390095311,3,0,0.0,0,0,0,0,160,150,-0.0292,0.2922,6.8213,0.4212,54.900543,9.784369,108.3,5.845,1.85,335.95,54.895348,9.797490,54.897049,9.784369
1390095311,3,0,0.0,0,0,4,0,160,200,-0.0292,0.2922,6.8213,0.4212,54.900562,9.784369,108.3,5.845,1.85,335.95,54.895348,9.797490,54.897049,9.784369
1390095312,3,0,0.0,0,0,0,0,160,150,-0.0292,0.2922,6.8213,0.4212,54.900581,9.784369,108.3,5.845,1.85,335.95,54.895348,9.797490,54.897049,9.784369
1390095312,3,0,0.0,0,0,4,0,160,200,-0.0292,0.2922,6.8213,0.4212,54.900597,9.784369,108.3,5.845,1.85,335.95,54.895348,9.797490,54.897049,9.784369
1390095312,3,0,0.0,0,0,0,0,160,150,-0.0292,0.2922,6.8213,0.4212,54.900616,9.784369,108.3,5.845,1.85,335.95,54.895348,9.797490,54.897049,9.784369
1390095312,3,0,0.0,0,0,4,0,160,200,-0.0292,0.2922,6.8213,0.4212,54.900635,9.784369,108.3,5.845,1.85,335.95,54.895348,9.797490,54.897049,9.784369
1390095313,3,0,0.0,0,0,0,0,160,150,-0.0292,0.2922,6.8213,0.4212,54.900650,9.784369,108.3,5.845,1.85,335.95,54.895348,9.797490,54.897049,9.784369
1390095313,3,0,0.0,0,0,4,0,160,200,-0.0292,0.2922,6.8213,0.4212,54.900669,9.784369,108.3,5.845,1.85,335.95,54.895348,9.797490,54.897049,9.784369
1390095313,3,0,0.0,0,0,0,0,160,150,-0.0292,0.2922,6.8213,0.4212,54.900688,9.784369,108.3,5.845,1.85,335.95,54.895348,9.797490,54.897049,9.784369
1390095313,3,0,0.0,0,0,4,0,160,200,-0.0292,0.2922,6.8213,0.4212,54.900707,9.784369,108.3,5.845,1.85,335.95,54.895348,9.797490,54.897049,9.784369
1390095314,3,0,0.0,0,0,0,0,160,150,-0.0292,0.2922,6.8213,0.4212,54.900723,9.784369,108.3,5.845,1.85,335.95,54.895348,9.797490,54.897049,9.784369
1390095314,3,0,0.0,0,0,4,0,160,200,-0.0292,0.2922,6.8213,0.4212,54.900742,9.784369,108.3,5.845,1.85,335.95,54.895348,9.797490,54.897049,9.784369
1390095314,3,0,0.0,0,0,0,0,160,150,-0.0292,0.2922,6.8213,0.4212,54.900761,9.784369,108.3,5.845,1.85,335.95,54.895348,9.797490,54.897049,9.784369
1390095314,3,0,0.0,0,0,4,0,160,200,-0.0292,0.2922,6.8213,0.4212,54.900780,9.784369,108.3,5.845,1.85,335.95,54.895348,9.797490,54.897049,9.784369
1390095315,3,0,0.0,0,0,0,0,160,150,-0.0292,0.2922,6.8213,0.4212,54.900795,9.784369,108.3,5.845,1.85,335.95,54.895348,9.797490,54.897049,9.784369
1390095315,3,0,0.0,0,0,4,0,170,200,-0.0292,0.2922,6.8213,0.4212,54.900814,9.784369,108.3,5.845,1.85,335.95,54.895348,9.797490,54.897049,9.784369
1390095315,3,0,0.0,0,0,0,0,170,150,-0.0292,0.2922,6.8213,0.4212,54.900833,9.784369,108.3,5.845,1.85,335.95,54.895348,9.797490,54.897049,9.784369
1390095315,3,0,0.0,0,0,4,0,170,200,-0.0292,0.2922,6.8213,0.4212,54.900848,9.784369,108.3,5.845,1.85,335.95,54.895348,9.797490,54.897049,9.784369
1390095316,3,0,0.0,0,0,0,0,170,150,-0.0292,0.2922,6.8213,0.4212,54.900867,9.784369,108.3,5.845,1.85,335.95,54.895348,9.797490,54.897049,9.784369
1390095316,3,0,0.0,0,0,4,0,170,200,-0.0292,0.2922,6.8213,0.4212,54.900887,9.784369,108.3,5.845,1.85,335.95,54.895348,9.797490,54.897049,9.784369
1390095316,3,0,0.0,0,0,0,0,170,150,-0.0292,0.2922,6.8213,0.4212,54.900906,9.784369,108.3,5.845,1.85,335.95,54.895348,9.797490,54.897049,9.784369
1390095316,3,0,0.0,0,0,4,0,170,200,-0.0292,0.2922,6.8213,0.4212,54.900921,9.784369,108.3,5.845,1.85,335.95,54.895348,9.797490,54.897049,9.784369
1390095317,3,0,0.0,0,0,0,0,170,150,-0.0292,0.2922,6.8213,0.4212,54.900940,9.784369,108.3,5.845,1.85,335.95,54.895348,9.797490,54.897049,9.784369
1390095317,3,0,0.0,0,0,4,0,170,200,-0.0292,0.2922,6.8213,0.4212,54.900959,9.784369,108.3,5.845,1.85,335.95,54.895348,9.797490,54.897049,9.784369
1390095317,3,0,0.0,0,0,0,0,170,150,-0.0292,0.2922,6.8213,0.4212,54.900978,9.784369,108.3,5.845,1.85,335.95,54.895348,9.797490,54.897049,9.784369
1390095317,3,0,0.0,0,0,4,0,170,200,-0.0292,0.2922,6.8213,0.4212,54.900993,9.784369,108.3,5.845,1.85,335.95,54.895348,9.797490,54.897049,9.784369
1390095318,3,0,0.0,0,0,0,0,170,150,-0.0292,0.2922,6.8213,0.4212,54.901012,9.784369,108.3,5.845,1.85,335.95,54.895348,9.797490,54.897049,9.784369
1390095318,3,0,0.0,0,0,4,0,170,200,-0.0292,0.2922,6.8213,0.4212,54.901031,9.784369,108.3,5.845,1.85,335.95,54.895348,9.797490,54.897049,9.784369
1390095318,3,0,0.0,0,0,0,0,170,150,-0.0292,0.2922,6.8213,0.4212,54.901051,9.784369,108.3,5.845,1.85,335.95,54.895348,9.797490,54.897049,9.784369
1390095318,3,0,0.0,0,0,4,0,170,200,-0.0292,0.2922,6.8213,0.4212,54.901066,9.784369,108.3,5.845,1.85,335.95,54.895348,9.797490,54.897049,9.784369
1390095319,3,0,0.0,0,0,0,0,170,150,-0.0292,0.2922,6.8213,0.4212,54.901085,9.784369,108.3,5.845,1.85,335.95,54.895348,9.797490,54.897049,9.784369
1390095319,3,0,0.0,0,0,4,0,170,200,-0.0292,0.2922,6.8213,0.4212,54.901104,9.784369,108.3,5.845,1.85,335.95,54.895348,9.797490,54.897049,9.784369
1390095319,3,0,0.0,0,0,0,0,170,150,-0.0292,0.2922,6.8213,0.4212,54.901123,9.784369,108.3,5.845,1.85,335.95,54.895348,9.797490,54.897049,9.784369
1390095319,3,0,0.0,0,0,4,0,170,200,-0.0292,0.2922,6.8213,0.4212,54.901138,9.784369,108.3,5.845,1.85,335.95,54.895348,9.797490,54.897049,9.784369
1390095320,3,0,0.0,0,0,0,0,170,150,-0.0292,0.2922,6.8213,0.4212,54.901157,9.784369,108.3,5.845,1.85,335.95,54.895348,9.797490,54.897049,9.784369
1390095320,3,0,0.0,0,0,4,0,180,200,-0.0292,0.2922,6.8213,0.4212,54.901176,9.784369,108.3,5.845,1.85,335.95,54.895348,9.797490,54.897049,9.784369
1390095320,3,0,0.0,0,0,0,0,180,150,-0.0292,0.2922,6.8213,0.4212,54.901192,9.784369,108.3,5.845,1.85,335.95,54.895348,9.797490,54.897049,9.784369
1390095320,3,0,0.0,0,0,4,0,180,200,-0.0292,0.2922,6.8213,0.4212,54.901211,9.784369,108.3,5.845,1.85,335.95,54.895348,9.797490,54.897049,9.784369
1390095321,3,0,0.0,0,0,0,0,180,150,-0.0292,0.2922,6.8213,0.4212,54.901230,9.784369,108.3,5.845,1.85,335.95,54.895348,9.797490,54.897049,9.784369
1390095321,3,0,0.0,0,0,4,0,180,200,-0.0292,0.2922,6.8213,0.4212,54.901249,9.784369,108.3,5.845,1.85,335.95,54.895348,9.797490,54.897049,9.784369
1390095321,3,0,0.0,0,0,0,0,180,150,-0.0292,0.2922,6.8213,0.4212,54.901264,9.784369,108.3,5.845,1.85,335.95,54.895348,9.797490,54.897049,9.784369
1390095321,3,0,0.0,0,0,4,0,180,200,-0.0292,0.2922,6.8213,0.4212,54.901283,9.784369,108.3,5.845,1.85,335.95,54.895348,9.797490,54.897049,9.784369
1390095322,3,0,0.0,0,0,0,0,180,150,-0.0292,0.2922,6.8213,0.4212,54.901302,9.784369,108.3,5.845,1.85,335.95,54.895348,9.797490,54.897049,9.784369
1390095322,3,0,0.0,0,0,4,0,180,200,-0.0292,0.2922,6.8213,0.4212,54.901321,9.784369,108.3,5.845,1.85,335.95,54.895348,9.797490,54.897049,9.784369
1390095322,3,0,0.0,0,0,0,0,180,150,-0.0292,0.2922,6.8213,0.4212,54.901337,9.784369,108.3,5.845,1.85,335.95,54.895348,9.797490,54.897049,9.784369
1390095322,3,0,0.0,0,0,4,0,180,200,-0.0292,0.2922,6.8213,0.4212,54.901356,9.784369,108.3,5.845,1.85,335.95,54.895348,9.797490,54.897049,9.784369
1390095323,3,0,0.0,0,0,0,0,180,150,-0.0292,0.2922,6.8213,0.4212,54.901375,9.784369,108.3,5.845,1.85,335.95,54.895348,9.797490,54.897049,9.784369
1390095323,3,0,0.0,0,0,4,0,180,200,-0.0292,0.2922,6.8213,0.4212,54.901390,9.784369,108.3,5.845,1.85,335.95,54.895348,9.797490,54.897049,9.784369
1390095323,3,0,0.0,0,0,0,0,180,150,-0.0292,0.2922,6.8213,0.4212,54.901405,9.784369,108.3,5.845,1.85,335.95,54.895348,9.797490,54.897049,9.784369
1390095323,3,0,0.0,0,0,4,0,180,200,-0.0292,0.2922,6.8213,0.4212,54.901424,9.784369,108.3,5.845,1.85,335.95,54.895348,9.797490,54.897049,9.784369
1390095324,3,0,0.0,0,0,0,0,180,150,-0.0292,0.2922,6.8213,0.4212,54.901443,9.784369,108.3,5.845,1.85,335.95,54.895348,9.797490,54.897049,9.784369
1390095324,3,0,0.0,0,0,4,0,180,200,-0.0292,0.2922,6.8213,0.4212,54.901459,9.784369,108.3,5.845,1.85,335.95,54.895348,9.797490,54.897049,9.784369
1390095324,3,0,0.0,0,0,0,0,180,150,-0.0292,0.2922,6.8213,0.4212,54.901478,9.784369,108.3,5.845,1.85,335.95,54.895348,9.797490,54.897049,9.784369
1390095324,3,0,0.0,0,0,4,0,180,200,-0.0292,0.2922,6.8213,0.4212,54.901497,9.784369,108.3,5.845,1.85,335.95,54.895348,9.797490,54.897049,9.784369
1390095325,3,0,0.0,0,0,0,0,180,150,-0.0292,0.2922,6.8213,0.4212,54.901516,9.784369,108.3,5.845,1.85,335.95,54.895348,9.797490,54.897049,9.784369
1390095325,3,0,0.0,0,0,4,0,190,200,-0.0292,0.2922,6.8213,0.4212,54.901531,9.784369,108.3,5.845,1.85,335.95,54.895348,9.797490,54.897049,9.784369
1390095325,3,0,0.0,0,0,0,0,190,150,-0.0292,0.2922,6.8213,0.4212,54.901550,9.784369,108.3,5.845,1.85,335.95,54.895348,9.797490,54.897049,9.784369
1390095325,3,0,0.0,0,0,4,0,190,200,-0.0292,0.2922,6.8213,0.4212,54.901569,9.784369,108.3,5.845,1.85,335.95,54.895348,9.797490,54.897049,9.784369
1390095326,3,0,0.0,0,0,0,0,190,150,-0.0292,0.2922,6.8213,0.4212,54.901585,9.784369,108.3,5.845,1.85,335.95,54.895348,9.797490,54.897049,9.784369
1390095326,3,0,0.0,0,0,4,0,190,200,-0.0292,0.2922,6.8213,0.4212,54.901604,9.784369,108.3,5.845,1.85,335.95,54.895348,9.797490,54.897049,9.784369
1390095326,3,0,0.0,0,0,0,0,190,150,-0.0292,0.2922,6.8213,0.4212,54.901623,9.784369,108.3,5.845,1.85,335.95,54.895348,9.797490,54.897049,9.784369
1390095326,3,0,0.0,0,0,4,0,190,200,-0.0292,0.2922,6.8213,0.4212,54.901642,9.784369,108.3,5.845,1.85,335.95,54.895348,9.797490,54.897049,9.784369
1390095327,3,0,0.0,0,0,0,0,190,150,-0.0292,0.2922,6.8213,0.4212,54.901657,9.784369,108.3,5.845,1.85,335.95,54.895348,9.797490,54.897049,9.784369
1390095327,3,0,0.0,0,0,4,0,190,200,-0.0292,0.2922,6.8213,0.4212,54.901676,9.784369,108.3,5.845,1.85,335.95,54.895348,9.797490,54.897049,9.784369
1390095327,3,0,0.0,0,0,0,0,190,150,-0.0292,0.2922,6.8213,0.4212,54.901695,9.784369,108.3,5.845,1.85,335.95,54.895348,9.797490,54.897049,9.784369
1390095327,3,0,0.0,0,0,4,0,190,200,-0.0292,0.2922,6.8213,0.4212,54.901714,9.784369,108.3,5.845,1.85,335.95,54.895348,9.797490,54.897049,9.784369
1390095328,3,0,0.0,0,0,0,0,190,150,-0.0292,0.2922,6.8213,0.4212,54.901730,9.784369,108.3,5.845,1.85,335.95,54.895348,9.797490,54.897049,9.784369
1390095328,3,0,0.0,0,0,4,0,190,200,-0.0292,0.2922,6.8213,0.4212,54.901749,9.784369,108.3,5.845,1.85,335.95,54.895348,9.797490,54.897049,9.784369
1390095328,3,0,0.0,0,0,0,0,190,150,-0.0292,0.2922,6.8213,0.4212,54.901768,9.784369,108.3,5.845,1.85,335.95,54.895348,9.797490,54.897049,9.784369
1390095328,3,0,0.0,0,0,4,0,190,200,-0.0292,0.2922,6.8213,0.4212,54.901783,9.784369,108.3,5.845,1.85,335.95,54.895348,9.797490,54.897049,9.784369
1390095329,3,0,0.0,0,0,0,0,190,150,-0.0292,0.2922,6.8213,0.4212,54.901802,9.784369,108.3,5.845,1.85,335.95,54.895348,9.797490,54.897049,9.784369
1390095329,3,0,0.0,0,0,4,0,190,200,-0.0292,0.2922,6.8213,0.4212,54.901821,9.784369,108.3,5.845,1.85,335.95,54.895348,9.797490,54.897049,9.784369
1390095329,3,0,0.0,0,0,0,0,190,150,-0.0292,0.2922,6.8213,0.4212,54.901840,9.784369,108.3,5.845,1.85,335.95,54.895348,9.797490,54.897049,9.784369
1390095329,3,0,0.0,0,0,4,0,190,200,-0.0292,0.2922,6.8213,0.4212,54.901855,9.784369,108.3,5.845,1.85,335.95,54.895348,9.797490,54.897049,9.784369
1390095330,3,0,0.0,0,0,0,0,190,150,-0.0292,0.2922,6.8213,0.4212,54.901875,9.784369,108.3,5.845,1.85,335.95,54.895348,9.797490,54.897049,9.784369
1390095330,3,0,0.0,0,0,4,0,200,200,-0.0292,0.2922,6.8213,0.4212,54.901894,9.784369,108.3,5.845,1.85,335.95,54.895348,9.797490,54.897049,9.784369
1390095330,3,0,0.0,0,0,0,0,200,200,-0.0292,0.2922,6.8213,0.4212,54.901913,9.784369,108.3,5.845,1.85,335.95,54.895348,9.797490,54.897049,9.784369
1390095330,3,0,0.0,0,0,4,0,200,200,-0.0292,0.2922,6.8213,0.4212,54.901928,9.784369,108.3,5.845,1.85,335.95,54.895348,9.797490,54.897049,9.784369
1390095331,3,0,0.0,0,0,0,0,200,200,-0.0292,0.2922,6.8213,0.4212,54.901947,9.784369,108.3,5.845,1.85,335.95,54.895348,9.797490,54.897049,9.784369
1390095331,3,0,0.0,0,0,4,0,200,200,-0.0292,0.2922,6.8213,0.4212,54.901966,9.784369,108.3,5.845,1.85,335.95,54.895348,9.797490,54.897049,9.784369
1390095331,3,0,0.0,0,0,0,0,200,200,-0.0292,0.2922,6.8213,0.4212,54.901985,9.784369,108.3,5.845,1.85,335.95,54.895348,9.797490,54.897049,9.784369
1390095331,3,0,0.0,0,0,4,0,200,200,-0.0292,0.2922,6.8213,0.4212,54.902000,9.784369,108.3,5.845,1.85,335.95,54.895348,9.797490,54.897049,9.784369
1390095332,3,0,0.0,0,0,0,0,200,200,-0.0292,0.2922,6.8213,0.4212,54.902020,9.784369,108.3,5.845,1.85,335.95,54.895348,9.797490,54.897049,9.784369
1390095332,3,0,0.0,0,0,4,0,200,200,-0.0292,0.2922,6.8213,0.4212,54.902039,9.784369,108.3,5.845,1.85,335.95,54.895348,9.797490,54.897049,9.784369
1390095332,3,0,0.0,0,0,0,0,200,200,-0.0292,0.2922,6.8213,0.4212,54.902058,9.784369,108.3,5.845,1.85,335.95,54.895348,9.797490,54.897049,9.784369
1390095332,3,0,0.0,0,0,4,0,200,200,-0.0292,0.2922,6.8213,0.4212,54.902073,9.784369,108.3,5.845,1.85,335.95,54.895348,9.797490,54.897049,9.784369
1390095333,3,0,0.0,0,0,0,0,200,200,-0.0292,0.2922,6.8213,0.4212,54.902092,9.784369,108.3,5.845,1.85,335.95,54.895348,9.797490,54.897049,9.784369
1390095333,3,0,0.0,0,0,4,0,200,200,-0.0292,0.2922,6.8213,0.4212,54.902111,9.784369,108.3,5.845,1.85,335.95,54.895348,9.797490,54.897049,9.784369
1390095333,3,0,0.0,0,0,0,0,200,200,-0.0292,0.2922,6.8213,0.4212,54.902126,9.784369,108.3,5.845,1.85,335.95,54.895348,9.797490,54.897049,9.784369
1390095333,3,0,0.0,0,0,4,0,200,200,-0.0292,0.2922,6.8213,0.4212,54.902145,9.784369,108.3,5.845,1.85,335.95,54.895348,9.797490,54.897049,9.784369
1390095334,3,0,0.0,0,0,0,0,200,200,-0.0292,0.2922,6.8213,0.4212,54.902164,9.784369,108.3,5.845,1.85,335.95,54.895348,9.797490,54.897049,9.784369
1390095334,3,0,0.0,0,0,4,0,200,200,-0.0292,0.2922,6.8213,0.4212,54.902184,9.784369,108.3,5.845,1.85,335.95,54.895348,9.797490,54.897049,9.784369
1390095334,3,0,0.0,0,0,0,0,200,200,-0.0292,0.2922,6.8213,0.4212,54.902199,9.784369,108.3,5.845,1.85,335.95,54.895348,9.797490,54.897049,9.784369
1390095335,3,0,0.0,0,0,4,0,200,200,-0.0292,0.2922,6.8213,0.4212,54.902218,9.784369,108.3,5.845,1.85,335.95,54.895348,9.797490,54.897049,9.784369
1390095335,3,0,0.0,0,0,0,0,200,200,-0.0292,0.2922,6.8213,0.4212,54.902237,9.784369,108.3,5.845,1.85,335.95,54.895348,9.797490,54.897049,9.784369
1390095335,3,0,0.0,0,0,4,0,210,250,-0.0292,0.2922,6.8213,0.4212,54.902256,9.784369,108.3,5.845,1.85,335.95,54.895348,9.797490,54.897049,9.784369
1390095335,3,0,0.0,0,0,0,0,210,200,-0.0292,0.2922,6.8213,0.4212,54.902271,9.784369,108.3,5.845,1.85,335.95,54.895348,9.797490,54.897049,9.784369
1390095336,3,0,0.0,0,0,4,0,210,250,-0.0292,0.2922,6.8213,0.4212,54.902290,9.784369,108.3,5.845,1.85,335.95,54.895348,9.797490,54.897049,9.784369
1390095336,3,0,0.0,0,0,0,0,210,200,-0.0292,0.2922,6.8213,0.4212,54.902306,9.784369,108.3,5.845,1.85,335.95,54.895348,9.797490,54.897049,9.784369
1390095336,3,0,0.0,0,0,4,0,210,250,-0.0292,0.2922,6.8213,0.4212,54.902321,9.784369,108.3,5.845,1.85,335.95,54.895348,9.797490,54.897049,9.784369
1390095336,3,0,0.0,0,0,0,0,210,200,-0.0292,0.2922,6.8213,0.4212,54.902340,9.784369,108.3,5.845,1.85,335.95,54.895348,9.797490,54.897049,9.784369
1390095337,3,0,0.0,0,0,4,0,210,250,-0.0292,0.2922,6.8213,0.4212,54.902359,9.784369,108.3,5.845,1.85,335.95,54.895348,9.797490,54.897049,9.784369
1390095337,3,0,0.0,0,0,0,0,210,200,-0.0292,0.2922,6.8213,0.4212,54.902374,9.784369,108.3,5.845,1.85,335.95,54.895348,9.797490,54.897049,9.784369
1390095337,3,0,0.0,0,0,4,0,210,250,-0.0292,0.2922,6.8213,0.4212,54.902390,9.784369,108.3,5.845,1.85,335.95,54.895348,9.797490,54.897049,9.784369
1390095337,3,0,0.0,0,0,0,0,210,200,-0.0292,0.2922,6.8213,0.4212,54.902405,9.784369,108.3,5.845,1.85,335.95,54.895348,9.797490,54.897049,9.784369
1390095338,3,0,0.0,0,0,4,0,210,250,-0.0292,0.2922,6.8213,0.4212,54.902420,9.784369,108.3,5.845,1.85,335.95,54.895348,9.797490,54.897049,9.784369
1390095338,3,0,0.0,0,0,0,0,210,200,-0.0292,0.2922,6.8213,0.4212,54.902439,9.784369,108.3,5.845,1.85,335.95,54.895348,9.797490,54.897049,9.784369
1390095338,3,0,0.0,0,0,4,0,210,250,-0.0292,0.2922,6.8213,0.4212,54.902458,9.784369,108.3,5.845,1.85,335.95,54.895348,9.797490,54.897049,9.784369
1390095338,3,0,0.0,0,0,0,0,210,200,-0.0292,0.2922,6.8213,0.4212,54.902473,9.784369,108.3,5.845,1.85,335.95,54.895348,9.797490,54.897049,9.784369
1390095339,3,0,0.0,0,0,4,0,210,250,-0.0292,0.2922,6.8213,0.4212,54.902489,9.784369,108.3,5.845,1.85,335.95,54.895348,9.797490,54.897049,9.784369
1390095339,3,0,0.0,0,0,0,0,210,200,-0.0292,0.2922,6.8213,0.4212,54.902504,9.784369,108.3,5.845,1.85,335.95,54.895348,9.797490,54.897049,9.784369
1390095339,3,0,0.0,0,0,4,0,210,250,-0.0292,0.2922,6.8213,0.4212,54.902519,9.784369,108.3,5.845,1.85,335.95,54.895348,9.797490,54.897049,9.784369
1390095339,3,0,0.0,0,0,0,0,210,200,-0.0292,0.2922,6.8213,0.4212,54.902538,9.784369,108.3,5.845,1.85,335.95,54.895348,9.797490,54.897049,9.784369
1390095340,3,0,0.0,0,0,4,0,210,250,-0.0292,0.2922,6.8213,0.4212,54.902557,9.784369,108.3,5.845,1.85,335.95,54.895348,9.797490,54.897049,9.784369
1390095340,3,0,0.0,0,0,0,0,210,200,-0.0292,0.2922,6.8213,0.4212,54.902573,9.784369,108.3,5.845,1.85,335.95,54.895348,9.797490,54.897049,9.784369
1390095340,3,0,0.0,0,0,4,0,200,200,-0.0292,0.2922,6.8213,0.4212,54.902588,9.784369,108.3,5.845,1.85,335.95,54.895348,9.797490,54.897049,9.784369
1390095340,3,0,0.0,0,0,0,0,200,200,-0.0292,0.2922,6.8213,0.4212,54.902607,9.784369,108.3,5.845,1.85,335.95,54.895348,9.797490,54.897049,9.784369
1390095341,3,0,0.0,0,0,4,0,200,200,-0.0292,0.2922,6.8213,0.4212,54.902626,9.784369,108.3,5.845,1.85,335.95,54.895348,9.797490,54.897049,9.784369
1390095341,3,0,0.0,0,0,0,0,200,200,-0.0292,0.2922,6.8213,0.4212,54.902641,9.784369,108.3,5.845,1.85,335.95,54.895348,9.797490,54.897049,9.784369
1390095341,3,0,0.0,0,0,4,0,200,200,-0.0292,0.2922,6.8213,0.4212,54.902660,9.784369,108.3,5.845,1.85,335.95,54.895348,9.797490,54.897049,9.784369
1390095341,3,0,0.0,0,0,0,0,200,200,-0.0292,0.2922,6.8213,0.4212,54.902679,9.784369,108.3,5.845,1.85,335.95,54.895348,9.797490,54.897049,9.784369
1390095342,3,0,0.0,0,0,4,0,200,200,-0.0292,0.2922,6.8213,0.4212,54.902699,9.784369,108.3,5.845,1.85,335.95,54.895348,9.797490,54.897049,9.784369
1390095342,3,0,0.0,0,0,0,0,200,200,-0.0292,0.2922,6.8213,0.4212,54.902714,9.784369,108.3,5.845,1.85,335.95,54.895348,9.797490,54.897049,9.784369
1390095342,3,0,0.0,0,0,4,0,200,200,-0.0292,0.2922,6.8213,0.4212,54.902733,9.784369,108.3,5.845,1.85,335.95,54.895348,9.797490,54.897049,9.784369
1390095342,3,0,0.0,0,0,0,0,200,200,-0.0292,0.2922,6.8213,0.4212,54.902752,9.784369,108.3,5.845,1.85,335.95,54.895348,9.797490,54.897049,9.784369
1390095343,3,0,0.0,0,0,4,0,200,200,-0.0292,0.2922,6.8213,0.4212,54.902771,9.784369,108.3,5.845,1.85,335.95,54.895348,9.797490,54.897049,9.784369
1390095343,3,0,0.0,0,0,0,0,200,200,-0.0292,0.2922,6.8213,0.4212,54.902786,9.784369,108.3,5.845,1.85,335.95,54.895348,9.797490,54.897049,9.784369
1390095343,3,0,0.0,0,0,4,0,200,200,-0.0292,0.2922,6.8213,0.4212,54.902805,9.784369,108.3,5.845,1.85,335.95,54.895348,9.797490,54.897049,9.784369
1390095343,3,0,0.0,0,0,0,0,200,200,-0.0292,0.2922,6.8213,0.4212,54.902824,9.784369,108.3,5.845,1.85,335.95,54.895348,9.797490,54.897049,9.784369
1390095344,3,0,0.0,0,0,4,0,200,200,-0.0292,0.2922,6.8213,0.4212,54.902840,9.784369,108.3,5.845,1.85,335.95,54.895348,9.797490,54.897049,9.784369
1390095344,3,0,0.0,0,0,0,0,200,200,-0.0292,0.2922,6.8213,0.4212,54.902859,9.784369,108.3,5.845,1.85,335.95,54.895348,9.797490,54.897049,9.784369
1390095344,3,0,0.0,0,0,4,0,200,200,-0.0292,0.2922,6.8213,0.4212,54.902878,9.784369,108.3,5.845,1.85,335.95,54.895348,9.797490,54.897049,9.784369
1390095344,3,0,0.0,0,0,0,0,200,200,-0.0292,0.2922,6.8213,0.4212,54.902897,9.784369,108.3,5.845,1.85,335.95,54.895348,9.797490,54.897049,9.784369
1390095345,3,0,0.0,0,0,4,0,200,200,-0.0292,0.2922,6.8213,0.4212,54.902912,9.784369,108.3,5.845,1.85,335.95,54.895348,9.797490,54.897049,9.784369
1390095345,3,0,0.0,0,0,0,0,200,200,-0.0292,0.2922,6.8213,0.4212,54.902931,9.784369,108.3,5.845,1.85,335.95,54.895348,9.797490,54.897049,9.784369
1390095345,3,0,0.0,0,0,4,0,190,150,-0.0292,0.2922,6.8213,0.4212,54.902950,9.784369,108.3,5.845,1.85,335.95,54.895348,9.797490,54.897049,9.784369
1390095345,3,0,0.0,0,0,0,0,190,200,-0.0292,0.2922,6.8213,0.4212,54.902969,9.784369,108.3,5.845,1.85,335.95,54.895348,9.797490,54.897049,9.784369
1390095346,3,0,0.0,0,0,4,0,190,150,-0.0292,0.2922,6.8213,0.4212,54.902985,9.784369,108.3,5.845,1.85,335.95,54.895348,9.797490,54.897049,9.784369
1390095346,3,0,0.0,0,0,0,0,190,200,-0.0292,0.2922,6.8213,0.4212,54.903004,9.784369,108.3,5.845,1.85,335.95,54.895348,9.797490,54.897049,9.784369
1390095346,3,0,0.0,0,0,4,0,190,150,-0.0292,0.2922,6.8213,0.4212,54.903023,9.784369,108.3,5.845,1.85,335.95,54.895348,9.797490,54.897049,9.784369
1390095346,3,0,0.0,0,0,0,0,190,200,-0.0292,0.2922,6.8213,0.4212,54.903038,9.784369,108.3,5.845,1.85,335.95,54.895348,9.797490,54.897049,9.784369
1390095347,3,0,0.0,0,0,4,0,190,150,-0.0292,0.2922,6.8213,0.4212,54.903053,9.784369,108.3,5.845,1.85,335.95,54.895348,9.797490,54.897049,9.784369
1390095347,3,0,0.0,0,0,0,0,190,200,-0.0292,0.2922,6.8213,0.4212,54.903072,9.784369,108.3,5.845,1.85,335.95,54.895348,9.797490,54.897049,9.784369
1390095347,3,0,0.0,0,0,4,0,190,150,-0.0292,0.2922,6.8213,0.4212,54.903091,9.784369,108.3,5.845,1.85,335.95,54.895348,9.797490,54.897049,9.784369
1390095347,3,0,0.0,0,0,0,0,190,200,-0.0292,0.2922,6.8213,0.4212,54.903107,9.784369,108.3,5.845,1.85,335.95,54.895348,9.797490,54.897049,9.784369
1390095348,3,0,0.0,0,0,4,0,190,150,-0.0292,0.2922,6.8213,0.4212,54.903126,9.784369,108.3,5.845,1.85,335.95,54.895348,9.797490,54.897049,9.784369
1390095348,3,0,0.0,0,0,0,0,190,200,-0.0292,0.2922,6.8213,0.4212,54.903145,9.784369,108.3,5.845,1.85,335.95,54.895348,9.797490,54.897049,9.784369
1390095348,3,0,0.0,0,0,4,0,190,150,-0.0292,0.2922,6.8213,0.4212,54.903164,9.784369,108.3,5.845,1.85,335.95,54.895348,9.797490,54.897049,9.784369
1390095348,3,0,0.0,0,0,0,0,190,200,-0.0292,0.2922,6.8213,0.4212,54.903179,9.784369,108.3,5.845,1.85,335.95,54.895348,9.797490,54.897049,9.784369
1390095349,3,0,0.0,0,0,4,0,190,150,-0.0292,0.2922,6.8213,0.4212,54.903198,9.784369,108.3,5.845,1.85,335.95,54.895348,9.797490,54.897049,9.784369
1390095349,3,0,0.0,0,0,0,0,190,200,-0.0292,0.2922,6.8213,0.4212,54.903217,9.784369,108.3,5.845,1.85,335.95,54.895348,9.797490,54.897049,9.784369
1390095349,3,0,0.0,0,0,4,0,190,150,-0.0292,0.2922,6.8213,0.4212,54.903233,9.784369,108.3,5.845,1.85,335.95,54.895348,9.797490,54.897049,9.784369
1390095349,3,0,0.0,0,0,0,0,190,200,-0.0292,0.2922,6.8213,0.4212,54.903252,9.784369,108.3,5.845,1.85,335.95,54.895348,9.797490,54.897049,9.784369
1390095350,3,0,0.0,0,0,4,0,190,150,-0.0292,0.2922,6.8213,0.4212,54.903271,9.784369,108.3,5.845,1.85,335.95,54.895348,9.797490,54.897049,9.784369
1390095350,3,0,0.0,0,0,0,0,190,200,-0.0292,0.2922,6.8213,0.4212,54.903290,9.784369,108.3,5.845,1.85,335.95,54.895348,9.797490,54.897049,9.784369
1390095350,3,0,0.0,0,0,4,0,200,200,-0.0292,0.2922,6.8213,0.4212,54.903305,9.784369,108.3,5.845,1.85,335.95,54.895348,9.797490,54.897049,9.784369
1390095350,3,0,0.0,0,0,0,0,200,200,-0.0292,0.2922,6.8213,0.4212,54.903324,9.784369,108.3,5.845,1.85,335.95,54.895348,9.797490,54.897049,9.784369
1390095351,3,0,0.0,0,0,4,0,200,200,-0.0292,0.2922,6.8213,0.4212,54.903343,9.784369,108.3,5.845,1.85,335.95,54.895348,9.797490,54.897049,9.784369
1390095351,3,0,0.0,0,0,0,0,200,200,-0.0292,0.2922,6.8213,0.4212,54.903362,9.784369,108.3,5.845,1.85,335.95,54.895348,9.797490,54.897049,9.784369
1390095351,3,0,0.0,0,0,4,0,200,200,-0.0292,0.2922,6.8213,0.4212,54.903378,9.784369,108.3,5.845,1.85,335.95,54.895348,9.797490,54.897049,9.784369
1390095351,3,0,0.0,0,0,0,0,200,200,-0.0292,0.2922,6.8213,0.4212,54.903397,9.784369,108.3,5.845,1.85,335.95,54.895348,9.797490,54.897049,9.784369
1390095352,3,0,0.0,0,0,4,0,200,200,-0.0292,0.2922,6.8213,0.4212,54.903416,9.784369,108.3,5.845,1.85,335.95,54.895348,9.797490,54.897049,9.784369
1390095352,3,0,0.0,0,0,0,0,200,200,-0.0292,0.2922,6.8213,0.4212,54.903435,9.784369,108.3,5.845,1.85,335.95,54.895348,9.797490,54.897049,9.784369
1390095352,3,0,0.0,0,0,4,0,200,200,-0.0292,0.2922,6.8213,0.4212,54.903450,9.784369,108.3,5.845,1.85,335.95,54.895348,9.797490,54.897049,9.784369
1390095352,3,0,0.0,0,0,0,0,200,200,-0.0292,0.2922,6.8213,0.4212,54.903469,9.784369,108.3,5.845,1.85,335.95,54.895348,9.797490,54.897049,9.784369
1390095353,3,0,0.0,0,0,4,0,200,200,-0.0292,0.2922,6.8213,0.4212,54.903488,9.784369,108.3,5.845,1.85,335.95,54.895348,9.797490,54.897049,9.784369
1390095353,3,0,0.0,0,0,0,0,200,200,-0.0292,0.2922,6.8213,0.4212,54.903503,9.784369,108.3,5.845,1.85,335.95,54.895348,9.797490,54.897049,9.784369
1390095353,3,0,0.0,0,0,4,0,200,200,-0.0292,0.2922,6.8213,0.4212,54.903522,9.784369,108.3,5.845,1.85,335.95,54.895348,9.797490,54.897049,9.784369
1390095353,3,0,0.0,0,0,0,0,200,200,-0.0292,0.2922,6.8213,0.4212,54.903542,9.784369,108.3,5.845,1.85,335.95,54.895348,9.797490,54.897049,9.784369
1390095354,3,0,0.0,0,0,4,0,200,200,-0.0292,0.2922,6.8213,0.4212,54.903561,9.784369,108.3,5.845,1.85,335.95,54.895348,9.797490,54.897049,9.784369
1390095354,3,0,0.0,0,0,0,0,200,200,-0.0292,0.2922,6.8213,0.4212,54.903576,9.784369,108.3,5.845,1.85,335.95,54.895348,9.797490,54.897049,9.784369
1390095354,3,0,0.0,0,0,4,0,200,200,-0.0292,0.2922,6.8213,0.4212,54.903595,9.784369,108.3,5.845,1.85,335.95,54.895348,9.797490,54.897049,9.784369
1390095354,3,0,0.0,0,0,0,0,200,200,-0.0292,0.2922,6.8213,0.4212,54.903614,9.784369,108.3,5.845,1.85,335.95,54.895348,9.797490,54.897049,9.784369
1390095355,3,0,0.0,0,0,4,0,200,200,-0.0292,0.2922,6.8213,0.4212,54.903633,9.784369,108.3,5.845,1.85,335.95,54.895348,9.797490,54.897049,9.784369
1390095355,3,0,0.0,0,0,0,0,200,200,-0.0292,0.2922,6.8213,0.4212,54.903648,9.784369,108.3,5.845,1.85,335.95,54.895348,9.797490,54.897049,9.784369
1390095355,3,0,0.0,0,0,4,0,210,250,-0.0292,0.2922,6.8213,0.4212,54.903667,9.784369,108.3,5.845,1.85,335.95,54.895348,9.797490,54.897049,9.784369
1390095355,3,0,0.0,0,0,0,0,210,200,-0.0292,0.2922,6.8213,0.4212,54.903683,9.784369,108.3,5.845,1.85,335.95,54.895348,9.797490,54.897049,9.784369
1390095356,3,0,0.0,0,0,4,0,210,250,-0.0292,0.2922,6.8213,0.4212,54.903698,9.784369,108.3,5.845,1.85,335.95,54.895348,9.797490,54.897049,9.784369
1390095356,3,0,0.0,0,0,0,0,210,200,-0.0292,0.2922,6.8213,0.4212,54.903713,9.784369,108.3,5.845,1.85,335.95,54.895348,9.797490,54.897049,9.784369
1390095356,3,0,0.0,0,0,4,0,210,250,-0.0292,0.2922,6.8213,0.4212,54.903732,9.784369,108.3,5.845,1.85,335.95,54.895348,9.797490,54.897049,9.784369
1390095356,3,0,0.0,0,0,0,0,210,200,-0.0292,0.2922,6.8213,0.4212,54.903748,9.784369,108.3,5.845,1.85,335.95,54.895348,9.797490,54.897049,9.784369
1390095357,3,0,0.0,0,0,4,0,210,250,-0.0292,0.2922,6.8213,0.4212,54.903767,9.784369,108.3,5.845,1.85,335.95,54.895348,9.797490,54.897049,9.784369
1390095357,3,0,0.0,0,0,0,0,210,200,-0.0292,0.2922,6.8213,0.4212,54.903782,9.784369,108.3,5.845,1.85,335.95,54.895348,9.797490,54.897049,9.784369
1390095357,3,0,0.0,0,0,4,0,210,250,-0.0292,0.2922,6.8213,0.4212,54.903797,9.784369,108.3,5.845,1.85,335.95,54.895348,9.797490,54.897049,9.784369
1390095357,3,0,0.0,0,0,0,0,210,200,-0.0292,0.2922,6.8213,0.4212,54.903816,9.784369,108.3,5.845,1.85,335.95,54.895348,9.797490,54.897049,9.784369
1390095358,3,0,0.0,0,0,4,0,210,250,-0.0292,0.2922,6.8213,0.4212,54.903835,9.784369,108.3,5.845,1.85,335.95,54.895348,9.797490,54.897049,9.784369
1390095358,3,0,0.0,0,0,0,0,210,200,-0.0292,0.2922,6.8213,0.4212,54.903851,9.784369,108.3,5.845,1.85,335.95,54.895348,9.797490,54.897049,9.784369
1390095358,3,0,0.0,0,0,4,0,210,250,-0.0292,0.2922,6.8213,0.4212,54.903866,9.784369,108.3,5.845,1.85,335.95,54.895348,9.797490,54.897049,9.784369
1390095358,3,0,0.0,0,0,0,0,210,200,-0.0292,0.2922,6.8213,0.4212,54.903881,9.784369,108.3,5.845,1.85,335.95,54.895348,9.797490,54.897049,9.784369
1390095359,3,0,0.0,0,0,4,0,210,250,-0.0292,0.2922,6.8213,0.4212,54.903896,9.784369,108.3,5.845,1.85,335.95,54.895348,9.797490,54.897049,9.784369
1390095359,3,0,0.0,0,0,0,0,210,200,-0.0292,0.2922,6.8213,0.4212,54.903915,9.784369,108.3,5.845,1.85,335.95,54.895348,9.797490,54.897049,9.784369
1390095359,3,0,0.0,0,0,4,0,210,250,-0.0292,0.2922,6.8213,0.4212,54.903934,9.784369,108.3,5.845,1.85,335.95,54.895348,9.797490,54.897049,9.784369
1390095359,3,0,0.0,0,0,0,0,210,200,-0.0292,0.2922,6.8213,0.4212,54.903950,9.784369,108.3,5.845,1.85,335.95,54.895348,9.797490,54.897049,9.784369
1390095360,3,0,0.0,0,0,4,0,210,250,-0.0292,0.2922,6.8213,0.4212,54.903965,9.784369,108.3,5.845,1.85,335.95,54.895348,9.797490,54.897049,9.784369
1390095360,3,0,0.0,0,0,0,0,210,200,-0.0292,0.2922,6.8213,0.4212,54.903980,9.784369,108.3,5.845,1.85,335.95,54.895348,9.797490,54.897049,9.784369
1390095360,3,0,0.0,0,0,4,0,200,200,-0.0292,0.2922,6.8213,0.4212,54.903996,9.784369,108.3,5.845,1.85,335.95,54.895348,9.797490,54.897049,9.784369
1390095360,3,0,0.0,0,0,0,0,200,200,-0.0292,0.2922,6.8213,0.4212,54.904015,9.784369,108.3,5.845,1.85,335.95,54.895348,9.797490,54.897049,9.784369
1390095361,3,0,0.0,0,0,4,0,200,200,-0.0292,0.2922,6.8213,0.4212,54.904034,9.784369,108.3,5.845,1.85,335.95,54.895348,9.797490,54.897049,9.784369
1390095361,3,0,0.0,0,0,0,0,200,200,-0.0292,0.2922,6.8213,0.4212,54.904053,9.784369,108.3,5.845,1.85,335.95,54.895348,9.797490,54.897049,9.784369
1390095361,3,0,0.0,0,0,4,0,200,200,-0.0292,0.2922,6.8213,0.4212,54.904068,9.784369,108.3,5.845,1.85,335.95,54.895348,9.797490,54.897049,9.784369
1390095361,3,0,0.0,0,0,0,0,200,200,-0.0292,0.2922,6.8213,0.4212,54.904087,9.784369,108.3,5.845,1.85,335.95,54.895348,9.797490,54.897049,9.784369
1390095362,3,0,0.0,0,0,4,0,200,200,-0.0292,0.2922,6.8213,0.4212,54.904106,9.784369,108.3,5.845,1.85,335.95,54.895348,9.797490,54.897049,9.784369
1390095362,3,0,0.0,0,0,0,0,200,200,-0.0292,0.2922,6.8213,0.4212,54.904125,9.784369,108.3,5.845,1.85,335.95,54.895348,9.797490,54.897049,9.784369
1390095362,3,0,0.0,0,0,4,0,200,200,-0.0292,0.2922,6.8213,0.4212,54.904140,9.784369,108.3,5.845,1.85,335.95,54.895348,9.797490,54.897049,9.784369
1390095362,3,0,0.0,0,0,0,0,200,200,-0.0292,0.2922,6.8213,0.4212,54.904160,9.784369,108.3,5.845,1.85,335.95,54.895348,9.797490,54.897049,9.784369
1390095363,3,0,0.0,0,0,4,0,200,200,-0.0292,0.2922,6.8213,0.4212,54.904179,9.784369,108.3,5.845,1.85,335.95,54.895348,9.797490,54.897049,9.784369
1390095363,3,0,0.0,0,0,0,0,200,200,-0.0292,0.2922,6.8213,0.4212,54.904198,9.784369,108.3,5.845,1.85,335.95,54.895348,9.797490,54.897049,9.784369
1390095363,3,0,0.0,0,0,4,0,200,200,-0.0292,0.2922,6.8213,0.4212,54.904213,9.784369,108.3,5.845,1.85,335.95,54.895348,9.797490,54.897049,9.784369
1390095363,3,0,0.0,0,0,0,0,200,200,-0.0292,0.2922,6.8213,0.4212,54.904232,9.784369,108.3,5.845,1.85,335.95,54.895348,9.797490,54.897049,9.784369
1390095364,3,0,0.0,0,0,4,0,200,200,-0.0292,0.2922,6.8213,0.4212,54.904251,9.784369,108.3,5.845,1.85,335.95,54.895348,9.797490,54.897049,9.784369
1390095364,3,0,0.0,0,0,0,0,200,200,-0.0292,0.2922,6.8213,0.4212,54.904270,9.784369,108.3,5.845,1.85,335.95,54.895348,9.797490,54.897049,9.784369
1390095364,3,0,0.0,0,0,4,0,200,200,-0.0292,0.2922,6.8213,0.4212,54.904285,9.784369,108.3,5.845,1.85,335.95,54.895348,9.797490,54.897049,9.784369
1390095365,3,0,0.0,0,0,0,0,200,200,-0.0292,0.2922,6.8213,0.4212,54.904305,9.784369,108.3,5.845,1.85,335.95,54.895348,9.797490,54.897049,9.784369
1390095365,3,0,0.0,0,0,4,0,200,200,-0.0292,0.2922,6.8213,0.4212,54.904324,9.784369,108.3,5.845,1.85,335.95,54.895348,9.797490,54.897049,9.784369
1390095365,3,0,0.0,0,0,0,0,200,200,-0.0292,0.2922,6.8213,0.4212,54.904339,9.784369,108.3,5.845,1.85,335.95,54.895348,9.797490,54.897049,9.784369
1390095365,3,0,0.0,0,0,4,0,190,150,-0.0292,0.2922,6.8213,0.4212,54.904358,9.784369,108.3,5.845,1.85,335.95,54.895348,9.797490,54.897049,9.784369
1390095366,3,0,0.0,0,0,0,0,190,200,-0.0292,0.2922,6.8213,0.4212,54.904377,9.784369,108.3,5.845,1.85,335.95,54.895348,9.797490,54.897049,9.784369
1390095366,3,0,0.0,0,0,4,0,190,150,-0.0292,0.2922,6.8213,0.4212,54.904396,9.784369,108.3,5.845,1.85,335.95,54.895348,9.797490,54.897049,9.784369
1390095366,3,0,0.0,0,0,0,0,190,200,-0.0292,0.2922,6.8213,0.4212,54.904411,9.784369,108.3,5.845,1.85,335.95,54.895348,9.797490,54.897049,9.784369
1390095366,3,0,0.0,0,0,4,0,190,150,-0.0292,0.2922,6.8213,0.4212,54.904430,9.784369,108.3,5.845,1.85,335.95,54.895348,9.797490,54.897049,9.784369
1390095367,3,0,0.0,0,0,0,0,190,200,-0.0292,0.2922,6.8213,0.4212,54.904449,9.784369,108.3,5.845,1.85,335.95,54.895348,9.797490,54.897049,9.784369
1390095367,3,0,0.0,0,0,4,0,190,150,-0.0292,0.2922,6.8213,0.4212,54.904469,9.784369,108.3,5.845,1.85,335.95,54.895348,9.797490,54.897049,9.784369
1390095367,3,0,0.0,0,0,0,0,190,200,-0.0292,0.2922,6.8213,0.4212,54.904484,9.784369,108.3,5.845,1.85,335.95,54.895348,9.797490,54.897049,9.784369
1390095367,3,0,0.0,0,0,4,0,190,150,-0.0292,0.2922,6.8213,0.4212,54.904503,9.784369,108.3,5.845,1.85,335.95,54.895348,9.797490,54.897049,9.784369
1390095368,3,0,0.0,0,0,0,0,190,200,-0.0292,0.2922,6.8213,0.4212,54.904522,9.784369,108.3,5.845,1.85,335.95,54.895348,9.797490,54.897049,9.784369
1390095368,3,0,0.0,0,0,4,0,190,150,-0.0292,0.2922,6.8213,0.4212,54.904541,9.784369,108.3,5.845,1.85,335.95,54.895348,9.797490,54.897049,9.784369
1390095368,3,0,0.0,0,0,0,0,190,200,-0.0292,0.2922,6.8213,0.4212,54.904556,9.784369,108.3,5.845,1.85,335.95,54.895348,9.797490,54.897049,9.784369
1390095368,3,0,0.0,0,0,4,0,190,150,-0.0292,0.2922,6.8213,0.4212,54.904575,9.784369,108.3,5.845,1.85,335.95,54.895348,9.797490,54.897049,9.784369
1390095369,3,0,0.0,0,0,0,0,190,200,-0.0292,0.2922,6.8213,0.4212,54.904594,9.784369,108.3,5.845,1.85,335.95,54.895348,9.797490,54.897049,9.784369
1390095369,3,0,0.0,0,0,4,0,190,150,-0.0292,0.2922,6.8213,0.4212,54.904610,9.784369,108.3,5.845,1.85,335.95,54.895348,9.797490,54.897049,9.784369
1390095369,3,0,0.0,0,0,0,0,190,200,-0.0292,0.2922,6.8213,0.4212,54.904629,9.784369,108.3,5.845,1.85,335.95,54.895348,9.797490,54.897049,9.784369
1390095369,3,0,0.0,0,0,4,0,190,150,-0.0292,0.2922,6.8213,0.4212,54.904648,9.784369,108.3,5.845,1.85,335.95,54.895348,9.797490,54.897049,9.784369
1390095370,3,0,0.0,0,0,0,0,190,200,-0.0292,0.2922,6.8213,0.4212,54.904667,9.784369,108.3,5.845,1.85,335.95,54.895348,9.797490,54.897049,9.784369
1390095370,3,0,0.0,0,0,4,0,190,150,-0.0292,0.2922,6.8213,0.4212,54.904682,9.784369,108.3,5.845,1.85,335.95,54.895348,9.797490,54.897049,9.784369
1390095370,3,0,0.0,0,0,0,0,190,200,-0.0292,0.2922,6.8213,0.4212,54.904701,9.784369,108.3,5.845,1.85,335.95,54.895348,9.797490,54.897049,9.784369
1390095370,3,0,0.0,0,0,4,0,200,200,-0.0292,0.2922,6.8213,0.4212,54.904720,9.784369,108.3,5.845,1.85,335.95,54.895348,9.797490,54.897049,9.784369
1390095371,3,0,0.0,0,0,0,0,200,200,-0.0292,0.2922,6.8213,0.4212,54.904739,9.784369,108.3,5.845,1.85,335.95,54.895348,9.797490,54.897049,9.784369
1390095371,3,0,0.0,0,0,4,0,200,200,-0.0292,0.2922,6.8213,0.4212,54.904755,9.784369,108.3,5.845,1.85,335.95,54.895348,9.797490,54.897049,9.784369
1390095371,3,0,0.0,0,0,0,0,200,200,-0.0292,0.2922,6.8213,0.4212,54.904774,9.784369,108.3,5.845,1.85,335.95,54.895348,9.797490,54.897049,9.784369
1390095371,3,0,0.0,0,0,4,0,200,200,-0.0292,0.2922,6.8213,0.4212,54.904793,9.784369,108.3,5.845,1.85,335.95,54.895348,9.797490,54.897049,9.784369
1390095372,3,0,0.0,0,0,0,0,200,200,-0.0292,0.2922,6.8213,0.4212,54.904812,9.784369,108.3,5.845,1.85,335.95,54.895348,9.797490,54.897049,9.784369
1390095372,3,0,0.0,0,0,4,0,200,200,-0.0292,0.2922,6.8213,0.4212,54.904827,9.784369,108.3,5.845,1.85,335.95,54.895348,9.797490,54.897049,9.784369
1390095372,3,0,0.0,0,0,0,0,200,200,-0.0292,0.2922,6.8213,0.4212,54.904846,9.784369,108.3,5.845,1.85,335.95,54.895348,9.797490,54.897049,9.784369
1390095372,3,0,0.0,0,0,4,0,200,200,-0.0292,0.2922,6.8213,0.4212,54.904865,9.784369,108.3,5.845,1.85,335.95,54.895348,9.797490,54.897049,9.784369
1390095373,3,0,0.0,0,0,0,0,200,200,-0.0292,0.2922,6.8213,0.4212,54.904881,9.784369,108.3,5.845,1.85,335.95,54.895348,9.797490,54.897049,9.784369
1390095373,3,0,0.0,0,0,4,0,200,200,-0.0292,0.2922,6.8213,0.4212,54.904900,9.784369,108.3,5.845,1.85,335.95,54.895348,9.797490,54.897049,9.784369
1390095373,3,0,0.0,0,0,0,0,200,200,-0.0292,0.2922,6.8213,0.4212,54.904919,9.784369,108.3,5.845,1.85,335.95,54.895348,9.797490,54.897049,9.784369
1390095373,3,0,0.0,0,0,4,0,200,200,-0.0292,0.2922,6.8213,0.4212,54.904938,9.784369,108.3,5.845,1.85,335.95,54.895348,9.797490,54.897049,9.784369
1390095374,3,0,0.0,0,0,0,0,200,200,-0.0292,0.2922,6.8213,0.4212,54.904953,9.784369,108.3,5.845,1.85,335.95,54.895348,9.797490,54.897049,9.784369
1390095374,3,0,0.0,0,0,4,0,200,200,-0.0292,0.2922,6.8213,0.4212,54.904972,9.784369,108.3,5.845,1.85,335.95,54.895348,9.797490,54.897049,9.784369
1390095374,3,0,0.0,0,0,0,0,200,200,-0.0292,0.2922,6.8213,0.4212,54.904991,9.784369,108.3,5.845,1.85,335.95,54.895348,9.797490,54.897049,9.784369
1390095374,3,0,0.0,0,0,4,0,200,200,-0.0292,0.2922,6.8213,0.4212,54.905010,9.784369,108.3,5.845,1.85,335.95,54.895348,9.797490,54.897049,9.784369
1390095375,3,0,0.0,0,0,0,0,200,200,-0.0292,0.2922,6.8213,0.4212,54.905025,9.784369,108.3,5.845,1.85,335.95,54.895348,9.797490,54.897049,9.784369
1390095375,3,0,0.0,0,0,4,0,200,200,-0.0292,0.2922,6.8213,0.4212,54.905045,9.784369,108.3,5.845,1.85,335.95,54.895348,9.797490,54.897049,9.784369
1390095375,3,0,0.0,0,0,0,0,200,200,-0.0292,0.2922,6.8213,0.4212,54.905064,9.784369,108.3,5.845,1.85,335.95,54.895348,9.797490,54.897049,9.784369
1390095375,3,0,0.0,0,0,4,0,210,250,-0.0292,0.2922,6.8213,0.4212,54.905083,9.784369,108.3,5.845,1.85,335.95,54.895348,9.797490,54.897049,9.784369
1390095376,3,0,0.0,0,0,0,0,210,200,-0.0292,0.2922,6.8213,0.4212,54.905098,9.784369,108.3,5.845,1.85,335.95,54.895348,9.797490,54.897049,9.784369
1390095376,3,0,0.0,0,0,4,0,210,250,-0.0292,0.2922,6.8213,0.4212,54.905117,9.784369,108.3,5.845,1.85,335.95,54.895348,9.797490,54.897049,9.784369
1390095376,3,0,0.0,0,0,0,0,210,200,-0.0292,0.2922,6.8213,0.4212,54.905132,9.784369,108.3,5.845,1.85,335.95,54.895348,9.797490,54.897049,9.784369
1390095376,3,0,0.0,0,0,4,0,210,250,-0.0292,0.2922,6.8213,0.4212,54.905148,9.784369,108.3,5.845,1.85,335.95,54.895348,9.797490,54.897049,9.784369
1390095377,3,0,0.0,0,0,0,0,210,200,-0.0292,0.2922,6.8213,0.4212,54.905163,9.784369,108.3,5.845,1.85,335.95,54.895348,9.797490,54.897049,9.784369
1390095377,3,0,0.0,0,0,4,0,210,250,-0.0292,0.2922,6.8213,0.4212,54.905182,9.784369,108.3,5.845,1.85,335.95,54.895348,9.797490,54.897049,9.784369
1390095377,3,0,0.0,0,0,0,0,210,200,-0.0292,0.2922,6.8213,0.4212,54.905197,9.784369,108.3,5.845,1.85,335.95,54.895348,9.797490,54.897049,9.784369
1390095377,3,0,0.0,0,0,4,0,210,250,-0.0292,0.2922,6.8213,0.4212,54.905216,9.784369,108.3,5.845,1.85,335.95,54.895348,9.797490,54.897049,9.784369
1390095378,3,0,0.0,0,0,0,0,210,200,-0.0292,0.2922,6.8213,0.4212,54.905231,9.784369,108.3,5.845,1.85,335.95,54.895348,9.797490,54.897049,9.784369
1390095378,3,0,0.0,0,0,4,0,210,250,-0.0292,0.2922,6.8213,0.4212,54.905247,9.784369,108.3,5.845,1.85,335.95,54.895348,9.797490,54.897049,9.784369
1390095378,3,0,0.0,0,0,0,0,210,200,-0.0292,0.2922,6.8213,0.4212,54.905262,9.784369,108.3,5.845,1.85,335.95,54.895348,9.797490,54.897049,9.784369
1390095378,3,0,0.0,0,0,4,0,210,250,-0.0292,0.2922,6.8213,0.4212,54.905281,9.784369,108.3,5.845,1.85,335.95,54.895348,9.797490,54.897049,9.784369
1390095379,3,0,0.0,0,0,0,0,210,200,-0.0292,0.2922,6.8213,0.4212,54.905296,9.784369,108.3,5.845,1.85,335.95,54.895348,9.797490,54.897049,9.784369
1390095379,3,0,0.0,0,0,4,0,210,250,-0.0292,0.2922,6.8213,0.4212,54.905315,9.784369,108.3,5.845,1.85,335.95,54.895348,9.797490,54.897049,9.784369
1390095379,3,0,0.0,0,0,0,0,210,200,-0.0292,0.2922,6.8213,0.4212,54.905331,9.784369,108.3,5.845,1.85,335.95,54.895348,9.797490,54.897049,9.784369
1390095379,3,0,0.0,0,0,4,0,210,250,-0.0292,0.2922,6.8213,0.4212,54.905346,9.784369,108.3,5.845,1.85,335.95,54.895348,9.797490,54.897049,9.784369
1390095380,3,0,0.0,0,0,0,0,210,200,-0.0292,0.2922,6.8213,0.4212,54.905365,9.784369,108.3,5.845,1.85,335.95,54.895348,9.797490,54.897049,9.784369
1390095380,3,0,0.0,0,0,4,0,210,250,-0.0292,0.2922,6.8213,0.4212,54.905384,9.784369,108.3,5.845,1.85,335.95,54.895348,9.797490,54.897049,9.784369
1390095380,3,0,0.0,0,0,0,0,210,200,-0.0292,0.2922,6.8213,0.4212,54.905399,9.784369,108.3,5.845,1.85,335.95,54.895348,9.797490,54.897049,9.784369
1390095380,3,0,0.0,0,0,4,0,200,200,-0.0292,0.2922,6.8213,0.4212,54.905415,9.784369,108.3,5.845,1.85,335.95,54.895348,9.797490,54.897049,9.784369
1390095381,3,0,0.0,0,0,0,0,200,200,-0.0292,0.2922,6.8213,0.4212,54.905434,9.784369,108.3,5.845,1.85,335.95,54.895348,9.797490,54.897049,9.784369
1390095381,3,0,0.0,0,0,4,0,200,200,-0.0292,0.2922,6.8213,0.4212,54.905453,9.784369,108.3,5.845,1.85,335.95,54.895348,9.797490,54.897049,9.784369
1390095381,3,0,0.0,0,0,0,0,200,200,-0.0292,0.2922,6.8213,0.4212,54.905468,9.784369,108.3,5.845,1.85,335.95,54.895348,9.797490,54.897049,9.784369
1390095381,3,0,0.0,0,0,4,0,200,200,-0.0292,0.2922,6.8213,0.4212,54.905487,9.784369,108.3,5.845,1.85,335.95,54.895348,9.797490,54.897049,9.784369
1390095382,3,0,0.0,0,0,0,0,200,200,-0.0292,0.2922,6.8213,0.4212,54.905506,9.784369,108.3,5.845,1.85,335.95,54.895348,9.797490,54.897049,9.784369
