MCU_timestamp,Navigation_System,Manual_Control,Guidance_Heading,Manual_Ctrl_Rudder,Rudder_Desired_Angle,Rudder_Feedback,Manual_Ctrl_Sail,Sail_Desired_Pos,Sail_Feedback,Rate,Heading,Pitch,Roll,Latitude,Longitude,COG,SOG,Wind_Speed,Wind_Angle,Point_Start_Lat,Point_Start_Lon,Point_End_Lat,Point_End_Lon
1389976700,0,0,0.0,0,0,20,0,0,0,-0.0292,95.6255,6.8213,0.4212,54.896885,9.784269,108.3,5.845,1.85,335.95,0.000000,0.000000,0.000000,0.000000
1389976701,0,0,0.0,0,0,20,0,0,0,-0.0292,95.6255,6.8213,0.4212,54.896885,9.784269,108.3,5.845,1.85,335.95,0.000000,0.000000,0.000000,0.000000
1389976701,0,0,0.0,0,0,20,0,0,0,-0.0292,95.6255,6.8213,0.4212,54.896885,9.784269,108.3,5.845,1.85,335.95,0.000000,0.000000,0.000000,0.000000
1389976701,0,0,0.0,0,0,20,0,0,0,-0.0292,95.6255,6.8213,0.4212,54.896885,9.784269,108.3,5.845,1.85,335.95,0.000000,0.000000,0.000000,0.000000
1389976701,0,0,0.0,0,0,20,0,0,0,-0.0292,95.6255,6.8213,0.4212,54.896885,9.784269,108.3,5.845,1.85,335.95,0.000000,0.000000,0.000000,0.000000
1389976702,0,0,0.0,0,0,20,0,0,0,-0.0292,95.6255,6.8213,0.4212,54.896885,9.784269,108.3,5.845,1.85,335.95,0.000000,0.000000,0.000000,0.000000
1389976702,0,0,0.0,0,0,20,0,0,0,-0.0292,95.6255,6.8213,0.4212,54.896885,9.784269,108.3,5.845,1.85,335.95,0.000000,0.000000,0.000000,0.000000
1389976702,0,0,0.0,0,0,20,0,0,0,-0.0292,95.6255,6.8213,0.4212,54.896885,9.784269,108.3,5.845,1.85,335.95,0.000000,0.000000,0.000000,0.000000
1389976702,0,0,0.0,0,0,20,0,0,0,-0.0292,95.6255,6.8213,0.4212,54.896885,9.784269,108.3,5.845,1.85,335.95,0.000000,0.000000,0.000000,0.000000
1389976703,0,0,0.0,0,0,20,0,0,0,-0.0292,95.6255,6.8213,0.4212,54.896885,9.784269,108.3,5.845,1.85,335.95,0.000000,0.000000,0.000000,0.000000
1389976703,0,0,0.0,0,0,20,0,0,0,-0.0292,95.6255,6.8213,0.4212,54.896885,9.784269,108.3,5.845,1.85,335.95,0.000000,0.000000,0.000000,0.000000
1389976703,0,0,0.0,0,0,20,0,0,0,-0.0292,95.6255,6.8213,0.4212,54.896885,9.784269,108.3,5.845,1.85,335.95,0.000000,0.000000,0.000000,0.000000
1389976703,0,0,0.0,0,0,20,0,0,0,-0.0292,95.6255,6.8213,0.4212,54.896885,9.784269,108.3,5.845,1.85,335.95,0.000000,0.000000,0.000000,0.000000
1389976704,0,0,0.0,0,0,20,0,0,0,-0.0292,95.6255,6.8213,0.4212,54.896885,9.784269,108.3,5.845,1.85,335.95,0.000000,0.000000,0.000000,0.000000
1389976704,0,0,0.0,0,0,20,0,0,0,-0.0292,95.6255,6.8213,0.4212,54.896885,9.784269,108.3,5.845,1.85,335.95,0.000000,0.000000,0.000000,0.000000
1389976704,0,0,0.0,0,0,20,0,0,0,-0.0292,95.6255,6.8213,0.4212,54.896885,9.784269,108.3,5.845,1.85,335.95,0.000000,0.000000,0.000000,0.000000
1389976704,0,0,0.0,0,0,20,0,0,0,-0.0292,95.6255,6.8213,0.4212,54.896885,9.784269,108.3,5.845,1.85,335.95,0.000000,0.000000,0.000000,0.000000
1389976705,0,0,0.0,0,0,20,0,0,0,-0.0292,95.6255,6.8213,0.4212,54.896885,9.784269,108.3,5.845,1.85,335.95,0.000000,0.000000,0.000000,0.000000
1389976705,0,0,0.0,0,0,20,0,0,0,-0.0292,95.6255,6.8213,0.4212,54.896885,9.784269,108.3,5.845,1.85,335.95,0.000000,0.000000,0.000000,0.000000
1389976705,0,0,0.0,0,0,20,0,0,0,-0.0292,95.6255,6.8213,0.4212,54.896885,9.784269,108.3,5.845,1.85,335.95,0.000000,0.000000,0.000000,0.000000
1389976705,0,0,0.0,0,0,20,0,0,0,-0.0292,95.6255,6.8213,0.4212,54.896885,9.784269,108.3,5.845,1.85,335.95,0.000000,0.000000,0.000000,0.000000
1389976706,0,0,0.0,0,0,20,0,0,0,-0.0292,95.6255,6.8213,0.4212,54.896885,9.784269,108.3,5.845,1.85,335.95,0.000000,0.000000,0.000000,0.000000
1389976706,0,0,0.0,0,0,20,0,0,0,-0.0292,95.6255,6.8213,0.4212,54.896885,9.784269,108.3,5.845,1.85,335.95,0.000000,0.000000,0.000000,0.000000
1389976706,0,0,0.0,0,0,20,0,0,0,-0.0292,95.6255,6.8213,0.4212,54.896885,9.784269,108.3,5.845,1.85,335.95,0.000000,0.000000,0.000000,0.000000
1389976706,0,0,0.0,0,0,20,0,0,0,-0.0292,95.6255,6.8213,0.4212,54.896885,9.784269,108.3,5.845,1.85,335.95,0.000000,0.000000,0.000000,0.000000
1389976707,0,0,0.0,0,0,20,0,0,0,-0.0292,95.6255,6.8213,0.4212,54.896885,9.784269,108.3,5.845,1.85,335.95,0.000000,0.000000,0.000000,0.000000
1389976707,0,0,0.0,0,0,20,0,0,0,-0.0292,95.6255,6.8213,0.4212,54.896885,9.784269,108.3,5.845,1.85,335.95,0.000000,0.000000,0.000000,0.000000
1389976707,0,0,0.0,0,0,20,0,0,0,-0.0292,95.6255,6.8213,0.4212,54.896885,9.784269,108.3,5.845,1.85,335.95,0.000000,0.000000,0.000000,0.000000
1389976707,0,0,0.0,0,0,20,0,0,0,-0.0292,95.6255,6.8213,0.4212,54.896885,9.784269,108.3,5.845,1.85,335.95,0.000000,0.000000,0.000000,0.000000
1389976708,0,0,0.0,0,0,20,0,0,0,-0.0292,95.6255,6.8213,0.4212,54.896885,9.784269,108.3,5.845,1.85,335.95,0.000000,0.000000,0.000000,0.000000
1389976708,0,0,0.0,0,0,20,0,0,0,-0.0292,95.6255,6.8213,0.4212,54.896885,9.784269,108.3,5.845,1.85,335.95,0.000000,0.000000,0.000000,0.000000
1389976708,0,0,0.0,0,0,20,0,0,0,-0.0292,95.6255,6.8213,0.4212,54.896885,9.784269,108.3,5.845,1.85,335.95,0.000000,0.000000,0.000000,0.000000
1389976708,0,0,0.0,0,0,20,0,0,0,-0.0292,95.6255,6.8213,0.4212,54.896885,9.784269,108.3,5.845,1.85,335.95,0.000000,0.000000,0.000000,0.000000
1389976709,0,0,0.0,0,0,20,0,0,0,-0.0292,95.6255,6.8213,0.4212,54.896885,9.784269,108.3,5.845,1.85,335.95,0.000000,0.000000,0.000000,0.000000
1389976709,0,0,0.0,0,0,20,0,0,0,-0.0292,95.6255,6.8213,0.4212,54.896885,9.784269,108.3,5.845,1.85,335.95,0.000000,0.000000,0.000000,0.000000
1389976709,0,0,0.0,0,0,20,0,0,0,-0.0292,95.6255,6.8213,0.4212,54.896885,9.784269,108.3,5.845,1.85,335.95,0.000000,0.000000,0.000000,0.000000
1389976709,0,0,0.0,0,0,20,0,0,0,-0.0292,95.6255,6.8213,0.4212,54.896885,9.784269,108.3,5.845,1.85,335.95,0.000000,0.000000,0.000000,0.000000
1389976710,0,0,0.0,0,0,20,0,0,0,-0.0292,95.6255,6.8213,0.4212,54.896885,9.784269,108.3,5.845,1.85,335.95,0.000000,0.000000,0.000000,0.000000
1389976710,0,0,0.0,0,0,20,0,0,0,-0.0292,95.6255,6.8213,0.4212,54.896885,9.784269,108.3,5.845,1.85,335.95,0.000000,0.000000,0.000000,0.000000
1389976710,0,0,0.0,0,0,20,0,0,0,-0.0292,95.6255,6.8213,0.4212,54.896885,9.784269,108.3,5.845,1.85,335.95,0.000000,0.000000,0.000000,0.000000
1389976710,0,0,0.0,0,0,20,0,0,0,-0.0292,95.6255,6.8213,0.4212,54.896885,9.784269,108.3,5.845,1.85,335.95,0.000000,0.000000,0.000000,0.000000
1389976711,0,0,0.0,0,0,20,0,0,0,-0.0292,95.6255,6.8213,0.4212,54.896885,9.784269,108.3,5.845,1.85,335.95,0.000000,0.000000,0.000000,0.000000
1389976711,0,0,0.0,0,0,20,0,0,0,-0.0292,95.6255,6.8213,0.4212,54.896885,9.784269,108.3,5.845,1.85,335.95,0.000000,0.000000,0.000000,0.000000
1389976711,0,0,0.0,0,0,20,0,0,0,-0.0292,95.6255,6.8213,0.4212,54.896885,9.784269,108.3,5.845,1.85,335.95,0.000000,0.000000,0.000000,0.000000
1389976711,0,0,0.0,0,0,20,0,0,0,-0.0292,95.6255,6.8213,0.4212,54.896885,9.784269,108.3,5.845,1.85,335.95,0.000000,0.000000,0.000000,0.000000
1389976712,0,0,0.0,0,0,20,0,0,0,-0.0292,95.6255,6.8213,0.4212,54.896885,9.784269,108.3,5.845,1.85,335.95,0.000000,0.000000,0.000000,0.000000
1389976712,0,0,0.0,0,0,20,0,0,0,-0.0292,95.6255,6.8213,0.4212,54.896885,9.784269,108.3,5.845,1.85,335.95,0.000000,0.000000,0.000000,0.000000
1389976712,0,0,0.0,0,0,20,0,0,0,-0.0292,95.6255,6.8213,0.4212,54.896885,9.784269,108.3,5.845,1.85,335.95,0.000000,0.000000,0.000000,0.000000
1389976712,0,0,0.0,0,0,20,0,0,0,-0.0292,95.6255,6.8213,0.4212,54.896885,9.784269,108.3,5.845,1.85,335.95,0.000000,0.000000,0.000000,0.000000
1389976713,0,0,0.0,0,0,20,0,0,0,-0.0292,95.6255,6.8213,0.4212,54.896885,9.784269,108.3,5.845,1.85,335.95,0.000000,0.000000,0.000000,0.000000
1389976713,0,0,0.0,0,0,20,0,0,0,-0.0292,95.6255,6.8213,0.4212,54.896885,9.784269,108.3,5.845,1.85,335.95,0.000000,0.000000,0.000000,0.000000
1389976713,0,0,0.0,0,0,20,0,0,0,-0.0292,95.6255,6.8213,0.4212,54.896885,9.784269,108.3,5.845,1.85,335.95,0.000000,0.000000,0.000000,0.000000
1389976713,0,0,0.0,0,0,20,0,0,0,-0.0292,95.6255,6.8213,0.4212,54.896885,9.784269,108.3,5.845,1.85,335.95,0.000000,0.000000,0.000000,0.000000
1389976714,0,0,0.0,0,0,20,0,0,0,-0.0292,95.6255,6.8213,0.4212,54.896885,9.784269,108.3,5.845,1.85,335.95,0.000000,0.000000,0.000000,0.000000
1389976714,0,0,0.0,0,0,20,0,0,0,-0.0292,95.6255,6.8213,0.4212,54.896885,9.784269,108.3,5.845,1.85,335.95,0.000000,0.000000,0.000000,0.000000
1389976714,0,0,0.0,0,0,20,0,0,0,-0.0292,95.6255,6.8213,0.4212,54.896885,9.784269,108.3,5.845,1.85,335.95,0.000000,0.000000,0.000000,0.000000
1389976714,0,0,0.0,0,0,20,0,0,0,-0.0292,95.6255,6.8213,0.4212,54.896885,9.784269,108.3,5.845,1.85,335.95,0.000000,0.000000,0.000000,0.000000
1389976715,0,0,0.0,0,0,20,0,0,0,-0.0292,95.6255,6.8213,0.4212,54.896885,9.784269,108.3,5.845,1.85,335.95,0.000000,0.000000,0.000000,0.000000
1389976715,0,0,0.0,0,0,20,0,0,0,-0.0292,95.6255,6.8213,0.4212,54.896885,9.784269,108.3,5.845,1.85,335.95,0.000000,0.000000,0.000000,0.000000
1389976715,0,0,0.0,0,0,20,0,0,0,-0.0292,95.6255,6.8213,0.4212,54.896885,9.784269,108.3,5.845,1.85,335.95,0.000000,0.000000,0.000000,0.000000
1389976715,0,0,0.0,0,0,20,0,0,0,-0.0292,95.6255,6.8213,0.4212,54.896885,9.784269,108.3,5.845,1.85,335.95,0.000000,0.000000,0.000000,0.000000
1389976716,0,0,0.0,0,0,20,0,0,0,-0.0292,95.6255,6.8213,0.4212,54.896885,9.784269,108.3,5.845,1.85,335.95,0.000000,0.000000,0.000000,0.000000
1389976716,0,0,0.0,0,0,20,0,0,0,-0.0292,95.6255,6.8213,0.4212,54.896885,9.784269,108.3,5.845,1.85,335.95,0.000000,0.000000,0.000000,0.000000
1389976716,0,0,0.0,0,0,20,0,0,0,-0.0292,95.6255,6.8213,0.4212,54.896885,9.784269,108.3,5.845,1.85,335.95,0.000000,0.000000,0.000000,0.000000
1389976716,0,0,0.0,0,0,20,0,0,0,-0.0292,95.6255,6.8213,0.4212,54.896885,9.784269,108.3,5.845,1.85,335.95,0.000000,0.000000,0.000000,0.000000
1389976717,0,0,0.0,0,0,20,0,0,0,-0.0292,95.6255,6.8213,0.4212,54.896885,9.784269,108.3,5.845,1.85,335.95,0.000000,0.000000,0.000000,0.000000
1389976717,0,0,0.0,0,0,20,0,0,0,-0.0292,95.6255,6.8213,0.4212,54.896885,9.784269,108.3,5.845,1.85,335.95,0.000000,0.000000,0.000000,0.000000
1389976717,0,0,0.0,0,0,20,0,0,0,-0.0292,95.6255,6.8213,0.4212,54.896885,9.784269,108.3,5.845,1.85,335.95,0.000000,0.000000,0.000000,0.000000
1389976717,0,0,0.0,0,0,20,0,0,0,-0.0292,95.6255,6.8213,0.4212,54.896885,9.784269,108.3,5.845,1.85,335.95,0.000000,0.000000,0.000000,0.000000
1389976718,0,0,0.0,0,0,20,0,0,0,-0.0292,95.6255,6.8213,0.4212,54.896885,9.784269,108.3,5.845,1.85,335.95,0.000000,0.000000,0.000000,0.000000
1389976718,0,0,0.0,0,0,20,0,0,0,-0.0292,95.6255,6.8213,0.4212,54.896885,9.784269,108.3,5.845,1.85,335.95,0.000000,0.000000,0.000000,0.000000
1389976718,0,0,0.0,0,0,20,0,0,0,-0.0292,95.6255,6.8213,0.4212,54.896885,9.784269,108.3,5.845,1.85,335.95,0.000000,0.000000,0.000000,0.000000
1389976718,0,0,0.0,0,0,20,0,0,0,-0.0292,95.6255,6.8213,0.4212,54.896885,9.784269,108.3,5.845,1.85,335.95,0.000000,0.000000,0.000000,0.000000
1389976719,0,0,0.0,0,0,20,0,0,0,-0.0292,95.6255,6.8213,0.4212,54.896885,9.784269,108.3,5.845,1.85,335.95,0.000000,0.000000,0.000000,0.000000
1389976719,0,0,0.0,0,0,20,0,0,0,-0.0292,95.6255,6.8213,0.4212,54.896885,9.784269,108.3,5.845,1.85,335.95,0.000000,0.000000,0.000000,0.000000
1389976719,0,0,0.0,0,0,20,0,0,0,-0.0292,95.6255,6.8213,0.4212,54.896885,9.784269,108.3,5.845,1.85,335.95,0.000000,0.000000,0.000000,0.000000
1389976719,0,0,0.0,0,0,20,0,0,0,-0.0292,95.6255,6.8213,0.4212,54.896885,9.784269,108.3,5.845,1.85,335.95,0.000000,0.000000,0.000000,0.000000
1389976720,0,0,0.0,0,0,20,0,0,0,-0.0292,95.6255,6.8213,0.4212,54.896885,9.784269,108.3,5.845,1.85,335.95,0.000000,0.000000,0.000000,0.000000
1389976720,0,0,0.0,0,0,20,0,0,0,-0.0292,95.6255,6.8213,0.4212,54.896885,9.784269,108.3,5.845,1.85,335.95,0.000000,0.000000,0.000000,0.000000
1389976720,0,0,0.0,0,0,20,0,0,0,-0.0292,95.6255,6.8213,0.4212,54.896885,9.784269,108.3,5.845,1.85,335.95,0.000000,0.000000,0.000000,0.000000
1389976720,0,0,0.0,0,0,20,0,0,0,-0.0292,95.6255,6.8213,0.4212,54.896885,9.784269,108.3,5.845,1.85,335.95,0.000000,0.000000,0.000000,0.000000
1389976721,0,0,0.0,0,0,20,0,0,0,-0.0292,95.6255,6.8213,0.4212,54.896885,9.784269,108.3,5.845,1.85,335.95,0.000000,0.000000,0.000000,0.000000
1389976721,0,0,0.0,0,0,20,0,0,0,-0.0292,95.6255,6.8213,0.4212,54.896885,9.784269,108.3,5.845,1.85,335.95,0.000000,0.000000,0.000000,0.000000
1389976721,0,0,0.0,0,0,20,0,0,0,-0.0292,95.6255,6.8213,0.4212,54.896885,9.784269,108.3,5.845,1.85,335.95,0.000000,0.000000,0.000000,0.000000
1389976721,0,0,0.0,0,0,20,0,0,0,-0.0292,95.6255,6.8213,0.4212,54.896885,9.784269,108.3,5.845,1.85,335.95,0.000000,0.000000,0.000000,0.000000
1389976722,0,0,0.0,0,0,20,0,0,0,-0.0292,95.6255,6.8213,0.4212,54.896885,9.784269,108.3,5.845,1.85,335.95,0.000000,0.000000,0.000000,0.000000
1389976722,0,0,0.0,0,0,20,0,0,0,-0.0292,95.6255,6.8213,0.4212,54.896885,9.784269,108.3,5.845,1.85,335.95,0.000000,0.000000,0.000000,0.000000
1389976722,0,0,0.0,0,0,20,0,0,0,-0.0292,95.6255,6.8213,0.4212,54.896885,9.784269,108.3,5.845,1.85,335.95,0.000000,0.000000,0.000000,0.000000
1389976722,0,0,0.0,0,0,20,0,0,0,-0.0292,95.6255,6.8213,0.4212,54.896885,9.784269,108.3,5.845,1.85,335.95,0.000000,0.000000,0.000000,0.000000
1389976723,0,0,0.0,0,0,20,0,0,0,-0.0292,95.6255,6.8213,0.4212,54.896885,9.784269,108.3,5.845,1.85,335.95,0.000000,0.000000,0.000000,0.000000
1389976723,0,0,0.0,0,0,20,0,0,0,-0.0292,95.6255,6.8213,0.4212,54.896885,9.784269,108.3,5.845,1.85,335.95,0.000000,0.000000,0.000000,0.000000
1389976723,0,0,0.0,0,0,20,0,0,0,-0.0292,95.6255,6.8213,0.4212,54.896885,9.784269,108.3,5.845,1.85,335.95,0.000000,0.000000,0.000000,0.000000
1389976723,0,0,0.0,0,0,20,0,0,0,-0.0292,95.6255,6.8213,0.4212,54.896885,9.784269,108.3,5.845,1.85,335.95,0.000000,0.000000,0.000000,0.000000
1389976724,0,0,0.0,0,0,20,0,0,0,-0.0292,95.6255,6.8213,0.4212,54.896885,9.784269,108.3,5.845,1.85,335.95,0.000000,0.000000,0.000000,0.000000
1389976724,0,0,0.0,0,0,20,0,0,0,-0.0292,95.6255,6.8213,0.4212,54.896885,9.784269,108.3,5.845,1.85,335.95,0.000000,0.000000,0.000000,0.000000
1389976724,0,0,0.0,0,0,20,0,0,0,-0.0292,95.6255,6.8213,0.4212,54.896885,9.784269,108.3,5.845,1.85,335.95,0.000000,0.000000,0.000000,0.000000
1389976724,0,0,0.0,0,0,20,0,0,0,-0.0292,95.6255,6.8213,0.4212,54.896885,9.784269,108.3,5.845,1.85,335.95,0.000000,0.000000,0.000000,0.000000
1389976725,0,0,0.0,0,0,20,0,0,0,-0.0292,95.6255,6.8213,0.4212,54.896885,9.784269,108.3,5.845,1.85,335.95,0.000000,0.000000,0.000000,0.000000
1389976725,0,0,0.0,0,0,20,0,0,0,-0.0292,95.6255,6.8213,0.4212,54.896885,9.784269,108.3,5.845,1.85,335.95,0.000000,0.000000,0.000000,0.000000
1389976725,0,0,0.0,0,0,20,0,0,0,-0.0292,95.6255,6.8213,0.4212,54.896885,9.784269,108.3,5.845,1.85,335.95,0.000000,0.000000,0.000000,0.000000
1389976725,0,0,0.0,0,0,20,0,0,0,-0.0292,95.6255,6.8213,0.4212,54.896885,9.784269,108.3,5.845,1.85,335.95,0.000000,0.000000,0.000000,0.000000
1389976726,0,0,0.0,0,0,20,0,0,0,-0.0292,95.6255,6.8213,0.4212,54.896885,9.784269,108.3,5.845,1.85,335.95,0.000000,0.000000,0.000000,0.000000
1389976726,0,0,0.0,0,0,20,0,0,0,-0.0292,95.6255,6.8213,0.4212,54.896885,9.784269,108.3,5.845,1.85,335.95,0.000000,0.000000,0.000000,0.000000
1389976726,0,0,0.0,0,0,20,0,0,0,-0.0292,95.6255,6.8213,0.4212,54.896885,9.784269,108.3,5.845,1.85,335.95,0.000000,0.000000,0.000000,0.000000
1389976726,0,0,0.0,0,0,20,0,0,0,-0.0292,95.6255,6.8213,0.4212,54.896885,9.784269,108.3,5.845,1.85,335.95,0.000000,0.000000,0.000000,0.000000
1389976727,0,0,0.0,0,0,20,0,0,0,-0.0292,95.6255,6.8213,0.4212,54.896885,9.784269,108.3,5.845,1.85,335.95,0.000000,0.000000,0.000000,0.000000
1389976727,0,0,0.0,0,0,20,0,0,0,-0.0292,95.6255,6.8213,0.4212,54.896885,9.784269,108.3,5.845,1.85,335.95,0.000000,0.000000,0.000000,0.000000
1389976727,0,0,0.0,0,0,20,0,0,0,-0.0292,95.6255,6.8213,0.4212,54.896885,9.784269,108.3,5.845,1.85,335.95,0.000000,0.000000,0.000000,0.000000
1389976727,0,0,0.0,0,0,20,0,0,0,-0.0292,95.6255,6.8213,0.4212,54.896885,9.784269,108.3,5.845,1.85,335.95,0.000000,0.000000,0.000000,0.000000
1389976728,0,0,0.0,0,0,20,0,0,0,-0.0292,95.6255,6.8213,0.4212,54.896885,9.784269,108.3,5.845,1.85,335.95,0.000000,0.000000,0.000000,0.000000
1389976728,0,0,0.0,0,0,20,0,0,0,-0.0292,95.6255,6.8213,0.4212,54.896885,9.784269,108.3,5.845,1.85,335.95,0.000000,0.000000,0.000000,0.000000
1389976728,0,0,0.0,0,0,20,0,0,0,-0.0292,95.6255,6.8213,0.4212,54.896885,9.784269,108.3,5.845,1.85,335.95,0.000000,0.000000,0.000000,0.000000
1389976728,0,0,0.0,0,0,20,0,0,0,-0.0292,95.6255,6.8213,0.4212,54.896885,9.784269,108.3,5.845,1.85,335.95,0.000000,0.000000,0.000000,0.000000
1389976729,0,0,0.0,0,0,20,0,0,0,-0.0292,95.6255,6.8213,0.4212,54.896885,9.784269,108.3,5.845,1.85,335.95,0.000000,0.000000,0.000000,0.000000
1389976729,0,0,0.0,0,0,20,0,0,0,-0.0292,95.6255,6.8213,0.4212,54.896885,9.784269,108.3,5.845,1.85,335.95,0.000000,0.000000,0.000000,0.000000
1389976729,0,0,0.0,0,0,20,0,0,0,-0.0292,95.6255,6.8213,0.4212,54.896885,9.784269,108.3,5.845,1.85,335.95,0.000000,0.000000,0.000000,0.000000
1389976729,0,0,0.0,0,0,20,0,0,0,-0.0292,95.6255,6.8213,0.4212,54.896885,9.784269,108.3,5.845,1.85,335.95,0.000000,0.000000,0.000000,0.000000
1389976730,0,0,0.0,0,0,20,0,0,0,-0.0292,95.6255,6.8213,0.4212,54.896885,9.784269,108.3,5.845,1.85,335.95,0.000000,0.000000,0.000000,0.000000
1389976730,0,0,0.0,0,0,20,0,0,0,-0.0292,95.6255,6.8213,0.4212,54.896885,9.784269,108.3,5.845,1.85,335.95,0.000000,0.000000,0.000000,0.000000
1389976730,0,0,0.0,0,0,20,0,0,0,-0.0292,95.6255,6.8213,0.4212,54.896885,9.784269,108.3,5.845,1.85,335.95,0.000000,0.000000,0.000000,0.000000
1389976730,0,0,0.0,0,0,20,0,0,0,-0.0292,95.6255,6.8213,0.4212,54.896885,9.784269,108.3,5.845,1.85,335.95,0.000000,0.000000,0.000000,0.000000
1389976731,0,0,0.0,0,0,20,0,0,0,-0.0292,95.6255,6.8213,0.4212,54.896885,9.784269,108.3,5.845,1.85,335.95,0.000000,0.000000,0.000000,0.000000
1389976731,0,0,0.0,0,0,20,0,0,0,-0.0292,95.6255,6.8213,0.4212,54.896885,9.784269,108.3,5.845,1.85,335.95,0.000000,0.000000,0.000000,0.000000
1389976731,0,0,0.0,0,0,20,0,0,0,-0.0292,95.6255,6.8213,0.4212,54.896885,9.784269,108.3,5.845,1.85,335.95,0.000000,0.000000,0.000000,0.000000
1389976731,0,0,0.0,0,0,20,0,0,0,-0.0292,95.6255,6.8213,0.4212,54.896885,9.784269,108.3,5.845,1.85,335.95,0.000000,0.000000,0.000000,0.000000
1389976732,0,0,0.0,0,0,20,0,0,0,-0.0292,95.6255,6.8213,0.4212,54.896885,9.784269,108.3,5.845,1.85,335.95,0.000000,0.000000,0.000000,0.000000
1389976732,0,0,0.0,0,0,20,0,0,0,-0.0292,95.6255,6.8213,0.4212,54.896885,9.784269,108.3,5.845,1.85,335.95,0.000000,0.000000,0.000000,0.000000
1389976732,0,0,0.0,0,0,20,0,0,0,-0.0292,95.6255,6.8213,0.4212,54.896885,9.784269,108.3,5.845,1.85,335.95,0.000000,0.000000,0.000000,0.000000
1389976732,0,0,0.0,0,0,20,0,0,0,-0.0292,95.6255,6.8213,0.4212,54.896885,9.784269,108.3,5.845,1.85,335.95,0.000000,0.000000,0.000000,0.000000
1389976733,0,0,0.0,0,0,20,0,0,0,-0.0292,95.6255,6.8213,0.4212,54.896885,9.784269,108.3,5.845,1.85,335.95,0.000000,0.000000,0.000000,0.000000
1389976733,0,0,0.0,0,0,20,0,0,0,-0.0292,95.6255,6.8213,0.4212,54.896885,9.784269,108.3,5.845,1.85,335.95,0.000000,0.000000,0.000000,0.000000
1389976733,0,0,0.0,0,0,20,0,0,0,-0.0292,95.6255,6.8213,0.4212,54.896885,9.784269,108.3,5.845,1.85,335.95,0.000000,0.000000,0.000000,0.000000
1389976733,0,0,0.0,0,0,20,0,0,0,-0.0292,95.6255,6.8213,0.4212,54.896885,9.784269,108.3,5.845,1.85,335.95,0.000000,0.000000,0.000000,0.000000
1389976734,0,0,0.0,0,0,20,0,0,0,-0.0292,95.6255,6.8213,0.4212,54.896885,9.784269,108.3,5.845,1.85,335.95,0.000000,0.000000,0.000000,0.000000
1389976734,0,0,0.0,0,0,20,0,0,0,-0.0292,95.6255,6.8213,0.4212,54.896885,9.784269,108.3,5.845,1.85,335.95,0.000000,0.000000,0.000000,0.000000
1389976734,0,0,0.0,0,0,20,0,0,0,-0.0292,95.6255,6.8213,0.4212,54.896885,9.784269,108.3,5.845,1.85,335.95,0.000000,0.000000,0.000000,0.000000
1389976734,0,0,0.0,0,0,20,0,0,0,-0.0292,95.6255,6.8213,0.4212,54.896885,9.784269,108.3,5.845,1.85,335.95,0.000000,0.000000,0.000000,0.000000
1389976735,0,0,0.0,0,0,20,0,0,0,-0.0292,95.6255,6.8213,0.4212,54.896885,9.784269,108.3,5.845,1.85,335.95,0.000000,0.000000,0.000000,0.000000
1389976735,0,0,0.0,0,0,20,0,0,0,-0.0292,95.6255,6.8213,0.4212,54.896885,9.784269,108.3,5.845,1.85,335.95,0.000000,0.000000,0.000000,0.000000
1389976735,0,0,0.0,0,0,20,0,0,0,-0.0292,95.6255,6.8213,0.4212,54.896885,9.784269,108.3,5.845,1.85,335.95,0.000000,0.000000,0.000000,0.000000
1389976735,0,0,0.0,0,0,20,0,0,0,-0.0292,95.6255,6.8213,0.4212,54.896885,9.784269,108.3,5.845,1.85,335.95,0.000000,0.000000,0.000000,0.000000
1389976736,0,0,0.0,0,0,20,0,0,0,-0.0292,95.6255,6.8213,0.4212,54.896885,9.784269,108.3,5.845,1.85,335.95,0.000000,0.000000,0.000000,0.000000
1389976736,0,0,0.0,0,0,20,0,0,0,-0.0292,95.6255,6.8213,0.4212,54.896885,9.784269,108.3,5.845,1.85,335.95,0.000000,0.000000,0.000000,0.000000
1389976736,0,0,0.0,0,0,20,0,0,0,-0.0292,95.6255,6.8213,0.4212,54.896885,9.784269,108.3,5.845,1.85,335.95,0.000000,0.000000,0.000000,0.000000
1389976736,0,0,0.0,0,0,20,0,0,0,-0.0292,95.6255,6.8213,0.4212,54.896885,9.784269,108.3,5.845,1.85,335.95,0.000000,0.000000,0.000000,0.000000
1389976737,0,0,0.0,0,0,20,0,0,0,-0.0292,95.6255,6.8213,0.4212,54.896885,9.784269,108.3,5.845,1.85,335.95,0.000000,0.000000,0.000000,0.000000
1389976737,0,0,0.0,0,0,20,0,0,0,-0.0292,95.6255,6.8213,0.4212,54.896885,9.784269,108.3,5.845,1.85,335.95,0.000000,0.000000,0.000000,0.000000
1389976737,0,0,0.0,0,0,20,0,0,0,-0.0292,95.6255,6.8213,0.4212,54.896885,9.784269,108.3,5.845,1.85,335.95,0.000000,0.000000,0.000000,0.000000
1389976737,0,0,0.0,0,0,20,0,0,0,-0.0292,95.6255,6.8213,0.4212,54.896885,9.784269,108.3,5.845,1.85,335.95,0.000000,0.000000,0.000000,0.000000
1389976738,0,0,0.0,0,0,20,0,0,0,-0.0292,95.6255,6.8213,0.4212,54.896885,9.784269,108.3,5.845,1.85,335.95,0.000000,0.000000,0.000000,0.000000
1389976738,0,0,0.0,0,0,20,0,0,0,-0.0292,95.6255,6.8213,0.4212,54.896885,9.784269,108.3,5.845,1.85,335.95,0.000000,0.000000,0.000000,0.000000
1389976738,0,0,0.0,0,0,20,0,0,0,-0.0292,95.6255,6.8213,0.4212,54.896885,9.784269,108.3,5.845,1.85,335.95,0.000000,0.000000,0.000000,0.000000
1389976738,0,0,0.0,0,0,20,0,0,0,-0.0292,95.6255,6.8213,0.4212,54.896885,9.784269,108.3,5.845,1.85,335.95,0.000000,0.000000,0.000000,0.000000
1389976739,0,0,0.0,0,0,20,0,0,0,-0.0292,95.6255,6.8213,0.4212,54.896885,9.784269,108.3,5.845,1.85,335.95,0.000000,0.000000,0.000000,0.000000
1389976739,0,0,0.0,0,0,20,0,0,0,-0.0292,95.6255,6.8213,0.4212,54.896885,9.784269,108.3,5.845,1.85,335.95,0.000000,0.000000,0.000000,0.000000
1389976739,0,0,0.0,0,0,20,0,0,0,-0.0292,95.6255,6.8213,0.4212,54.896885,9.784269,108.3,5.845,1.85,335.95,0.000000,0.000000,0.000000,0.000000
1389976739,0,0,0.0,0,0,20,0,0,0,-0.0292,95.6255,6.8213,0.4212,54.896885,9.784269,108.3,5.845,1.85,335.95,0.000000,0.000000,0.000000,0.000000
1389976740,0,0,0.0,0,0,20,0,0,0,-0.0292,95.6255,6.8213,0.4212,54.896885,9.784269,108.3,5.845,1.85,335.95,0.000000,0.000000,0.000000,0.000000
1389976740,0,0,0.0,0,0,20,0,0,0,-0.0292,95.6255,6.8213,0.4212,54.896885,9.784269,108.3,5.845,1.85,335.95,0.000000,0.000000,0.000000,0.000000
1389976740,0,0,0.0,0,0,20,0,0,0,-0.0292,95.6255,6.8213,0.4212,54.896885,9.784269,108.3,5.845,1.85,335.95,0.000000,0.000000,0.000000,0.000000
1389976740,0,0,0.0,0,0,20,0,0,0,-0.0292,95.6255,6.8213,0.4212,54.896885,9.784269,108.3,5.845,1.85,335.95,0.000000,0.000000,0.000000,0.000000
1389976741,0,0,0.0,0,0,20,0,0,0,-0.0292,95.6255,6.8213,0.4212,54.896885,9.784269,108.3,5.845,1.85,335.95,0.000000,0.000000,0.000000,0.000000
1389976741,0,0,0.0,0,0,20,0,0,0,-0.0292,95.6255,6.8213,0.4212,54.896885,9.784269,108.3,5.845,1.85,335.95,0.000000,0.000000,0.000000,0.000000
1389976741,0,0,0.0,0,0,20,0,0,0,-0.0292,95.6255,6.8213,0.4212,54.896885,9.784269,108.3,5.845,1.85,335.95,0.000000,0.000000,0.000000,0.000000
1389976741,0,0,0.0,0,0,20,0,0,0,-0.0292,95.6255,6.8213,0.4212,54.896885,9.784269,108.3,5.845,1.85,335.95,0.000000,0.000000,0.000000,0.000000
1389976742,0,0,0.0,0,0,20,0,0,0,-0.0292,95.6255,6.8213,0.4212,54.896885,9.784269,108.3,5.845,1.85,335.95,0.000000,0.000000,0.000000,0.000000
1389976742,0,0,0.0,0,0,20,0,0,0,-0.0292,95.6255,6.8213,0.4212,54.896885,9.784269,108.3,5.845,1.85,335.95,0.000000,0.000000,0.000000,0.000000
1389976742,0,0,0.0,0,0,20,0,0,0,-0.0292,95.6255,6.8213,0.4212,54.896885,9.784269,108.3,5.845,1.85,335.95,0.000000,0.000000,0.000000,0.000000
1389976742,0,0,0.0,0,0,20,0,0,0,-0.0292,95.6255,6.8213,0.4212,54.896885,9.784269,108.3,5.845,1.85,335.95,0.000000,0.000000,0.000000,0.000000
1389976743,0,0,0.0,0,0,20,0,0,0,-0.0292,95.6255,6.8213,0.4212,54.896885,9.784269,108.3,5.845,1.85,335.95,0.000000,0.000000,0.000000,0.000000
1389976743,0,0,0.0,0,0,20,0,0,0,-0.0292,95.6255,6.8213,0.4212,54.896885,9.784269,108.3,5.845,1.85,335.95,0.000000,0.000000,0.000000,0.000000
1389976743,0,0,0.0,0,0,20,0,0,0,-0.0292,95.6255,6.8213,0.4212,54.896885,9.784269,108.3,5.845,1.85,335.95,0.000000,0.000000,0.000000,0.000000
1389976743,0,0,0.0,0,0,20,0,0,0,-0.0292,95.6255,6.8213,0.4212,54.896885,9.784269,108.3,5.845,1.85,335.95,0.000000,0.000000,0.000000,0.000000
1389976744,0,0,0.0,0,0,20,0,0,0,-0.0292,95.6255,6.8213,0.4212,54.896885,9.784269,108.3,5.845,1.85,335.95,0.000000,0.000000,0.000000,0.000000
1389976744,0,0,0.0,0,0,20,0,0,0,-0.0292,95.6255,6.8213,0.4212,54.896885,9.784269,108.3,5.845,1.85,335.95,0.000000,0.000000,0.000000,0.000000
1389976744,0,0,0.0,0,0,20,0,0,0,-0.0292,95.6255,6.8213,0.4212,54.896885,9.784269,108.3,5.845,1.85,335.95,0.000000,0.000000,0.000000,0.000000
1389976744,0,0,0.0,0,0,20,0,0,0,-0.0292,95.6255,6.8213,0.4212,54.896885,9.784269,108.3,5.845,1.85,335.95,0.000000,0.000000,0.000000,0.000000
1389976745,0,0,0.0,0,0,20,0,0,0,-0.0292,95.6255,6.8213,0.4212,54.896885,9.784269,108.3,5.845,1.85,335.95,0.000000,0.000000,0.000000,0.000000
1389976745,0,0,0.0,0,0,20,0,0,0,-0.0292,95.6255,6.8213,0.4212,54.896885,9.784269,108.3,5.845,1.85,335.95,0.000000,0.000000,0.000000,0.000000
1389976745,0,0,0.0,0,0,20,0,0,0,-0.0292,95.6255,6.8213,0.4212,54.896885,9.784269,108.3,5.845,1.85,335.95,0.000000,0.000000,0.000000,0.000000
1389976745,0,0,0.0,0,0,20,0,0,0,-0.0292,95.6255,6.8213,0.4212,54.896885,9.784269,108.3,5.845,1.85,335.95,0.000000,0.000000,0.000000,0.000000
1389976746,4,0,0.0,0,0,20,0,0,0,-0.0292,95.6255,6.8213,0.4212,54.896885,9.784269,108.3,5.845,1.85,335.95,0.000000,0.000000,0.000000,0.000000
1389976746,1,0,0.0,0,35,24,0,855,50,-0.0292,83.9588,6.8213,0.4212,54.896889,9.784301,108.3,5.845,1.85,335.95,54.895069,9.793790,54.895348,9.797490
1389976746,1,0,0.0,0,-35,20,0,683,100,-0.0292,95.6255,6.8213,0.4212,54.896889,9.784332,108.3,5.845,1.85,335.95,54.895348,9.797490,54.894039,9.801540
1389976746,1,0,0.0,0,-35,16,0,855,150,-0.0292,107.2922,6.8213,0.4212,54.896885,9.784362,108.3,5.845,1.85,335.95,54.894039,9.801540,54.893795,9.802299
1389976747,1,0,0.0,0,-35,12,0,870,200,-0.0292,118.9588,6.8213,0.4212,54.896877,9.784389,108.3,5.845,1.85,335.95,54.893795,9.802299,54.893364,9.803688
1389976747,1,0,0.0,0,-35,8,0,713,250,-0.0292,130.6255,6.8213,0.4212,54.896866,9.784412,108.3,5.845,1.85,335.95,54.893364,9.803688,54.892704,9.801139
1389976747,1,0,0.0,0,-35,4,0,713,300,-0.0292,142.2922,6.8213,0.4212,54.896851,9.784431,108.3,5.845,1.85,335.95,54.892704,9.801139,54.891663,9.800174
1389976747,1,0,0.0,0,-28,0,0,713,350,-0.0292,151.6255,6.8213,0.4212,54.896835,9.784447,108.3,5.845,1.85,335.95,54.891663,9.800174,54.892929,9.805077
1389976748,1,0,0.0,0,-18,-4,0,0,300,-0.0292,157.6255,6.8213,0.4212,54.896820,9.784458,108.3,5.845,1.85,335.95,54.892929,9.805077,54.892498,9.806466
1389976748,1,0,0.0,0,-12,-8,0,0,250,-0.0292,161.6255,6.8213,0.4212,54.896801,9.784468,108.3,5.845,1.85,335.95,54.892498,9.806466,54.891232,9.801563
1389976748,1,0,0.0,0,-8,-4,0,0,200,-0.0292,164.2922,6.8213,0.4212,54.896782,9.784476,108.3,5.845,1.85,335.95,54.891232,9.801563,54.890800,9.802953
1389976749,1,0,0.0,0,-6,-8,0,0,150,-0.0292,166.2922,6.8213,0.4212,54.896767,9.784484,108.3,5.845,1.85,335.95,54.890800,9.802953,54.891651,9.806246
1389976749,1,0,0.0,0,-4,-4,0,713,200,-0.0292,167.6255,6.8213,0.4212,54.896748,9.784491,108.3,5.845,1.85,335.95,54.891651,9.806246,54.890560,9.805087
1389976749,1,0,0.0,0,-2,0,0,713,250,-0.0292,168.2922,6.8213,0.4212,54.896729,9.784496,108.3,5.845,1.85,335.95,54.890560,9.805087,54.890366,9.804342
1389976749,1,0,0.0,0,-2,-4,0,713,300,-0.0292,168.9588,6.8213,0.4212,54.896709,9.784502,108.3,5.845,1.85,335.95,54.890366,9.804342,54.890846,9.801930
1389976750,1,0,0.0,0,-1,0,0,713,350,-0.0292,169.2922,6.8213,0.4212,54.896694,9.784508,108.3,5.845,1.85,335.95,54.890846,9.801930,54.889477,9.798280
1389976750,1,0,0.0,0,-1,-4,0,713,400,-0.0292,169.6255,6.8213,0.4212,54.896675,9.784513,108.3,5.845,1.85,335.95,54.889477,9.798280,54.891819,9.794550
1389976750,1,0,0.0,0,0,0,0,713,450,-0.0292,169.6255,6.8213,0.4212,54.896656,9.784519,108.3,5.845,1.85,335.95,54.891819,9.794550,54.895348,9.797490
1389976750,1,0,0.0,0,0,4,0,713,500,-0.0292,169.6255,6.8213,0.4212,54.896637,9.784525,108.3,5.845,1.85,335.95,54.895348,9.797490,54.895069,9.793790
1389976751,1,0,0.0,0,0,0,0,713,550,-0.0292,169.6255,6.8213,0.4212,54.896622,9.784531,108.3,5.845,1.85,335.95,54.895348,9.797490,54.895069,9.793790
1389976751,3,0,0.0,0,0,4,0,713,600,-0.0292,169.6255,6.8213,0.4212,54.896603,9.784535,108.3,5.845,1.85,335.95,54.895348,9.797490,54.896622,9.784531
1389976751,3,0,0.0,0,0,0,0,713,650,-0.0292,169.6255,6.8213,0.4212,54.896584,9.784541,108.3,5.845,1.85,335.95,54.895348,9.797490,54.896622,9.784531
1389976751,3,0,0.0,0,0,4,0,713,700,-0.0292,169.6255,6.8213,0.4212,54.896564,9.784547,108.3,5.845,1.85,335.95,54.895348,9.797490,54.896622,9.784531
1389976752,3,0,0.0,0,0,0,0,713,750,-0.0292,169.6255,6.8213,0.4212,54.896549,9.784553,108.3,5.845,1.85,335.95,54.895348,9.797490,54.896622,9.784531
1389976752,3,0,0.0,0,0,4,0,713,700,-0.0292,169.6255,6.8213,0.4212,54.896530,9.784558,108.3,5.845,1.85,335.95,54.895348,9.797490,54.896622,9.784531
1389976752,3,0,0.0,0,0,0,0,713,750,-0.0292,169.6255,6.8213,0.4212,54.896511,9.784564,108.3,5.845,1.85,335.95,54.895348,9.797490,54.896622,9.784531
1389976752,3,0,0.0,0,0,4,0,713,700,-0.0292,169.6255,6.8213,0.4212,54.896496,9.784570,108.3,5.845,1.85,335.95,54.895348,9.797490,54.896622,9.784531
1389976753,3,0,0.0,0,0,0,0,713,750,-0.0292,169.6255,6.8213,0.4212,54.896477,9.784575,108.3,5.845,1.85,335.95,54.895348,9.797490,54.896622,9.784531
1389976753,3,0,0.0,0,0,4,0,713,700,-0.0292,169.6255,6.8213,0.4212,54.896458,9.784580,108.3,5.845,1.85,335.95,54.895348,9.797490,54.896622,9.784531
1389976753,3,0,0.0,0,0,0,0,713,750,-0.0292,169.6255,6.8213,0.4212,54.896439,9.784586,108.3,5.845,1.85,335.95,54.895348,9.797490,54.896622,9.784531
1389976753,3,0,0.0,0,0,4,0,713,700,-0.0292,169.6255,6.8213,0.4212,54.896423,9.784592,108.3,5.845,1.85,335.95,54.895348,9.797490,54.896622,9.784531
1389976754,3,0,0.0,0,0,0,0,713,750,-0.0292,169.6255,6.8213,0.4212,54.896404,9.784597,108.3,5.845,1.85,335.95,54.895348,9.797490,54.896622,9.784531
1389976754,3,0,0.0,0,0,4,0,713,700,-0.0292,169.6255,6.8213,0.4212,54.896385,9.784603,108.3,5.845,1.85,335.95,54.895348,9.797490,54.896622,9.784531
1389976754,3,0,0.0,0,0,0,0,713,750,-0.0292,169.6255,6.8213,0.4212,54.896366,9.784609,108.3,5.845,1.85,335.95,54.895348,9.797490,54.896622,9.784531
1389976754,3,0,0.0,0,0,4,0,713,700,-0.0292,169.6255,6.8213,0.4212,54.896351,9.784615,108.3,5.845,1.85,335.95,54.895348,9.797490,54.896622,9.784531
1389976755,3,0,0.0,0,0,0,0,713,750,-0.0292,169.6255,6.8213,0.4212,54.896332,9.784620,108.3,5.845,1.85,335.95,54.895348,9.797490,54.896622,9.784531
1389976755,3,0,0.0,0,0,4,0,713,700,-0.0292,169.6255,6.8213,0.4212,54.896313,9.784626,108.3,5.845,1.85,335.95,54.895348,9.797490,54.896622,9.784531
1389976755,3,0,0.0,0,0,0,0,713,750,-0.0292,169.6255,6.8213,0.4212,54.896294,9.784632,108.3,5.845,1.85,335.95,54.895348,9.797490,54.896622,9.784531
1389976755,3,0,0.0,0,0,4,0,713,700,-0.0292,169.6255,6.8213,0.4212,54.896278,9.784637,108.3,5.845,1.85,335.95,54.895348,9.797490,54.896622,9.784531
1389976756,3,0,0.0,0,0,0,0,713,750,-0.0292,169.6255,6.8213,0.4212,54.896259,9.784643,108.3,5.845,1.85,335.95,54.895348,9.797490,54.896622,9.784531
1389976756,3,0,0.0,0,0,4,0,713,700,-0.0292,169.6255,6.8213,0.4212,54.896240,9.784649,108.3,5.845,1.85,335.95,54.895348,9.797490,54.896622,9.784531
1389976756,3,0,0.0,0,0,0,0,713,750,-0.0292,169.6255,6.8213,0.4212,54.896221,9.784655,108.3,5.845,1.85,335.95,54.895348,9.797490,54.896622,9.784531
1389976756,3,0,0.0,0,-20,-4,0,713,700,-0.0292,176.2922,6.8213,0.4212,54.896206,9.784657,108.3,5.845,1.85,335.95,54.895348,9.797490,54.896622,9.784531
1389976757,3,0,0.0,0,-14,-8,0,713,750,-0.0292,180.9588,6.8213,0.4212,54.896187,9.784657,108.3,5.845,1.85,335.95,54.895348,9.797490,54.896622,9.784531
1389976757,3,0,0.0,0,-9,-12,0,713,700,-0.0292,183.9588,6.8213,0.4212,54.896168,9.784656,108.3,5.845,1.85,335.95,54.895348,9.797490,54.896622,9.784531
1389976757,3,0,0.0,0,-6,-8,0,713,750,-0.0292,185.9588,6.8213,0.4212,54.896152,9.784653,108.3,5.845,1.85,335.95,54.895348,9.797490,54.896622,9.784531
1389976757,3,0,0.0,0,-4,-4,0,713,700,-0.0292,187.2922,6.8213,0.4212,54.896133,9.784649,108.3,5.845,1.85,335.95,54.895348,9.797490,54.896622,9.784531
1389976758,3,0,0.0,0,-3,0,0,713,750,-0.0292,188.2922,6.8213,0.4212,54.896114,9.784645,108.3,5.845,1.85,335.95,54.895348,9.797490,54.896622,9.784531
1389976758,3,0,0.0,0,-2,-4,0,713,700,-0.0292,188.9588,6.8213,0.4212,54.896095,9.784640,108.3,5.845,1.85,335.95,54.895348,9.797490,54.896622,9.784531
1389976758,3,0,0.0,0,-1,0,0,713,750,-0.0292,189.2922,6.8213,0.4212,54.896080,9.784636,108.3,5.845,1.85,335.95,54.895348,9.797490,54.896622,9.784531
1389976758,3,0,0.0,0,-1,-4,0,713,700,-0.0292,189.6255,6.8213,0.4212,54.896061,9.784631,108.3,5.845,1.85,335.95,54.895348,9.797490,54.896622,9.784531
1389976759,3,0,0.0,0,0,0,0,713,750,-0.0292,189.6255,6.8213,0.4212,54.896042,9.784625,108.3,5.845,1.85,335.95,54.895348,9.797490,54.896622,9.784531
1389976759,3,0,0.0,0,0,4,0,713,700,-0.0292,189.6255,6.8213,0.4212,54.896023,9.784619,108.3,5.845,1.85,335.95,54.895348,9.797490,54.896622,9.784531
1389976759,3,0,0.0,0,0,0,0,713,750,-0.0292,189.6255,6.8213,0.4212,54.896008,9.784614,108.3,5.845,1.85,335.95,54.895348,9.797490,54.896622,9.784531
1389976759,3,0,0.0,0,0,4,0,713,700,-0.0292,189.6255,6.8213,0.4212,54.895988,9.784609,108.3,5.845,1.85,335.95,54.895348,9.797490,54.896622,9.784531
1389976760,3,0,0.0,0,0,0,0,713,750,-0.0292,189.6255,6.8213,0.4212,54.895969,9.784604,108.3,5.845,1.85,335.95,54.895348,9.797490,54.896622,9.784531
1389976760,3,0,0.0,0,0,4,0,713,700,-0.0292,189.6255,6.8213,0.4212,54.895950,9.784599,108.3,5.845,1.85,335.95,54.895348,9.797490,54.896622,9.784531
1389976760,3,0,0.0,0,0,0,0,713,750,-0.0292,189.6255,6.8213,0.4212,54.895935,9.784595,108.3,5.845,1.85,335.95,54.895348,9.797490,54.896622,9.784531
1389976760,3,0,0.0,0,0,4,0,713,700,-0.0292,189.6255,6.8213,0.4212,54.895916,9.784590,108.3,5.845,1.85,335.95,54.895348,9.797490,54.896622,9.784531
1389976761,3,0,0.0,0,0,0,0,713,750,-0.0292,189.6255,6.8213,0.4212,54.895897,9.784584,108.3,5.845,1.85,335.95,54.895348,9.797490,54.896622,9.784531
1389976761,3,0,0.0,0,0,4,0,713,700,-0.0292,189.6255,6.8213,0.4212,54.895882,9.784578,108.3,5.845,1.85,335.95,54.895348,9.797490,54.896622,9.784531
1389976761,3,0,0.0,0,0,0,0,713,750,-0.0292,189.6255,6.8213,0.4212,54.895863,9.784573,108.3,5.845,1.85,335.95,54.895348,9.797490,54.896622,9.784531
1389976761,3,0,0.0,0,0,4,0,713,700,-0.0292,189.6255,6.8213,0.4212,54.895844,9.784567,108.3,5.845,1.85,335.95,54.895348,9.797490,54.896622,9.784531
1389976762,3,0,0.0,0,0,0,0,713,750,-0.0292,189.6255,6.8213,0.4212,54.895824,9.784562,108.3,5.845,1.85,335.95,54.895348,9.797490,54.896622,9.784531
1389976762,3,0,0.0,0,0,4,0,713,700,-0.0292,189.6255,6.8213,0.4212,54.895809,9.784557,108.3,5.845,1.85,335.95,54.895348,9.797490,54.896622,9.784531
1389976762,3,0,0.0,0,0,0,0,713,750,-0.0292,189.6255,6.8213,0.4212,54.895790,9.784553,108.3,5.845,1.85,335.95,54.895348,9.797490,54.896622,9.784531
1389976762,3,0,0.0,0,0,4,0,713,700,-0.0292,189.6255,6.8213,0.4212,54.895771,9.784548,108.3,5.845,1.85,335.95,54.895348,9.797490,54.896622,9.784531
1389976763,3,0,0.0,0,0,0,0,713,750,-0.0292,189.6255,6.8213,0.4212,54.895752,9.784542,108.3,5.845,1.85,335.95,54.895348,9.797490,54.896622,9.784531
1389976763,3,0,0.0,0,0,4,0,713,700,-0.0292,189.6255,6.8213,0.4212,54.895737,9.784536,108.3,5.845,1.85,335.95,54.895348,9.797490,54.896622,9.784531
1389976763,3,0,0.0,0,0,0,0,713,750,-0.0292,189.6255,6.8213,0.4212,54.895718,9.784531,108.3,5.845,1.85,335.95,54.895348,9.797490,54.896622,9.784531
1389976763,3,0,0.0,0,0,4,0,713,700,-0.0292,189.6255,6.8213,0.4212,54.895699,9.784525,108.3,5.845,1.85,335.95,54.895348,9.797490,54.896622,9.784531
1389976764,3,0,0.0,0,0,0,0,713,750,-0.0292,189.6255,6.8213,0.4212,54.895679,9.784520,108.3,5.845,1.85,335.95,54.895348,9.797490,54.896622,9.784531
1389976764,3,0,0.0,0,0,4,0,713,700,-0.0292,189.6255,6.8213,0.4212,54.895664,9.784515,108.3,5.845,1.85,335.95,54.895348,9.797490,54.896622,9.784531
1389976764,3,0,0.0,0,0,0,0,713,750,-0.0292,189.6255,6.8213,0.4212,54.895645,9.784511,108.3,5.845,1.85,335.95,54.895348,9.797490,54.896622,9.784531
1389976764,3,0,0.0,0,0,4,0,713,700,-0.0292,189.6255,6.8213,0.4212,54.895626,9.784506,108.3,5.845,1.85,335.95,54.895348,9.797490,54.896622,9.784531
1389976765,3,0,0.0,0,0,0,0,713,750,-0.0292,189.6255,6.8213,0.4212,54.895611,9.784500,108.3,5.845,1.85,335.95,54.895348,9.797490,54.896622,9.784531
1389976765,3,0,0.0,0,0,4,0,713,700,-0.0292,189.6255,6.8213,0.4212,54.895592,9.784494,108.3,5.845,1.85,335.95,54.895348,9.797490,54.896622,9.784531
1389976765,3,0,0.0,0,0,0,0,713,750,-0.0292,189.6255,6.8213,0.4212,54.895573,9.784489,108.3,5.845,1.85,335.95,54.895348,9.797490,54.896622,9.784531
1389976765,3,0,0.0,0,0,4,0,713,700,-0.0292,189.6255,6.8213,0.4212,54.895554,9.784483,108.3,5.845,1.85,335.95,54.895348,9.797490,54.896622,9.784531
1389976766,3,0,0.0,0,0,0,0,713,750,-0.0292,189.6255,6.8213,0.4212,54.895538,9.784478,108.3,5.845,1.85,335.95,54.895348,9.797490,54.896622,9.784531
1389976766,3,0,0.0,0,0,4,0,713,700,-0.0292,189.6255,6.8213,0.4212,54.895519,9.784473,108.3,5.845,1.85,335.95,54.895348,9.797490,54.896622,9.784531
1389976766,3,0,0.0,0,0,0,0,713,750,-0.0292,189.6255,6.8213,0.4212,54.895500,9.784469,108.3,5.845,1.85,335.95,54.895348,9.797490,54.896622,9.784531
1389976766,3,0,0.0,0,0,4,0,713,700,-0.0292,189.6255,6.8213,0.4212,54.895481,9.784464,108.3,5.845,1.85,335.95,54.895348,9.797490,54.896622,9.784531
1389976767,3,0,0.0,0,0,0,0,713,750,-0.0292,189.6255,6.8213,0.4212,54.895466,9.784459,108.3,5.845,1.85,335.95,54.895348,9.797490,54.896622,9.784531
1389976767,3,0,0.0,0,0,4,0,713,700,-0.0292,189.6255,6.8213,0.4212,54.895447,9.784453,108.3,5.845,1.85,335.95,54.895348,9.797490,54.896622,9.784531
1389976767,3,0,0.0,0,0,0,0,713,750,-0.0292,189.6255,6.8213,0.4212,54.895428,9.784448,108.3,5.845,1.85,335.95,54.895348,9.797490,54.896622,9.784531
1389976767,3,0,0.0,0,0,4,0,713,700,-0.0292,189.6255,6.8213,0.4212,54.895409,9.784442,108.3,5.845,1.85,335.95,54.895348,9.797490,54.896622,9.784531
1389976768,3,0,0.0,0,0,0,0,713,750,-0.0292,189.6255,6.8213,0.4212,54.895393,9.784437,108.3,5.845,1.85,335.95,54.895348,9.797490,54.896622,9.784531
1389976768,3,0,0.0,0,0,4,0,713,700,-0.0292,189.6255,6.8213,0.4212,54.895374,9.784432,108.3,5.845,1.85,335.95,54.895348,9.797490,54.896622,9.784531
1389976768,3,0,0.0,0,0,0,0,713,750,-0.0292,189.6255,6.8213,0.4212,54.895355,9.784428,108.3,5.845,1.85,335.95,54.895348,9.797490,54.896622,9.784531
1389976768,3,0,0.0,0,0,4,0,713,700,-0.0292,189.6255,6.8213,0.4212,54.895340,9.784423,108.3,5.845,1.85,335.95,54.895348,9.797490,54.896622,9.784531
1389976769,3,0,0.0,0,0,0,0,713,750,-0.0292,189.6255,6.8213,0.4212,54.895321,9.784418,108.3,5.845,1.85,335.95,54.895348,9.797490,54.896622,9.784531
1389976769,3,0,0.0,0,0,4,0,713,700,-0.0292,189.6255,6.8213,0.4212,54.895302,9.784412,108.3,5.845,1.85,335.95,54.895348,9.797490,54.896622,9.784531
1389976769,3,0,0.0,0,0,0,0,713,750,-0.0292,189.6255,6.8213,0.4212,54.895283,9.784407,108.3,5.845,1.85,335.95,54.895348,9.797490,54.896622,9.784531
1389976769,3,0,0.0,0,0,4,0,713,700,-0.0292,189.6255,6.8213,0.4212,54.895267,9.784401,108.3,5.845,1.85,335.95,54.895348,9.797490,54.896622,9.784531
1389976770,3,0,0.0,0,0,0,0,713,750,-0.0292,189.6255,6.8213,0.4212,54.895248,9.784395,108.3,5.845,1.85,335.95,54.895348,9.797490,54.896622,9.784531
1389976770,3,0,0.0,0,0,4,0,713,700,-0.0292,189.6255,6.8213,0.4212,54.895229,9.784390,108.3,5.845,1.85,335.95,54.895348,9.797490,54.896622,9.784531
1389976770,3,0,0.0,0,0,0,0,713,750,-0.0292,189.6255,6.8213,0.4212,54.895210,9.784386,108.3,5.845,1.85,335.95,54.895348,9.797490,54.896622,9.784531
