MCU_timestamp,Navigation_System,Manual_Control,Guidance_Heading,Manual_Ctrl_Rudder,Rudder_Desired_Angle,Rudder_Feedback,Manual_Ctrl_Sail,Sail_Desired_Pos,Sail_Feedback,Rate,Heading,Pitch,Roll,Latitude,Longitude,COG,SOG,Wind_Speed,Wind_Angle,Point_Start_Lat,Point_Start_Lon,Point_End_Lat,Point_End_Lon
1386961076,1,0,150.0,0,10,4,0,713,50,-0.0292,5196.9619,6.8213,0.4212,54.893631,9.791513,108.3,5.845,1.85,0.00,54.893650,9.791501,0.000000,0.000000
1386961076,1,0,150.0,0,7,8,0,713,100,-0.0292,5195.0952,6.8213,0.4212,54.893616,9.791527,108.3,5.845,1.85,0.00,54.893650,9.791501,0.000000,0.000000
1386961076,1,0,150.0,0,5,4,0,713,150,-0.0292,5193.7617,6.8213,0.4212,54.893600,9.791540,108.3,5.845,1.85,0.00,54.893650,9.791501,0.000000,0.000000
1386961077,1,0,150.0,0,4,8,0,713,200,-0.0292,5192.6948,6.8213,0.4212,54.893585,9.791554,108.3,5.845,1.85,0.00,54.893650,9.791501,0.000000,0.000000
1386961077,1,0,150.0,0,3,4,0,0,150,-0.0292,5191.8950,6.8213,0.4212,54.893570,9.791570,108.3,5.845,1.85,0.00,54.893650,9.791501,0.000000,0.000000
1386961077,1,0,150.0,0,2,0,0,0,100,-0.0292,5191.3618,6.8213,0.4212,54.893551,9.791584,108.3,5.845,1.85,0.00,54.893650,9.791501,0.000000,0.000000
1386961077,1,0,150.0,0,1,4,0,0,50,-0.0292,5191.0952,6.8213,0.4212,54.893536,9.791599,108.3,5.845,1.85,0.00,54.893650,9.791501,0.000000,0.000000
1386961078,1,0,150.0,0,1,0,0,0,0,-0.0292,5190.8286,6.8213,0.4212,54.893520,9.791615,108.3,5.845,1.85,0.00,54.893650,9.791501,0.000000,0.000000
1386961078,1,0,150.0,0,1,4,0,0,0,-0.0292,5190.5620,6.8213,0.4212,54.893501,9.791630,108.3,5.845,1.85,0.00,54.893650,9.791501,0.000000,0.000000
1386961078,1,0,210.0,0,-35,0,0,0,0,-0.0292,5199.8955,6.8213,0.4212,54.893482,9.791640,108.3,5.845,1.85,0.00,54.893650,9.791501,0.000000,0.000000
1386961078,1,0,210.0,0,-35,-4,0,0,0,-0.0292,5209.2290,6.8213,0.4212,54.893463,9.791647,108.3,5.845,1.85,0.00,54.893650,9.791501,0.000000,0.000000
1386961079,1,0,210.0,0,-35,-8,0,0,0,-0.0292,5218.5625,6.8213,0.4212,54.893448,9.791647,108.3,5.845,1.85,0.00,54.893650,9.791501,0.000000,0.000000
1386961079,1,0,210.0,0,-31,-12,0,0,0,-0.0292,5226.8291,6.8213,0.4212,54.893429,9.791643,108.3,5.845,1.85,0.00,54.893650,9.791501,0.000000,0.000000
1386961079,1,0,210.0,0,-23,-16,0,0,0,-0.0292,5232.9624,6.8213,0.4212,54.893410,9.791636,108.3,5.845,1.85,0.00,54.893650,9.791501,0.000000,0.000000
1386961079,1,0,210.0,0,-17,-20,0,0,0,-0.0292,5237.4956,6.8213,0.4212,54.893394,9.791627,108.3,5.845,1.85,0.00,54.893650,9.791501,0.000000,0.000000
1386961080,1,0,210.0,0,-13,-16,0,0,0,-0.0292,5240.9624,6.8213,0.4212,54.893379,9.791615,108.3,5.845,1.85,0.00,54.893650,9.791501,0.000000,0.000000
1386961080,1,0,210.0,0,-9,-12,0,0,0,-0.0292,5243.3623,6.8213,0.4212,54.893360,9.791603,108.3,5.845,1.85,0.00,54.893650,9.791501,0.000000,0.000000
1386961080,1,0,210.0,0,-7,-8,0,0,0,-0.0292,5245.2290,6.8213,0.4212,54.893345,9.791590,108.3,5.845,1.85,0.00,54.893650,9.791501,0.000000,0.000000
1386961080,1,0,210.0,0,-5,-4,0,0,0,-0.0292,5246.5625,6.8213,0.4212,54.893330,9.791576,108.3,5.845,1.85,0.00,54.893650,9.791501,0.000000,0.000000
1386961081,1,0,210.0,0,-3,0,0,713,50,-0.0292,5247.3623,6.8213,0.4212,54.893314,9.791562,108.3,5.845,1.85,0.00,54.893650,9.791501,0.000000,0.000000
1386961081,1,0,210.0,0,-3,-4,0,713,100,-0.0292,5248.1621,6.8213,0.4212,54.893299,9.791547,108.3,5.845,1.85,0.00,54.893650,9.791501,0.000000,0.000000
1386961081,1,0,210.0,0,-2,0,0,713,150,-0.0292,5248.6953,6.8213,0.4212,54.893280,9.791532,108.3,5.845,1.85,0.00,54.893650,9.791501,0.000000,0.000000
