MCU_timestamp,Navigation_System,Manual_Control,Guidance_Heading,Manual_Ctrl_Rudder,Rudder_Desired_Angle,Rudder_Feedback,Manual_Ctrl_Sail,Sail_Desired_Pos,Sail_Feedback,Rate,Heading,Pitch,Roll,Latitude,Longitude,COG,SOG,Wind_Speed,Wind_Angle,Point_Start_Lat,Point_Start_Lon,Point_End_Lat,Point_End_Lon
1386951501,0,0,0.0,0,0,16,0,0,0,-0.0292,-211.8412,6.8213,0.4212,54.894348,9.796949,108.3,5.845,1.85,335.95,0.000000,0.000000,0.000000,0.000000
1386951501,0,0,0.0,0,0,16,0,0,0,-0.0292,-211.8412,6.8213,0.4212,54.894348,9.796949,108.3,5.845,1.85,335.95,0.000000,0.000000,0.000000,0.000000
1386951502,0,0,0.0,0,0,16,0,0,0,-0.0292,-211.8412,6.8213,0.4212,54.894348,9.796949,108.3,5.845,1.85,335.95,0.000000,0.000000,0.000000,0.000000
1386951502,0,0,0.0,0,0,16,0,0,0,-0.0292,-211.8412,6.8213,0.4212,54.894348,9.796949,108.3,5.845,1.85,335.95,0.000000,0.000000,0.000000,0.000000
1386951502,0,0,0.0,0,0,16,0,0,0,-0.0292,-211.8412,6.8213,0.4212,54.894348,9.796949,108.3,5.845,1.85,335.95,0.000000,0.000000,0.000000,0.000000
1386951502,0,0,0.0,0,0,16,0,0,0,-0.0292,-211.8412,6.8213,0.4212,54.894348,9.796949,108.3,5.845,1.85,335.95,0.000000,0.000000,0.000000,0.000000
1386951503,0,0,0.0,0,0,16,0,0,0,-0.0292,-211.8412,6.8213,0.4212,54.894348,9.796949,108.3,5.845,1.85,335.95,0.000000,0.000000,0.000000,0.000000
1386951503,0,0,0.0,0,0,16,0,0,0,-0.0292,-211.8412,6.8213,0.4212,54.894348,9.796949,108.3,5.845,1.85,335.95,0.000000,0.000000,0.000000,0.000000
1386951503,0,0,0.0,0,0,16,0,0,0,-0.0292,-211.8412,6.8213,0.4212,54.894348,9.796949,108.3,5.845,1.85,335.95,0.000000,0.000000,0.000000,0.000000
1386951503,0,0,0.0,0,0,16,0,0,0,-0.0292,-211.8412,6.8213,0.4212,54.894348,9.796949,108.3,5.845,1.85,335.95,0.000000,0.000000,0.000000,0.000000
1386951504,0,0,0.0,0,0,16,0,0,0,-0.0292,-211.8412,6.8213,0.4212,54.894348,9.796949,108.3,5.845,1.85,335.95,0.000000,0.000000,0.000000,0.000000
1386951504,0,0,0.0,0,0,16,0,0,0,-0.0292,-211.8412,6.8213,0.4212,54.894348,9.796949,108.3,5.845,1.85,335.95,0.000000,0.000000,0.000000,0.000000
1386951504,0,0,0.0,0,0,16,0,0,0,-0.0292,-211.8412,6.8213,0.4212,54.894348,9.796949,108.3,5.845,1.85,335.95,0.000000,0.000000,0.000000,0.000000
1386951504,0,0,0.0,0,0,16,0,0,0,-0.0292,-211.8412,6.8213,0.4212,54.894348,9.796949,108.3,5.845,1.85,335.95,0.000000,0.000000,0.000000,0.000000
1386951505,0,0,0.0,0,0,16,0,0,0,-0.0292,-211.8412,6.8213,0.4212,54.894348,9.796949,108.3,5.845,1.85,335.95,0.000000,0.000000,0.000000,0.000000
1386951505,0,0,0.0,0,0,16,0,0,0,-0.0292,-211.8412,6.8213,0.4212,54.894348,9.796949,108.3,5.845,1.85,335.95,0.000000,0.000000,0.000000,0.000000
1386951505,4,0,0.0,0,0,16,0,0,0,-0.0292,-211.8412,6.8213,0.4212,54.894348,9.796949,108.3,5.845,1.85,335.95,0.000000,0.000000,0.000000,0.000000
1386951506,1,0,485.9,0,22,20,0,0,500,-0.0292,-217.7078,6.8213,0.4212,54.894333,9.796968,108.3,5.845,1.85,335.95,54.894348,9.796949,54.895069,9.793790
1386951506,1,0,485.9,0,16,16,0,713,550,-0.0292,-221.9745,6.8213,0.4212,54.894318,9.796989,108.3,5.845,1.85,335.95,54.894348,9.796949,54.895069,9.793790
1386951506,1,0,485.9,0,12,12,0,713,600,-0.0292,-225.1745,6.8213,0.4212,54.894306,9.797011,108.3,5.845,1.85,335.95,54.894348,9.796949,54.895069,9.793790
1386951506,1,0,485.9,0,9,8,0,713,650,-0.0292,-227.5745,6.8213,0.4212,54.894295,9.797034,108.3,5.845,1.85,335.95,54.894348,9.796949,54.895069,9.793790
1386951507,1,0,485.9,0,6,4,0,713,700,-0.0292,-229.1745,6.8213,0.4212,54.894283,9.797058,108.3,5.845,1.85,335.95,54.894348,9.796949,54.895069,9.793790
1386951507,1,0,485.9,0,5,8,0,713,750,-0.0292,-230.5078,6.8213,0.4212,54.894268,9.797082,108.3,5.845,1.85,335.95,54.894348,9.796949,54.895069,9.793790
1386951507,1,0,485.9,0,4,4,0,0,700,-0.0292,-231.5745,6.8213,0.4212,54.894257,9.797107,108.3,5.845,1.85,335.95,54.894348,9.796949,54.895069,9.793790
1386951507,1,0,485.9,0,2,0,0,0,650,-0.0292,-232.1078,6.8213,0.4212,54.894249,9.797132,108.3,5.845,1.85,335.95,54.894348,9.796949,54.895069,9.793790
1386951508,1,0,485.9,0,2,4,0,0,600,-0.0292,-232.6412,6.8213,0.4212,54.894238,9.797157,108.3,5.845,1.85,335.95,54.894348,9.796949,54.895069,9.793790
1386951508,1,0,485.9,0,1,0,0,0,550,-0.0292,-232.9078,6.8213,0.4212,54.894226,9.797182,108.3,5.845,1.85,335.95,54.894348,9.796949,54.895069,9.793790
1386951508,1,0,485.9,0,1,4,0,0,500,-0.0292,-233.1745,6.8213,0.4212,54.894215,9.797207,108.3,5.845,1.85,335.95,54.894348,9.796949,54.895069,9.793790
1386951508,1,0,485.9,0,1,0,0,0,450,-0.0292,-233.4411,6.8213,0.4212,54.894203,9.797233,108.3,5.845,1.85,335.95,54.894348,9.796949,54.895069,9.793790
1386951509,1,0,485.9,0,1,4,0,0,400,-0.0292,-233.7078,6.8213,0.4212,54.894196,9.797257,108.3,5.845,1.85,335.95,54.894348,9.796949,54.895069,9.793790
1386951509,1,0,485.9,0,0,0,0,0,350,-0.0292,-233.7078,6.8213,0.4212,54.894184,9.797283,108.3,5.845,1.85,335.95,54.894348,9.796949,54.895069,9.793790
1386951509,1,0,485.9,0,0,4,0,0,300,-0.0292,-233.7078,6.8213,0.4212,54.894173,9.797308,108.3,5.845,1.85,335.95,54.894348,9.796949,54.895069,9.793790
1386951509,1,0,485.9,0,0,0,0,0,250,-0.0292,-233.7078,6.8213,0.4212,54.894161,9.797333,108.3,5.845,1.85,335.95,54.894348,9.796949,54.895069,9.793790
1386951510,1,0,485.9,0,0,4,0,0,200,-0.0292,-233.7078,6.8213,0.4212,54.894150,9.797359,108.3,5.845,1.85,335.95,54.894348,9.796949,54.895069,9.793790
1386951510,1,0,485.9,0,0,0,0,0,150,-0.0292,-233.7078,6.8213,0.4212,54.894138,9.797383,108.3,5.845,1.85,335.95,54.894348,9.796949,54.895069,9.793790
1386951510,1,0,485.9,0,0,4,0,0,100,-0.0292,-233.7078,6.8213,0.4212,54.894127,9.797409,108.3,5.845,1.85,335.95,54.894348,9.796949,54.895069,9.793790
1386951510,1,0,485.9,0,0,0,0,0,50,-0.0292,-233.7078,6.8213,0.4212,54.894115,9.797434,108.3,5.845,1.85,335.95,54.894348,9.796949,54.895069,9.793790
1386951511,1,0,485.9,0,0,4,0,0,0,-0.0292,-233.7078,6.8213,0.4212,54.894104,9.797459,108.3,5.845,1.85,335.95,54.894348,9.796949,54.895069,9.793790
1386951511,1,0,485.9,0,0,0,0,0,0,-0.0292,-233.7078,6.8213,0.4212,54.894096,9.797483,108.3,5.845,1.85,335.95,54.894348,9.796949,54.895069,9.793790
1386951511,1,0,545.9,0,-35,-4,0,0,0,-0.0292,-224.3745,6.8213,0.4212,54.894085,9.797505,108.3,5.845,1.85,335.95,54.894348,9.796949,54.895069,9.793790
1386951511,1,0,545.9,0,-35,-8,0,0,0,-0.0292,-215.0412,6.8213,0.4212,54.894073,9.797523,108.3,5.845,1.85,335.95,54.894348,9.796949,54.895069,9.793790
1386951512,1,0,545.9,0,-35,-12,0,0,0,-0.0292,-205.7078,6.8213,0.4212,54.894058,9.797537,108.3,5.845,1.85,335.95,54.894348,9.796949,54.895069,9.793790
1386951512,1,0,545.9,0,-32,-16,0,0,0,-0.0292,-197.1745,6.8213,0.4212,54.894043,9.797546,108.3,5.845,1.85,335.95,54.894348,9.796949,54.895069,9.793790
1386951512,1,0,545.9,0,-23,-20,0,0,0,-0.0292,-191.0412,6.8213,0.4212,54.894024,9.797552,108.3,5.845,1.85,335.95,54.894348,9.796949,54.895069,9.793790
1386951512,1,0,545.9,0,-17,-16,0,0,0,-0.0292,-186.5078,6.8213,0.4212,54.894005,9.797556,108.3,5.845,1.85,335.95,54.894348,9.796949,54.895069,9.793790
1386951513,1,0,545.9,0,-12,-12,0,0,0,-0.0292,-183.3078,6.8213,0.4212,54.893990,9.797558,108.3,5.845,1.85,335.95,54.894348,9.796949,54.895069,9.793790
1386951513,1,0,545.9,0,-9,-8,0,0,0,-0.0292,-180.9078,6.8213,0.4212,54.893970,9.797559,108.3,5.845,1.85,335.95,54.894348,9.796949,54.895069,9.793790
1386951513,1,0,545.9,0,-7,-4,0,0,0,-0.0292,-179.0412,6.8213,0.4212,54.893951,9.797559,108.3,5.845,1.85,335.95,54.894348,9.796949,54.895069,9.793790
1386951513,1,0,545.9,0,-5,-8,0,0,0,-0.0292,-177.7078,6.8213,0.4212,54.893932,9.797558,108.3,5.845,1.85,335.95,54.894348,9.796949,54.895069,9.793790
1386951514,1,0,545.9,0,-4,-4,0,713,50,-0.0292,-176.6412,6.8213,0.4212,54.893917,9.797557,108.3,5.845,1.85,335.95,54.894348,9.796949,54.895069,9.793790
1386951514,1,0,545.9,0,-3,0,0,713,100,-0.0292,-175.8412,6.8213,0.4212,54.893898,9.797555,108.3,5.845,1.85,335.95,54.894348,9.796949,54.895069,9.793790
1386951514,1,0,545.9,0,-2,-4,0,713,150,-0.0292,-175.3078,6.8213,0.4212,54.893879,9.797553,108.3,5.845,1.85,335.95,54.894348,9.796949,54.895069,9.793790
1386951514,1,0,545.9,0,-1,0,0,713,200,-0.0292,-175.0412,6.8213,0.4212,54.893860,9.797550,108.3,5.845,1.85,335.95,54.894348,9.796949,54.895069,9.793790
1386951515,1,0,545.9,0,-1,-4,0,713,250,-0.0292,-174.7745,6.8213,0.4212,54.893845,9.797547,108.3,5.845,1.85,335.95,54.894348,9.796949,54.895069,9.793790
1386951515,1,0,545.9,0,-1,0,0,713,300,-0.0292,-174.5078,6.8213,0.4212,54.893826,9.797544,108.3,5.845,1.85,335.95,54.894348,9.796949,54.895069,9.793790
1386951515,1,0,545.9,0,0,4,0,713,350,-0.0292,-174.5078,6.8213,0.4212,54.893806,9.797542,108.3,5.845,1.85,335.95,54.894348,9.796949,54.895069,9.793790
1386951515,1,0,280.9,0,-35,0,0,713,400,-0.0292,-165.1745,6.8213,0.4212,54.893791,9.797534,108.3,5.845,1.85,335.95,54.894348,9.796949,54.895069,9.793790
1386951516,1,0,280.9,0,-35,-4,0,713,450,-0.0292,-155.8412,6.8213,0.4212,54.893772,9.797521,108.3,5.845,1.85,335.95,54.894348,9.796949,54.895069,9.793790
1386951516,1,0,390.9,0,35,0,0,870,500,-0.0292,-165.1745,6.8213,0.4212,54.893753,9.797512,108.3,5.845,1.85,335.95,54.894348,9.796949,54.895069,9.793790
1386951516,1,0,390.9,0,35,4,0,713,550,-0.0292,-174.5078,6.8213,0.4212,54.893734,9.797509,108.3,5.845,1.85,335.95,54.894348,9.796949,54.895069,9.793790
1386951516,1,0,390.9,0,35,8,0,713,600,-0.0292,-183.8412,6.8213,0.4212,54.893719,9.797511,108.3,5.845,1.85,335.95,54.894348,9.796949,54.895069,9.793790
1386951517,1,0,390.9,0,35,12,0,713,650,-0.0292,-193.1745,6.8213,0.4212,54.893700,9.797519,108.3,5.845,1.85,335.95,54.894348,9.796949,54.895069,9.793790
1386951517,1,0,390.9,0,35,16,0,713,700,-0.0292,-202.5078,6.8213,0.4212,54.893681,9.797530,108.3,5.845,1.85,335.95,54.894348,9.796949,54.895069,9.793790
1386951517,1,0,390.9,0,35,20,0,0,650,-0.0292,-211.8411,6.8213,0.4212,54.893665,9.797546,108.3,5.845,1.85,335.95,54.894348,9.796949,54.895069,9.793790
1386951517,1,0,390.9,0,35,24,0,0,600,-0.0292,-221.1745,6.8213,0.4212,54.893654,9.797567,108.3,5.845,1.85,335.95,54.894348,9.796949,54.895069,9.793790
1386951518,1,0,390.9,0,35,28,0,713,650,-0.0292,-230.5078,6.8213,0.4212,54.893642,9.797591,108.3,5.845,1.85,335.95,54.894348,9.796949,54.895069,9.793790
1386951518,1,0,390.9,0,35,32,0,713,700,-0.0292,-239.8411,6.8213,0.4212,54.893631,9.797619,108.3,5.845,1.85,335.95,54.894348,9.796949,54.895069,9.793790
1386951518,1,0,390.9,0,35,36,0,713,750,-0.0292,-249.1745,6.8213,0.4212,54.893623,9.797647,108.3,5.845,1.85,335.95,54.894348,9.796949,54.895069,9.793790
1386951518,1,0,390.9,0,35,32,0,870,800,-0.0292,-258.5078,6.8213,0.4212,54.893620,9.797678,108.3,5.845,1.85,335.95,54.894348,9.796949,54.895069,9.793790
1386951519,1,0,390.9,0,35,36,0,870,850,-0.0292,-267.8411,6.8213,0.4212,54.893616,9.797709,108.3,5.845,1.85,335.95,54.894348,9.796949,54.895069,9.793790
1386951519,1,0,390.9,0,35,32,0,805,800,-0.0292,-277.1745,6.8213,0.4212,54.893620,9.797740,108.3,5.845,1.85,335.95,54.894348,9.796949,54.895069,9.793790
1386951519,1,0,390.9,0,35,36,0,665,750,-0.0292,-286.5078,6.8213,0.4212,54.893623,9.797770,108.3,5.845,1.85,335.95,54.894348,9.796949,54.895069,9.793790
1386951519,1,0,390.9,0,35,32,0,519,700,-0.0292,-295.8412,6.8213,0.4212,54.893631,9.797798,108.3,5.845,1.85,335.95,54.894348,9.796949,54.895069,9.793790
1386951520,1,0,390.9,0,33,36,0,370,650,-0.0292,-304.6411,6.8213,0.4212,54.893642,9.797824,108.3,5.845,1.85,335.95,54.894348,9.796949,54.895069,9.793790
1386951520,1,0,390.9,0,24,32,0,233,600,-0.0292,-311.0411,6.8213,0.4212,54.893654,9.797847,108.3,5.845,1.85,335.95,54.894348,9.796949,54.895069,9.793790
1386951520,1,0,390.9,0,18,28,0,142,550,-0.0292,-315.8411,6.8213,0.4212,54.893665,9.797869,108.3,5.845,1.85,335.95,54.894348,9.796949,54.895069,9.793790
1386951520,1,0,390.9,0,13,24,0,82,500,-0.0292,-319.3078,6.8213,0.4212,54.893681,9.797889,108.3,5.845,1.85,335.95,54.894348,9.796949,54.895069,9.793790
1386951521,1,0,390.9,0,10,20,0,47,450,-0.0292,-321.9745,6.8213,0.4212,54.893696,9.797908,108.3,5.845,1.85,335.95,54.894348,9.796949,54.895069,9.793790
1386951521,1,0,390.9,0,7,16,0,25,400,-0.0292,-323.8411,6.8213,0.4212,54.893707,9.797926,108.3,5.845,1.85,335.95,54.894348,9.796949,54.895069,9.793790
1386951521,1,0,390.9,0,5,12,0,14,350,-0.0292,-325.1745,6.8213,0.4212,54.893723,9.797944,108.3,5.845,1.85,335.95,54.894348,9.796949,54.895069,9.793790
1386951521,1,0,390.9,0,4,8,0,7,300,-0.0292,-326.2411,6.8213,0.4212,54.893738,9.797962,108.3,5.845,1.85,335.95,54.894348,9.796949,54.895069,9.793790
1386951522,1,0,390.9,0,3,4,0,4,250,-0.0292,-327.0411,6.8213,0.4212,54.893753,9.797979,108.3,5.845,1.85,335.95,54.894348,9.796949,54.895069,9.793790
1386951522,1,0,390.9,0,2,0,0,2,200,-0.0292,-327.5745,6.8213,0.4212,54.893768,9.797997,108.3,5.845,1.85,335.95,54.894348,9.796949,54.895069,9.793790
1386951522,1,0,390.9,0,1,4,0,1,150,-0.0292,-327.8411,6.8213,0.4212,54.893784,9.798013,108.3,5.845,1.85,335.95,54.894348,9.796949,54.895069,9.793790
1386951522,1,0,390.9,0,1,0,0,0,100,-0.0292,-328.1078,6.8213,0.4212,54.893799,9.798029,108.3,5.845,1.85,335.95,54.894348,9.796949,54.895069,9.793790
1386951523,1,0,390.9,0,1,4,0,0,50,-0.0292,-328.3745,6.8213,0.4212,54.893814,9.798046,108.3,5.845,1.85,335.95,54.894348,9.796949,54.895069,9.793790
1386951523,1,0,390.9,0,1,0,0,0,0,-0.0292,-328.6411,6.8213,0.4212,54.893833,9.798062,108.3,5.845,1.85,335.95,54.894348,9.796949,54.895069,9.793790
1386951523,1,0,390.9,0,0,4,0,0,0,-0.0292,-328.6411,6.8213,0.4212,54.893848,9.798079,108.3,5.845,1.85,335.95,54.894348,9.796949,54.895069,9.793790
1386951523,1,0,390.9,0,0,0,0,0,0,-0.0292,-328.6411,6.8213,0.4212,54.893864,9.798095,108.3,5.845,1.85,335.95,54.894348,9.796949,54.895069,9.793790
1386951524,1,0,390.9,0,0,4,0,0,0,-0.0292,-328.6411,6.8213,0.4212,54.893883,9.798111,108.3,5.845,1.85,335.95,54.894348,9.796949,54.895069,9.793790
1386951524,1,0,390.9,0,0,0,0,0,0,-0.0292,-328.6411,6.8213,0.4212,54.893898,9.798127,108.3,5.845,1.85,335.95,54.894348,9.796949,54.895069,9.793790
1386951524,1,0,390.9,0,0,4,0,0,0,-0.0292,-328.6411,6.8213,0.4212,54.893913,9.798143,108.3,5.845,1.85,335.95,54.894348,9.796949,54.895069,9.793790
1386951524,1,0,390.9,0,0,0,0,0,0,-0.0292,-328.6411,6.8213,0.4212,54.893925,9.798160,108.3,5.845,1.85,335.95,54.894348,9.796949,54.895069,9.793790
1386951525,1,0,390.9,0,0,4,0,0,0,-0.0292,-328.6411,6.8213,0.4212,54.893940,9.798177,108.3,5.845,1.85,335.95,54.894348,9.796949,54.895069,9.793790
1386951525,1,0,390.9,0,0,0,0,0,0,-0.0292,-328.6411,6.8213,0.4212,54.893955,9.798193,108.3,5.845,1.85,335.95,54.894348,9.796949,54.895069,9.793790
1386951525,1,0,390.9,0,0,4,0,0,0,-0.0292,-328.6411,6.8213,0.4212,54.893970,9.798209,108.3,5.845,1.85,335.95,54.894348,9.796949,54.895069,9.793790
1386951525,1,0,390.9,0,0,0,0,0,0,-0.0292,-328.6411,6.8213,0.4212,54.893986,9.798225,108.3,5.845,1.85,335.95,54.894348,9.796949,54.895069,9.793790
1386951526,1,0,390.9,0,0,4,0,0,0,-0.0292,-328.6411,6.8213,0.4212,54.894005,9.798242,108.3,5.845,1.85,335.95,54.894348,9.796949,54.895069,9.793790
1386951526,1,0,390.9,0,0,0,0,0,0,-0.0292,-328.6411,6.8213,0.4212,54.894020,9.798258,108.3,5.845,1.85,335.95,54.894348,9.796949,54.895069,9.793790
1386951526,1,0,390.9,0,0,4,0,0,0,-0.0292,-328.6411,6.8213,0.4212,54.894035,9.798274,108.3,5.845,1.85,335.95,54.894348,9.796949,54.895069,9.793790
1386951526,1,0,390.9,0,0,0,0,0,0,-0.0292,-328.6411,6.8213,0.4212,54.894054,9.798290,108.3,5.845,1.85,335.95,54.894348,9.796949,54.895069,9.793790
1386951527,1,0,390.9,0,0,4,0,0,0,-0.0292,-328.6411,6.8213,0.4212,54.894070,9.798306,108.3,5.845,1.85,335.95,54.894348,9.796949,54.895069,9.793790
1386951527,1,0,390.9,0,0,0,0,0,0,-0.0292,-328.6411,6.8213,0.4212,54.894085,9.798323,108.3,5.845,1.85,335.95,54.894348,9.796949,54.895069,9.793790
1386951527,1,0,390.9,0,0,4,0,0,0,-0.0292,-328.6411,6.8213,0.4212,54.894104,9.798339,108.3,5.845,1.85,335.95,54.894348,9.796949,54.895069,9.793790
1386951527,1,0,390.9,0,0,0,0,0,0,-0.0292,-328.6411,6.8213,0.4212,54.894119,9.798355,108.3,5.845,1.85,335.95,54.894348,9.796949,54.895069,9.793790
1386951528,1,0,390.9,0,0,4,0,0,0,-0.0292,-328.6411,6.8213,0.4212,54.894135,9.798371,108.3,5.845,1.85,335.95,54.894348,9.796949,54.895069,9.793790
1386951528,1,0,390.9,0,0,0,0,0,0,-0.0292,-328.6411,6.8213,0.4212,54.894146,9.798388,108.3,5.845,1.85,335.95,54.894348,9.796949,54.895069,9.793790
1386951528,1,0,390.9,0,0,4,0,0,0,-0.0292,-328.6411,6.8213,0.4212,54.894161,9.798404,108.3,5.845,1.85,335.95,54.894348,9.796949,54.895069,9.793790
1386951528,1,0,390.9,0,0,0,0,0,0,-0.0292,-328.6411,6.8213,0.4212,54.894176,9.798420,108.3,5.845,1.85,335.95,54.894348,9.796949,54.895069,9.793790
1386951529,1,0,390.9,0,0,4,0,0,0,-0.0292,-328.6411,6.8213,0.4212,54.894192,9.798436,108.3,5.845,1.85,335.95,54.894348,9.796949,54.895069,9.793790
1386951529,1,0,390.9,0,0,0,0,0,0,-0.0292,-328.6411,6.8213,0.4212,54.894207,9.798452,108.3,5.845,1.85,335.95,54.894348,9.796949,54.895069,9.793790
1386951529,1,0,390.9,0,0,4,0,0,0,-0.0292,-328.6411,6.8213,0.4212,54.894226,9.798469,108.3,5.845,1.85,335.95,54.894348,9.796949,54.895069,9.793790
1386951529,1,0,390.9,0,0,0,0,0,0,-0.0292,-328.6411,6.8213,0.4212,54.894241,9.798485,108.3,5.845,1.85,335.95,54.894348,9.796949,54.895069,9.793790
1386951530,1,0,390.9,0,0,4,0,0,0,-0.0292,-328.6411,6.8213,0.4212,54.894257,9.798501,108.3,5.845,1.85,335.95,54.894348,9.796949,54.895069,9.793790
1386951530,1,0,390.9,0,0,0,0,0,0,-0.0292,-328.6411,6.8213,0.4212,54.894276,9.798517,108.3,5.845,1.85,335.95,54.894348,9.796949,54.895069,9.793790
1386951530,1,0,390.9,0,0,4,0,0,0,-0.0292,-328.6411,6.8213,0.4212,54.894291,9.798533,108.3,5.845,1.85,335.95,54.894348,9.796949,54.895069,9.793790
1386951530,1,0,390.9,0,0,0,0,0,0,-0.0292,-328.6411,6.8213,0.4212,54.894306,9.798550,108.3,5.845,1.85,335.95,54.894348,9.796949,54.895069,9.793790
1386951531,1,0,390.9,0,0,4,0,0,0,-0.0292,-328.6411,6.8213,0.4212,54.894325,9.798566,108.3,5.845,1.85,335.95,54.894348,9.796949,54.895069,9.793790
1386951531,1,0,390.9,0,0,0,0,0,0,-0.0292,-328.6411,6.8213,0.4212,54.894341,9.798582,108.3,5.845,1.85,335.95,54.894348,9.796949,54.895069,9.793790
1386951531,1,0,390.9,0,0,4,0,0,0,-0.0292,-328.6411,6.8213,0.4212,54.894356,9.798598,108.3,5.845,1.85,335.95,54.894348,9.796949,54.895069,9.793790
1386951531,1,0,390.9,0,0,0,0,0,0,-0.0292,-328.6411,6.8213,0.4212,54.894367,9.798615,108.3,5.845,1.85,335.95,54.894348,9.796949,54.895069,9.793790
1386951532,1,0,390.9,0,0,4,0,0,0,-0.0292,-328.6411,6.8213,0.4212,54.894382,9.798631,108.3,5.845,1.85,335.95,54.894348,9.796949,54.895069,9.793790
1386951532,1,0,390.9,0,0,0,0,0,0,-0.0292,-328.6411,6.8213,0.4212,54.894398,9.798647,108.3,5.845,1.85,335.95,54.894348,9.796949,54.895069,9.793790
1386951532,1,0,390.9,0,0,4,0,0,0,-0.0292,-328.6411,6.8213,0.4212,54.894413,9.798663,108.3,5.845,1.85,335.95,54.894348,9.796949,54.895069,9.793790
1386951532,1,0,390.9,0,0,0,0,0,0,-0.0292,-328.6411,6.8213,0.4212,54.894428,9.798679,108.3,5.845,1.85,335.95,54.894348,9.796949,54.895069,9.793790
1386951533,1,0,390.9,0,0,4,0,0,0,-0.0292,-328.6411,6.8213,0.4212,54.894447,9.798696,108.3,5.845,1.85,335.95,54.894348,9.796949,54.895069,9.793790
1386951533,1,0,390.9,0,0,0,0,0,0,-0.0292,-328.6411,6.8213,0.4212,54.894463,9.798712,108.3,5.845,1.85,335.95,54.894348,9.796949,54.895069,9.793790
1386951533,1,0,390.9,0,0,4,0,0,0,-0.0292,-328.6411,6.8213,0.4212,54.894478,9.798728,108.3,5.845,1.85,335.95,54.894348,9.796949,54.895069,9.793790
1386951533,1,0,390.9,0,0,0,0,0,0,-0.0292,-328.6411,6.8213,0.4212,54.894497,9.798744,108.3,5.845,1.85,335.95,54.894348,9.796949,54.895069,9.793790
1386951534,1,0,390.9,0,0,4,0,0,0,-0.0292,-328.6411,6.8213,0.4212,54.894512,9.798760,108.3,5.845,1.85,335.95,54.894348,9.796949,54.895069,9.793790
1386951534,1,0,390.9,0,0,0,0,0,0,-0.0292,-328.6411,6.8213,0.4212,54.894527,9.798778,108.3,5.845,1.85,335.95,54.894348,9.796949,54.895069,9.793790
1386951534,1,0,390.9,0,0,4,0,0,0,-0.0292,-328.6411,6.8213,0.4212,54.894547,9.798794,108.3,5.845,1.85,335.95,54.894348,9.796949,54.895069,9.793790
1386951534,1,0,280.9,0,35,8,0,0,0,-0.0292,-337.9745,6.8213,0.4212,54.894566,9.798806,108.3,5.845,1.85,335.95,54.894348,9.796949,54.895069,9.793790
1386951535,1,0,280.9,0,35,12,0,0,0,-0.0292,-347.3078,6.8213,0.4212,54.894585,9.798813,108.3,5.845,1.85,335.95,54.894348,9.796949,54.895069,9.793790
1386951535,1,0,280.9,0,35,16,0,0,0,-0.0292,-356.6411,6.8213,0.4212,54.894604,9.798815,108.3,5.845,1.85,335.95,54.894348,9.796949,54.895069,9.793790
1386951535,1,0,280.9,0,35,20,0,0,0,-0.0292,-365.9745,6.8213,0.4212,54.894619,9.798811,108.3,5.845,1.85,335.95,54.894348,9.796949,54.895069,9.793790
1386951535,1,0,280.9,0,35,24,0,0,0,-0.0292,-375.3078,6.8213,0.4212,54.894638,9.798802,108.3,5.845,1.85,335.95,54.894348,9.796949,54.895069,9.793790
1386951536,1,0,280.9,0,35,28,0,0,0,-0.0292,-384.6412,6.8213,0.4212,54.894653,9.798790,108.3,5.845,1.85,335.95,54.894348,9.796949,54.895069,9.793790
1386951536,1,0,280.9,0,35,32,0,0,0,-0.0292,-393.9745,6.8213,0.4212,54.894665,9.798773,108.3,5.845,1.85,335.95,54.894348,9.796949,54.895069,9.793790
1386951536,1,0,280.9,0,35,36,0,0,0,-0.0292,-403.3079,6.8213,0.4212,54.894680,9.798751,108.3,5.845,1.85,335.95,54.894348,9.796949,54.895069,9.793790
1386951536,1,0,280.9,0,35,32,0,0,0,-0.0292,-412.6412,6.8213,0.4212,54.894691,9.798726,108.3,5.845,1.85,335.95,54.894348,9.796949,54.895069,9.793790
1386951537,1,0,280.9,0,26,28,0,0,0,-0.0292,-419.5745,6.8213,0.4212,54.894703,9.798698,108.3,5.845,1.85,335.95,54.894348,9.796949,54.895069,9.793790
1386951537,1,0,280.9,0,19,24,0,0,0,-0.0292,-424.6412,6.8213,0.4212,54.894711,9.798670,108.3,5.845,1.85,335.95,54.894348,9.796949,54.895069,9.793790
1386951537,1,0,280.9,0,14,20,0,0,0,-0.0292,-428.3745,6.8213,0.4212,54.894718,9.798641,108.3,5.845,1.85,335.95,54.894348,9.796949,54.895069,9.793790
1386951537,1,0,280.9,0,11,16,0,0,0,-0.0292,-431.3079,6.8213,0.4212,54.894726,9.798612,108.3,5.845,1.85,335.95,54.894348,9.796949,54.895069,9.793790
1386951538,1,0,280.9,0,8,12,0,0,0,-0.0292,-433.4412,6.8213,0.4212,54.894730,9.798582,108.3,5.845,1.85,335.95,54.894348,9.796949,54.895069,9.793790
1386951538,1,0,280.9,0,6,8,0,0,0,-0.0292,-435.0412,6.8213,0.4212,54.894733,9.798553,108.3,5.845,1.85,335.95,54.894348,9.796949,54.895069,9.793790
1386951538,1,0,280.9,0,4,4,0,0,0,-0.0292,-436.1079,6.8213,0.4212,54.894737,9.798522,108.3,5.845,1.85,335.95,54.894348,9.796949,54.895069,9.793790
1386951538,1,0,280.9,0,3,0,0,0,0,-0.0292,-436.9079,6.8213,0.4212,54.894741,9.798491,108.3,5.845,1.85,335.95,54.894348,9.796949,54.895069,9.793790
1386951539,1,0,280.9,0,2,4,0,0,0,-0.0292,-437.4412,6.8213,0.4212,54.894745,9.798461,108.3,5.845,1.85,335.95,54.894348,9.796949,54.895069,9.793790
1386951539,1,0,280.9,0,2,0,0,0,0,-0.0292,-437.9745,6.8213,0.4212,54.894749,9.798430,108.3,5.845,1.85,335.95,54.894348,9.796949,54.895069,9.793790
1386951539,1,0,280.9,0,1,4,0,0,0,-0.0292,-438.2412,6.8213,0.4212,54.894756,9.798400,108.3,5.845,1.85,335.95,54.894348,9.796949,54.895069,9.793790
1386951539,1,0,280.9,0,1,0,0,0,0,-0.0292,-438.5078,6.8213,0.4212,54.894760,9.798369,108.3,5.845,1.85,335.95,54.894348,9.796949,54.895069,9.793790
1386951540,1,0,280.9,0,1,4,0,0,0,-0.0292,-438.7745,6.8213,0.4212,54.894764,9.798339,108.3,5.845,1.85,335.95,54.894348,9.796949,54.895069,9.793790
1386951540,1,0,280.9,0,0,0,0,0,0,-0.0292,-438.7745,6.8213,0.4212,54.894768,9.798308,108.3,5.845,1.85,335.95,54.894348,9.796949,54.895069,9.793790
1386951540,1,0,280.9,0,0,4,0,0,0,-0.0292,-438.7745,6.8213,0.4212,54.894772,9.798278,108.3,5.845,1.85,335.95,54.894348,9.796949,54.895069,9.793790
1386951540,1,0,280.9,0,0,0,0,0,0,-0.0292,-438.7745,6.8213,0.4212,54.894775,9.798247,108.3,5.845,1.85,335.95,54.894348,9.796949,54.895069,9.793790
1386951541,1,0,280.9,0,0,4,0,0,0,-0.0292,-438.7745,6.8213,0.4212,54.894775,9.798216,108.3,5.845,1.85,335.95,54.894348,9.796949,54.895069,9.793790
1386951541,1,0,280.9,0,0,0,0,0,0,-0.0292,-438.7745,6.8213,0.4212,54.894775,9.798185,108.3,5.845,1.85,335.95,54.894348,9.796949,54.895069,9.793790
1386951541,1,0,280.9,0,0,4,0,0,0,-0.0292,-438.7745,6.8213,0.4212,54.894775,9.798155,108.3,5.845,1.85,335.95,54.894348,9.796949,54.895069,9.793790
1386951542,1,0,280.9,0,0,0,0,0,0,-0.0292,-438.7745,6.8213,0.4212,54.894775,9.798124,108.3,5.845,1.85,335.95,54.894348,9.796949,54.895069,9.793790
1386951542,1,0,280.9,0,0,4,0,0,0,-0.0292,-438.7745,6.8213,0.4212,54.894775,9.798094,108.3,5.845,1.85,335.95,54.894348,9.796949,54.895069,9.793790
1386951542,1,0,280.9,0,0,0,0,0,0,-0.0292,-438.7745,6.8213,0.4212,54.894775,9.798063,108.3,5.845,1.85,335.95,54.894348,9.796949,54.895069,9.793790
1386951542,1,0,280.9,0,0,4,0,0,0,-0.0292,-438.7745,6.8213,0.4212,54.894775,9.798033,108.3,5.845,1.85,335.95,54.894348,9.796949,54.895069,9.793790
1386951543,1,0,280.9,0,0,0,0,0,0,-0.0292,-438.7745,6.8213,0.4212,54.894775,9.798001,108.3,5.845,1.85,335.95,54.894348,9.796949,54.895069,9.793790
1386951543,1,0,280.9,0,0,4,0,0,0,-0.0292,-438.7745,6.8213,0.4212,54.894775,9.797971,108.3,5.845,1.85,335.95,54.894348,9.796949,54.895069,9.793790
1386951543,1,0,280.9,0,0,0,0,0,0,-0.0292,-438.7745,6.8213,0.4212,54.894775,9.797940,108.3,5.845,1.85,335.95,54.894348,9.796949,54.895069,9.793790
1386951543,1,0,280.9,0,0,4,0,0,0,-0.0292,-438.7745,6.8213,0.4212,54.894775,9.797910,108.3,5.845,1.85,335.95,54.894348,9.796949,54.895069,9.793790
1386951544,1,0,280.9,0,0,0,0,0,0,-0.0292,-438.7745,6.8213,0.4212,54.894775,9.797879,108.3,5.845,1.85,335.95,54.894348,9.796949,54.895069,9.793790
1386951544,1,0,280.9,0,0,4,0,0,0,-0.0292,-438.7745,6.8213,0.4212,54.894775,9.797849,108.3,5.845,1.85,335.95,54.894348,9.796949,54.895069,9.793790
1386951544,1,0,280.9,0,0,0,0,0,0,-0.0292,-438.7745,6.8213,0.4212,54.894775,9.797818,108.3,5.845,1.85,335.95,54.894348,9.796949,54.895069,9.793790
1386951544,1,0,280.9,0,0,4,0,0,0,-0.0292,-438.7745,6.8213,0.4212,54.894775,9.797787,108.3,5.845,1.85,335.95,54.894348,9.796949,54.895069,9.793790
1386951545,1,0,280.9,0,0,0,0,0,0,-0.0292,-438.7745,6.8213,0.4212,54.894775,9.797756,108.3,5.845,1.85,335.95,54.894348,9.796949,54.895069,9.793790
1386951545,1,0,280.9,0,0,4,0,0,0,-0.0292,-438.7745,6.8213,0.4212,54.894775,9.797726,108.3,5.845,1.85,335.95,54.894348,9.796949,54.895069,9.793790
1386951545,1,0,280.9,0,0,0,0,0,0,-0.0292,-438.7745,6.8213,0.4212,54.894775,9.797695,108.3,5.845,1.85,335.95,54.894348,9.796949,54.895069,9.793790
1386951545,1,0,280.9,0,0,4,0,0,0,-0.0292,-438.7745,6.8213,0.4212,54.894775,9.797665,108.3,5.845,1.85,335.95,54.894348,9.796949,54.895069,9.793790
1386951546,1,0,280.9,0,0,0,0,0,0,-0.0292,-438.7745,6.8213,0.4212,54.894775,9.797634,108.3,5.845,1.85,335.95,54.894348,9.796949,54.895069,9.793790
1386951546,1,0,280.9,0,0,4,0,0,0,-0.0292,-438.7745,6.8213,0.4212,54.894775,9.797604,108.3,5.845,1.85,335.95,54.894348,9.796949,54.895069,9.793790
1386951546,1,0,280.9,0,0,0,0,0,0,-0.0292,-438.7745,6.8213,0.4212,54.894775,9.797573,108.3,5.845,1.85,335.95,54.894348,9.796949,54.895069,9.793790
1386951546,1,0,280.9,0,0,4,0,0,0,-0.0292,-438.7745,6.8213,0.4212,54.894775,9.797543,108.3,5.845,1.85,335.95,54.894348,9.796949,54.895069,9.793790
1386951547,1,0,280.9,0,0,0,0,0,0,-0.0292,-438.7745,6.8213,0.4212,54.894775,9.797512,108.3,5.845,1.85,335.95,54.894348,9.796949,54.895069,9.793790
1386951547,1,0,280.9,0,0,4,0,0,0,-0.0292,-438.7745,6.8213,0.4212,54.894775,9.797482,108.3,5.845,1.85,335.95,54.894348,9.796949,54.895069,9.793790
1386951547,1,0,280.9,0,0,0,0,0,0,-0.0292,-438.7745,6.8213,0.4212,54.894775,9.797451,108.3,5.845,1.85,335.95,54.894348,9.796949,54.895069,9.793790
1386951547,1,0,280.9,0,0,4,0,0,0,-0.0292,-438.7745,6.8213,0.4212,54.894775,9.797421,108.3,5.845,1.85,335.95,54.894348,9.796949,54.895069,9.793790
1386951548,1,0,280.9,0,0,0,0,0,0,-0.0292,-438.7745,6.8213,0.4212,54.894775,9.797390,108.3,5.845,1.85,335.95,54.894348,9.796949,54.895069,9.793790
1386951548,1,0,280.9,0,0,4,0,0,0,-0.0292,-438.7745,6.8213,0.4212,54.894775,9.797359,108.3,5.845,1.85,335.95,54.894348,9.796949,54.895069,9.793790
1386951548,1,0,280.9,0,0,0,0,0,0,-0.0292,-438.7745,6.8213,0.4212,54.894775,9.797328,108.3,5.845,1.85,335.95,54.894348,9.796949,54.895069,9.793790
1386951548,1,0,280.9,0,0,4,0,0,0,-0.0292,-438.7745,6.8213,0.4212,54.894775,9.797297,108.3,5.845,1.85,335.95,54.894348,9.796949,54.895069,9.793790
1386951549,1,0,280.9,0,0,0,0,0,0,-0.0292,-438.7745,6.8213,0.4212,54.894775,9.797267,108.3,5.845,1.85,335.95,54.894348,9.796949,54.895069,9.793790
1386951549,1,0,280.9,0,0,4,0,0,0,-0.0292,-438.7745,6.8213,0.4212,54.894775,9.797236,108.3,5.845,1.85,335.95,54.894348,9.796949,54.895069,9.793790
1386951549,1,0,280.9,0,0,0,0,0,0,-0.0292,-438.7745,6.8213,0.4212,54.894775,9.797206,108.3,5.845,1.85,335.95,54.894348,9.796949,54.895069,9.793790
1386951549,1,0,280.9,0,0,4,0,0,0,-0.0292,-438.7745,6.8213,0.4212,54.894775,9.797175,108.3,5.845,1.85,335.95,54.894348,9.796949,54.895069,9.793790
1386951550,1,0,280.9,0,0,0,0,0,0,-0.0292,-438.7745,6.8213,0.4212,54.894775,9.797144,108.3,5.845,1.85,335.95,54.894348,9.796949,54.895069,9.793790
1386951550,1,0,280.9,0,0,4,0,0,0,-0.0292,-438.7745,6.8213,0.4212,54.894775,9.797113,108.3,5.845,1.85,335.95,54.894348,9.796949,54.895069,9.793790
1386951550,1,0,280.9,0,0,0,0,0,0,-0.0292,-438.7745,6.8213,0.4212,54.894775,9.797083,108.3,5.845,1.85,335.95,54.894348,9.796949,54.895069,9.793790
1386951550,1,0,280.9,0,0,4,0,0,0,-0.0292,-438.7745,6.8213,0.4212,54.894775,9.797052,108.3,5.845,1.85,335.95,54.894348,9.796949,54.895069,9.793790
1386951551,1,0,280.9,0,0,0,0,0,0,-0.0292,-438.7745,6.8213,0.4212,54.894775,9.797022,108.3,5.845,1.85,335.95,54.894348,9.796949,54.895069,9.793790
1386951551,1,0,280.9,0,0,4,0,0,0,-0.0292,-438.7745,6.8213,0.4212,54.894775,9.796991,108.3,5.845,1.85,335.95,54.894348,9.796949,54.895069,9.793790
1386951551,1,0,280.9,0,0,0,0,0,0,-0.0292,-438.7745,6.8213,0.4212,54.894775,9.796961,108.3,5.845,1.85,335.95,54.894348,9.796949,54.895069,9.793790
1386951551,1,0,280.9,0,0,4,0,0,0,-0.0292,-438.7745,6.8213,0.4212,54.894775,9.796929,108.3,5.845,1.85,335.95,54.894348,9.796949,54.895069,9.793790
1386951552,1,0,280.9,0,0,0,0,0,0,-0.0292,-438.7745,6.8213,0.4212,54.894775,9.796899,108.3,5.845,1.85,335.95,54.894348,9.796949,54.895069,9.793790
1386951552,1,0,280.9,0,0,4,0,0,0,-0.0292,-438.7745,6.8213,0.4212,54.894775,9.796868,108.3,5.845,1.85,335.95,54.894348,9.796949,54.895069,9.793790
1386951552,1,0,280.9,0,0,0,0,0,0,-0.0292,-438.7745,6.8213,0.4212,54.894775,9.796838,108.3,5.845,1.85,335.95,54.894348,9.796949,54.895069,9.793790
1386951552,1,0,280.9,0,0,4,0,0,0,-0.0292,-438.7745,6.8213,0.4212,54.894775,9.796807,108.3,5.845,1.85,335.95,54.894348,9.796949,54.895069,9.793790
1386951553,1,0,280.9,0,0,0,0,0,0,-0.0292,-438.7745,6.8213,0.4212,54.894775,9.796777,108.3,5.845,1.85,335.95,54.894348,9.796949,54.895069,9.793790
1386951553,1,0,280.9,0,0,4,0,0,0,-0.0292,-438.7745,6.8213,0.4212,54.894775,9.796746,108.3,5.845,1.85,335.95,54.894348,9.796949,54.895069,9.793790
1386951553,1,0,280.9,0,0,0,0,0,0,-0.0292,-438.7745,6.8213,0.4212,54.894775,9.796716,108.3,5.845,1.85,335.95,54.894348,9.796949,54.895069,9.793790
1386951553,1,0,280.9,0,0,4,0,0,0,-0.0292,-438.7745,6.8213,0.4212,54.894775,9.796685,108.3,5.845,1.85,335.95,54.894348,9.796949,54.895069,9.793790
1386951554,1,0,280.9,0,0,0,0,0,0,-0.0292,-438.7745,6.8213,0.4212,54.894775,9.796655,108.3,5.845,1.85,335.95,54.894348,9.796949,54.895069,9.793790
1386951554,1,0,280.9,0,0,4,0,0,0,-0.0292,-438.7745,6.8213,0.4212,54.894775,9.796624,108.3,5.845,1.85,335.95,54.894348,9.796949,54.895069,9.793790
1386951554,1,0,280.9,0,0,0,0,0,0,-0.0292,-438.7745,6.8213,0.4212,54.894775,9.796594,108.3,5.845,1.85,335.95,54.894348,9.796949,54.895069,9.793790
1386951554,1,0,280.9,0,0,4,0,0,0,-0.0292,-438.7745,6.8213,0.4212,54.894775,9.796563,108.3,5.845,1.85,335.95,54.894348,9.796949,54.895069,9.793790
1386951555,1,0,280.9,0,0,0,0,0,0,-0.0292,-438.7745,6.8213,0.4212,54.894775,9.796533,108.3,5.845,1.85,335.95,54.894348,9.796949,54.895069,9.793790
1386951555,1,0,280.9,0,0,4,0,0,0,-0.0292,-438.7745,6.8213,0.4212,54.894775,9.796501,108.3,5.845,1.85,335.95,54.894348,9.796949,54.895069,9.793790
1386951555,1,0,280.9,0,0,0,0,0,0,-0.0292,-438.7745,6.8213,0.4212,54.894775,9.796471,108.3,5.845,1.85,335.95,54.894348,9.796949,54.895069,9.793790
1386951555,1,0,280.9,0,0,4,0,0,0,-0.0292,-438.7745,6.8213,0.4212,54.894775,9.796440,108.3,5.845,1.85,335.95,54.894348,9.796949,54.895069,9.793790
1386951556,1,0,280.9,0,0,0,0,0,0,-0.0292,-438.7745,6.8213,0.4212,54.894775,9.796410,108.3,5.845,1.85,335.95,54.894348,9.796949,54.895069,9.793790
1386951556,1,0,280.9,0,0,4,0,0,0,-0.0292,-438.7745,6.8213,0.4212,54.894775,9.796379,108.3,5.845,1.85,335.95,54.894348,9.796949,54.895069,9.793790
1386951556,1,0,280.9,0,0,0,0,0,0,-0.0292,-438.7745,6.8213,0.4212,54.894775,9.796349,108.3,5.845,1.85,335.95,54.894348,9.796949,54.895069,9.793790
1386951556,1,0,280.9,0,0,4,0,0,0,-0.0292,-438.7745,6.8213,0.4212,54.894775,9.796318,108.3,5.845,1.85,335.95,54.894348,9.796949,54.895069,9.793790
1386951557,1,0,280.9,0,0,0,0,0,0,-0.0292,-438.7745,6.8213,0.4212,54.894775,9.796287,108.3,5.845,1.85,335.95,54.894348,9.796949,54.895069,9.793790
1386951557,1,0,280.9,0,0,4,0,0,0,-0.0292,-438.7745,6.8213,0.4212,54.894775,9.796256,108.3,5.845,1.85,335.95,54.894348,9.796949,54.895069,9.793790
1386951557,1,0,280.9,0,0,0,0,0,0,-0.0292,-438.7745,6.8213,0.4212,54.894775,9.796226,108.3,5.845,1.85,335.95,54.894348,9.796949,54.895069,9.793790
1386951557,1,0,280.9,0,0,4,0,0,0,-0.0292,-438.7745,6.8213,0.4212,54.894775,9.796195,108.3,5.845,1.85,335.95,54.894348,9.796949,54.895069,9.793790
1386951558,1,0,280.9,0,0,0,0,0,0,-0.0292,-438.7745,6.8213,0.4212,54.894775,9.796165,108.3,5.845,1.85,335.95,54.894348,9.796949,54.895069,9.793790
1386951558,1,0,280.9,0,0,4,0,0,0,-0.0292,-438.7745,6.8213,0.4212,54.894775,9.796134,108.3,5.845,1.85,335.95,54.894348,9.796949,54.895069,9.793790
1386951558,1,0,280.9,0,0,0,0,0,0,-0.0292,-438.7745,6.8213,0.4212,54.894775,9.796103,108.3,5.845,1.85,335.95,54.894348,9.796949,54.895069,9.793790
1386951558,1,0,280.9,0,0,4,0,0,0,-0.0292,-438.7745,6.8213,0.4212,54.894775,9.796072,108.3,5.845,1.85,335.95,54.894348,9.796949,54.895069,9.793790
1386951559,1,0,280.9,0,0,0,0,0,0,-0.0292,-438.7745,6.8213,0.4212,54.894775,9.796041,108.3,5.845,1.85,335.95,54.894348,9.796949,54.895069,9.793790
1386951559,1,0,280.9,0,0,4,0,0,0,-0.0292,-438.7745,6.8213,0.4212,54.894775,9.796011,108.3,5.845,1.85,335.95,54.894348,9.796949,54.895069,9.793790
1386951559,1,0,280.9,0,0,0,0,0,0,-0.0292,-438.7745,6.8213,0.4212,54.894775,9.795980,108.3,5.845,1.85,335.95,54.894348,9.796949,54.895069,9.793790
1386951559,1,0,280.9,0,0,4,0,0,0,-0.0292,-438.7745,6.8213,0.4212,54.894775,9.795950,108.3,5.845,1.85,335.95,54.894348,9.796949,54.895069,9.793790
1386951560,1,0,280.9,0,0,0,0,0,0,-0.0292,-438.7745,6.8213,0.4212,54.894775,9.795919,108.3,5.845,1.85,335.95,54.894348,9.796949,54.895069,9.793790
1386951560,1,0,280.9,0,0,4,0,0,0,-0.0292,-438.7745,6.8213,0.4212,54.894775,9.795889,108.3,5.845,1.85,335.95,54.894348,9.796949,54.895069,9.793790
1386951560,1,0,280.9,0,0,0,0,0,0,-0.0292,-438.7745,6.8213,0.4212,54.894775,9.795858,108.3,5.845,1.85,335.95,54.894348,9.796949,54.895069,9.793790
1386951560,1,0,280.9,0,0,4,0,0,0,-0.0292,-438.7745,6.8213,0.4212,54.894775,9.795828,108.3,5.845,1.85,335.95,54.894348,9.796949,54.895069,9.793790
1386951561,1,0,280.9,0,0,0,0,0,0,-0.0292,-438.7745,6.8213,0.4212,54.894775,9.795797,108.3,5.845,1.85,335.95,54.894348,9.796949,54.895069,9.793790
1386951561,1,0,280.9,0,0,4,0,0,0,-0.0292,-438.7745,6.8213,0.4212,54.894775,9.795767,108.3,5.845,1.85,335.95,54.894348,9.796949,54.895069,9.793790
1386951561,1,0,280.9,0,0,0,0,0,0,-0.0292,-438.7745,6.8213,0.4212,54.894775,9.795736,108.3,5.845,1.85,335.95,54.894348,9.796949,54.895069,9.793790
1386951561,1,0,280.9,0,0,4,0,0,0,-0.0292,-438.7745,6.8213,0.4212,54.894775,9.795706,108.3,5.845,1.85,335.95,54.894348,9.796949,54.895069,9.793790
1386951562,1,0,280.9,0,0,0,0,0,0,-0.0292,-438.7745,6.8213,0.4212,54.894775,9.795675,108.3,5.845,1.85,335.95,54.894348,9.796949,54.895069,9.793790
1386951562,1,0,280.9,0,0,4,0,0,0,-0.0292,-438.7745,6.8213,0.4212,54.894775,9.795644,108.3,5.845,1.85,335.95,54.894348,9.796949,54.895069,9.793790
1386951562,1,0,280.9,0,0,0,0,0,0,-0.0292,-438.7745,6.8213,0.4212,54.894775,9.795613,108.3,5.845,1.85,335.95,54.894348,9.796949,54.895069,9.793790
1386951562,1,0,280.9,0,0,4,0,0,0,-0.0292,-438.7745,6.8213,0.4212,54.894775,9.795583,108.3,5.845,1.85,335.95,54.894348,9.796949,54.895069,9.793790
1386951563,1,0,280.9,0,0,0,0,0,0,-0.0292,-438.7745,6.8213,0.4212,54.894775,9.795552,108.3,5.845,1.85,335.95,54.894348,9.796949,54.895069,9.793790
1386951563,1,0,280.9,0,0,4,0,0,0,-0.0292,-438.7745,6.8213,0.4212,54.894775,9.795522,108.3,5.845,1.85,335.95,54.894348,9.796949,54.895069,9.793790
1386951563,1,0,280.9,0,0,0,0,0,0,-0.0292,-438.7745,6.8213,0.4212,54.894775,9.795491,108.3,5.845,1.85,335.95,54.894348,9.796949,54.895069,9.793790
1386951563,1,0,280.9,0,0,4,0,0,0,-0.0292,-438.7745,6.8213,0.4212,54.894775,9.795461,108.3,5.845,1.85,335.95,54.894348,9.796949,54.895069,9.793790
1386951564,1,0,280.9,0,0,0,0,0,0,-0.0292,-438.7745,6.8213,0.4212,54.894775,9.795429,108.3,5.845,1.85,335.95,54.894348,9.796949,54.895069,9.793790
1386951564,1,0,280.9,0,0,4,0,0,0,-0.0292,-438.7745,6.8213,0.4212,54.894775,9.795399,108.3,5.845,1.85,335.95,54.894348,9.796949,54.895069,9.793790
1386951564,1,0,280.9,0,0,0,0,0,0,-0.0292,-438.7745,6.8213,0.4212,54.894775,9.795368,108.3,5.845,1.85,335.95,54.894348,9.796949,54.895069,9.793790
1386951564,1,0,280.9,0,0,4,0,0,0,-0.0292,-438.7745,6.8213,0.4212,54.894775,9.795338,108.3,5.845,1.85,335.95,54.894348,9.796949,54.895069,9.793790
1386951565,1,0,280.9,0,0,0,0,0,0,-0.0292,-438.7745,6.8213,0.4212,54.894775,9.795307,108.3,5.845,1.85,335.95,54.894348,9.796949,54.895069,9.793790
1386951565,1,0,280.9,0,0,4,0,0,0,-0.0292,-438.7745,6.8213,0.4212,54.894775,9.795277,108.3,5.845,1.85,335.95,54.894348,9.796949,54.895069,9.793790
1386951565,1,0,280.9,0,0,0,0,0,0,-0.0292,-438.7745,6.8213,0.4212,54.894775,9.795246,108.3,5.845,1.85,335.95,54.894348,9.796949,54.895069,9.793790
1386951565,1,0,280.9,0,0,4,0,0,0,-0.0292,-438.7745,6.8213,0.4212,54.894775,9.795215,108.3,5.845,1.85,335.95,54.894348,9.796949,54.895069,9.793790
1386951566,1,0,280.9,0,0,0,0,0,0,-0.0292,-438.7745,6.8213,0.4212,54.894775,9.795184,108.3,5.845,1.85,335.95,54.894348,9.796949,54.895069,9.793790
1386951566,1,0,280.9,0,0,4,0,0,0,-0.0292,-438.7745,6.8213,0.4212,54.894775,9.795154,108.3,5.845,1.85,335.95,54.894348,9.796949,54.895069,9.793790
1386951566,1,0,280.9,0,0,0,0,0,0,-0.0292,-438.7745,6.8213,0.4212,54.894775,9.795123,108.3,5.845,1.85,335.95,54.894348,9.796949,54.895069,9.793790
1386951566,1,0,280.9,0,0,4,0,0,0,-0.0292,-438.7745,6.8213,0.4212,54.894775,9.795093,108.3,5.845,1.85,335.95,54.894348,9.796949,54.895069,9.793790
1386951567,1,0,280.9,0,0,0,0,0,0,-0.0292,-438.7745,6.8213,0.4212,54.894775,9.795062,108.3,5.845,1.85,335.95,54.894348,9.796949,54.895069,9.793790
1386951567,1,0,280.9,0,0,4,0,0,0,-0.0292,-438.7745,6.8213,0.4212,54.894775,9.795032,108.3,5.845,1.85,335.95,54.894348,9.796949,54.895069,9.793790
1386951567,1,0,280.9,0,0,0,0,0,0,-0.0292,-438.7745,6.8213,0.4212,54.894775,9.795001,108.3,5.845,1.85,335.95,54.894348,9.796949,54.895069,9.793790
1386951567,1,0,280.9,0,0,4,0,0,0,-0.0292,-438.7745,6.8213,0.4212,54.894775,9.794971,108.3,5.845,1.85,335.95,54.894348,9.796949,54.895069,9.793790
1386951568,1,0,280.9,0,0,0,0,0,0,-0.0292,-438.7745,6.8213,0.4212,54.894775,9.794940,108.3,5.845,1.85,335.95,54.894348,9.796949,54.895069,9.793790
1386951568,1,0,280.9,0,0,4,0,0,0,-0.0292,-438.7745,6.8213,0.4212,54.894775,9.794909,108.3,5.845,1.85,335.95,54.894348,9.796949,54.895069,9.793790
1386951568,1,0,280.9,0,0,0,0,0,0,-0.0292,-438.7745,6.8213,0.4212,54.894775,9.794879,108.3,5.845,1.85,335.95,54.894348,9.796949,54.895069,9.793790
1386951568,1,0,280.9,0,0,4,0,0,0,-0.0292,-438.7745,6.8213,0.4212,54.894775,9.794848,108.3,5.845,1.85,335.95,54.894348,9.796949,54.895069,9.793790
1386951569,1,0,280.9,0,0,0,0,0,0,-0.0292,-438.7745,6.8213,0.4212,54.894775,9.794818,108.3,5.845,1.85,335.95,54.894348,9.796949,54.895069,9.793790
1386951569,1,0,280.9,0,0,4,0,0,0,-0.0292,-438.7745,6.8213,0.4212,54.894775,9.794786,108.3,5.845,1.85,335.95,54.894348,9.796949,54.895069,9.793790
1386951569,1,0,280.9,0,0,0,0,0,0,-0.0292,-438.7745,6.8213,0.4212,54.894775,9.794756,108.3,5.845,1.85,335.95,54.894348,9.796949,54.895069,9.793790
1386951569,1,0,280.9,0,0,4,0,0,0,-0.0292,-438.7745,6.8213,0.4212,54.894775,9.794725,108.3,5.845,1.85,335.95,54.894348,9.796949,54.895069,9.793790
1386951570,1,0,280.9,0,0,0,0,0,0,-0.0292,-438.7745,6.8213,0.4212,54.894775,9.794695,108.3,5.845,1.85,335.95,54.894348,9.796949,54.895069,9.793790
1386951570,1,0,280.9,0,0,4,0,0,0,-0.0292,-438.7745,6.8213,0.4212,54.894775,9.794664,108.3,5.845,1.85,335.95,54.894348,9.796949,54.895069,9.793790
1386951570,1,0,280.9,0,0,0,0,0,0,-0.0292,-438.7745,6.8213,0.4212,54.894775,9.794634,108.3,5.845,1.85,335.95,54.894348,9.796949,54.895069,9.793790
1386951570,1,0,280.9,0,0,4,0,0,0,-0.0292,-438.7745,6.8213,0.4212,54.894775,9.794603,108.3,5.845,1.85,335.95,54.894348,9.796949,54.895069,9.793790
1386951571,1,0,280.9,0,0,0,0,0,0,-0.0292,-438.7745,6.8213,0.4212,54.894775,9.794572,108.3,5.845,1.85,335.95,54.894348,9.796949,54.895069,9.793790
1386951571,1,0,280.9,0,0,4,0,0,0,-0.0292,-438.7745,6.8213,0.4212,54.894775,9.794541,108.3,5.845,1.85,335.95,54.894348,9.796949,54.895069,9.793790
1386951571,1,0,280.9,0,0,0,0,0,0,-0.0292,-438.7745,6.8213,0.4212,54.894775,9.794511,108.3,5.845,1.85,335.95,54.894348,9.796949,54.895069,9.793790
1386951571,1,0,280.9,0,0,4,0,0,0,-0.0292,-438.7745,6.8213,0.4212,54.894775,9.794480,108.3,5.845,1.85,335.95,54.894348,9.796949,54.895069,9.793790
1386951572,1,0,280.9,0,0,0,0,0,0,-0.0292,-438.7745,6.8213,0.4212,54.894775,9.794450,108.3,5.845,1.85,335.95,54.894348,9.796949,54.895069,9.793790
1386951572,1,0,280.9,0,0,4,0,0,0,-0.0292,-438.7745,6.8213,0.4212,54.894775,9.794419,108.3,5.845,1.85,335.95,54.894348,9.796949,54.895069,9.793790
1386951572,1,0,280.9,0,0,0,0,0,0,-0.0292,-438.7745,6.8213,0.4212,54.894775,9.794389,108.3,5.845,1.85,335.95,54.894348,9.796949,54.895069,9.793790
1386951573,1,0,280.9,0,0,4,0,0,0,-0.0292,-438.7745,6.8213,0.4212,54.894775,9.794357,108.3,5.845,1.85,335.95,54.894348,9.796949,54.895069,9.793790
1386951573,1,0,280.9,0,0,0,0,0,0,-0.0292,-438.7745,6.8213,0.4212,54.894775,9.794327,108.3,5.845,1.85,335.95,54.894348,9.796949,54.895069,9.793790
1386951573,1,0,280.9,0,0,4,0,0,0,-0.0292,-438.7745,6.8213,0.4212,54.894775,9.794296,108.3,5.845,1.85,335.95,54.894348,9.796949,54.895069,9.793790
1386951573,1,0,280.9,0,0,0,0,0,0,-0.0292,-438.7745,6.8213,0.4212,54.894775,9.794266,108.3,5.845,1.85,335.95,54.894348,9.796949,54.895069,9.793790
1386951574,1,0,280.9,0,0,4,0,0,0,-0.0292,-438.7745,6.8213,0.4212,54.894775,9.794235,108.3,5.845,1.85,335.95,54.894348,9.796949,54.895069,9.793790
1386951574,1,0,280.9,0,0,0,0,0,0,-0.0292,-438.7745,6.8213,0.4212,54.894775,9.794205,108.3,5.845,1.85,335.95,54.894348,9.796949,54.895069,9.793790
1386951574,1,0,280.9,0,0,4,0,0,0,-0.0292,-438.7745,6.8213,0.4212,54.894775,9.794174,108.3,5.845,1.85,335.95,54.894348,9.796949,54.895069,9.793790
1386951574,1,0,280.9,0,0,0,0,0,0,-0.0292,-438.7745,6.8213,0.4212,54.894775,9.794144,108.3,5.845,1.85,335.95,54.894348,9.796949,54.895069,9.793790
1386951575,1,0,280.9,0,0,4,0,0,0,-0.0292,-438.7745,6.8213,0.4212,54.894775,9.794113,108.3,5.845,1.85,335.95,54.894348,9.796949,54.895069,9.793790
1386951575,1,0,280.9,0,0,0,0,0,0,-0.0292,-438.7745,6.8213,0.4212,54.894775,9.794083,108.3,5.845,1.85,335.95,54.894348,9.796949,54.895069,9.793790
1386951575,1,0,280.9,0,0,4,0,0,0,-0.0292,-438.7745,6.8213,0.4212,54.894775,9.794052,108.3,5.845,1.85,335.95,54.894348,9.796949,54.895069,9.793790
1386951575,1,0,280.9,0,0,0,0,0,0,-0.0292,-438.7745,6.8213,0.4212,54.894775,9.794022,108.3,5.845,1.85,335.95,54.894348,9.796949,54.895069,9.793790
1386951576,1,0,280.9,0,0,4,0,0,0,-0.0292,-438.7745,6.8213,0.4212,54.894775,9.793991,108.3,5.845,1.85,335.95,54.894348,9.796949,54.895069,9.793790
1386951576,1,0,280.9,0,0,0,0,0,0,-0.0292,-438.7745,6.8213,0.4212,54.894775,9.793961,108.3,5.845,1.85,335.95,54.894348,9.796949,54.895069,9.793790
1386951576,1,0,280.9,0,0,4,0,0,0,-0.0292,-438.7745,6.8213,0.4212,54.894775,9.793929,108.3,5.845,1.85,335.95,54.894348,9.796949,54.895069,9.793790
1386951576,1,0,280.9,0,0,0,0,0,0,-0.0292,-438.7745,6.8213,0.4212,54.894775,9.793899,108.3,5.845,1.85,335.95,54.894348,9.796949,54.895069,9.793790
1386951577,1,0,280.9,0,0,4,0,0,0,-0.0292,-438.7745,6.8213,0.4212,54.894775,9.793868,108.3,5.845,1.85,335.95,54.894348,9.796949,54.895069,9.793790
1386951577,1,0,280.9,0,0,0,0,0,0,-0.0292,-438.7745,6.8213,0.4212,54.894775,9.793838,108.3,5.845,1.85,335.95,54.894348,9.796949,54.895069,9.793790
1386951577,1,0,280.9,0,0,4,0,0,0,-0.0292,-438.7745,6.8213,0.4212,54.894775,9.793807,108.3,5.845,1.85,335.95,54.894348,9.796949,54.895069,9.793790
1386951577,1,0,280.9,0,0,0,0,0,0,-0.0292,-438.7745,6.8213,0.4212,54.894775,9.793777,108.3,5.845,1.85,335.95,54.894348,9.796949,54.895069,9.793790
1386951578,1,0,280.9,0,0,4,0,0,0,-0.0292,-438.7745,6.8213,0.4212,54.894775,9.793746,108.3,5.845,1.85,335.95,54.894348,9.796949,54.895069,9.793790
1386951578,1,0,280.9,0,0,0,0,0,0,-0.0292,-438.7745,6.8213,0.4212,54.894775,9.793715,108.3,5.845,1.85,335.95,54.894348,9.796949,54.895069,9.793790
1386951578,1,0,280.9,0,0,4,0,0,0,-0.0292,-438.7745,6.8213,0.4212,54.894775,9.793684,108.3,5.845,1.85,335.95,54.894348,9.796949,54.895069,9.793790
1386951578,1,0,280.9,0,0,0,0,0,0,-0.0292,-438.7745,6.8213,0.4212,54.894775,9.793653,108.3,5.845,1.85,335.95,54.894348,9.796949,54.895069,9.793790
1386951579,1,0,280.9,0,0,4,0,0,0,-0.0292,-438.7745,6.8213,0.4212,54.894775,9.793623,108.3,5.845,1.85,335.95,54.894348,9.796949,54.895069,9.793790
1386951579,1,0,280.9,0,0,0,0,0,0,-0.0292,-438.7745,6.8213,0.4212,54.894775,9.793592,108.3,5.845,1.85,335.95,54.894348,9.796949,54.895069,9.793790
1386951579,1,0,280.9,0,0,4,0,0,0,-0.0292,-438.7745,6.8213,0.4212,54.894775,9.793562,108.3,5.845,1.85,335.95,54.894348,9.796949,54.895069,9.793790
1386951579,1,0,280.9,0,0,0,0,0,0,-0.0292,-438.7745,6.8213,0.4212,54.894775,9.793531,108.3,5.845,1.85,335.95,54.894348,9.796949,54.895069,9.793790
1386951580,1,0,280.9,0,0,4,0,0,0,-0.0292,-438.7745,6.8213,0.4212,54.894775,9.793500,108.3,5.845,1.85,335.95,54.894348,9.796949,54.895069,9.793790
1386951580,1,0,280.9,0,0,0,0,0,0,-0.0292,-438.7745,6.8213,0.4212,54.894775,9.793469,108.3,5.845,1.85,335.95,54.894348,9.796949,54.895069,9.793790
1386951580,1,0,280.9,0,0,4,0,0,0,-0.0292,-438.7745,6.8213,0.4212,54.894775,9.793439,108.3,5.845,1.85,335.95,54.894348,9.796949,54.895069,9.793790
1386951580,1,0,280.9,0,0,0,0,0,0,-0.0292,-438.7745,6.8213,0.4212,54.894775,9.793408,108.3,5.845,1.85,335.95,54.894348,9.796949,54.895069,9.793790
1386951581,1,0,280.9,0,0,4,0,0,0,-0.0292,-438.7745,6.8213,0.4212,54.894775,9.793378,108.3,5.845,1.85,335.95,54.894348,9.796949,54.895069,9.793790
1386951581,1,0,280.9,0,0,0,0,0,0,-0.0292,-438.7745,6.8213,0.4212,54.894775,9.793347,108.3,5.845,1.85,335.95,54.894348,9.796949,54.895069,9.793790
1386951581,1,0,280.9,0,0,4,0,0,0,-0.0292,-438.7745,6.8213,0.4212,54.894775,9.793317,108.3,5.845,1.85,335.95,54.894348,9.796949,54.895069,9.793790
1386951581,1,0,280.9,0,0,0,0,0,0,-0.0292,-438.7745,6.8213,0.4212,54.894775,9.793286,108.3,5.845,1.85,335.95,54.894348,9.796949,54.895069,9.793790
1386951582,1,0,280.9,0,0,4,0,0,0,-0.0292,-438.7745,6.8213,0.4212,54.894775,9.793256,108.3,5.845,1.85,335.95,54.894348,9.796949,54.895069,9.793790
1386951582,1,0,280.9,0,0,0,0,0,0,-0.0292,-438.7745,6.8213,0.4212,54.894775,9.793225,108.3,5.845,1.85,335.95,54.894348,9.796949,54.895069,9.793790
1386951582,1,0,280.9,0,0,4,0,0,0,-0.0292,-438.7745,6.8213,0.4212,54.894775,9.793195,108.3,5.845,1.85,335.95,54.894348,9.796949,54.895069,9.793790
1386951582,1,0,280.9,0,0,0,0,0,0,-0.0292,-438.7745,6.8213,0.4212,54.894775,9.793164,108.3,5.845,1.85,335.95,54.894348,9.796949,54.895069,9.793790
1386951583,1,0,280.9,0,0,4,0,0,0,-0.0292,-438.7745,6.8213,0.4212,54.894775,9.793134,108.3,5.845,1.85,335.95,54.894348,9.796949,54.895069,9.793790
1386951583,1,0,412.3,0,-35,0,0,0,0,-0.0292,-429.4412,6.8213,0.4212,54.894779,9.793105,108.3,5.845,1.85,335.95,54.894348,9.796949,54.895069,9.793790
1386951583,1,0,413.8,0,-35,-4,0,0,0,-0.0292,-420.1078,6.8213,0.4212,54.894787,9.793077,108.3,5.845,1.85,335.95,54.894348,9.796949,54.895069,9.793790
1386951583,1,0,415.6,0,-35,-8,0,0,0,-0.0292,-410.7745,6.8213,0.4212,54.894798,9.793054,108.3,5.845,1.85,335.95,54.894348,9.796949,54.895069,9.793790
1386951584,1,0,417.6,0,-35,-12,0,0,0,-0.0292,-401.4411,6.8213,0.4212,54.894814,9.793034,108.3,5.845,1.85,335.95,54.894348,9.796949,54.895069,9.793790
1386951584,1,0,419.7,0,-35,-16,0,0,0,-0.0292,-392.1078,6.8213,0.4212,54.894829,9.793016,108.3,5.845,1.85,335.95,54.894348,9.796949,54.895069,9.793790
1386951584,1,0,421.8,0,-35,-20,0,0,0,-0.0292,-382.7744,6.8213,0.4212,54.894844,9.793005,108.3,5.845,1.85,335.95,54.894348,9.796949,54.895069,9.793790
1386951584,1,0,423.6,0,-35,-24,0,0,0,-0.0292,-373.4411,6.8213,0.4212,54.894863,9.792998,108.3,5.845,1.85,335.95,54.894348,9.796949,54.895069,9.793790
1386951585,1,0,425.8,0,-35,-28,0,0,0,-0.0292,-364.1078,6.8213,0.4212,54.894882,9.792996,108.3,5.845,1.85,335.95,54.894348,9.796949,54.895069,9.793790
1386951585,1,0,427.8,0,-35,-32,0,0,0,-0.0292,-354.7744,6.8213,0.4212,54.894901,9.792999,108.3,5.845,1.85,335.95,54.894348,9.796949,54.895069,9.793790
1386951585,1,0,429.9,0,-35,-36,0,0,0,-0.0292,-345.4411,6.8213,0.4212,54.894917,9.793007,108.3,5.845,1.85,335.95,54.894348,9.796949,54.895069,9.793790
1386951585,1,0,431.4,0,-35,-32,0,0,0,-0.0292,-336.1077,6.8213,0.4212,54.894936,9.793020,108.3,5.845,1.85,335.95,54.894348,9.796949,54.895069,9.793790
1386951586,1,0,433.3,0,-35,-36,0,0,0,-0.0292,-326.7744,6.8213,0.4212,54.894951,9.793036,108.3,5.845,1.85,335.95,54.894348,9.796949,54.895069,9.793790
1386951586,1,0,434.8,0,-35,-32,0,2,50,-0.0292,-317.4410,6.8213,0.4212,54.894962,9.793057,108.3,5.845,1.85,335.95,54.894348,9.796949,54.895069,9.793790
1386951586,1,0,435.9,0,-33,-36,0,65,100,-0.0292,-308.6411,6.8213,0.4212,54.894974,9.793082,108.3,5.845,1.85,335.95,54.894348,9.796949,54.895069,9.793790
1386951586,1,0,436.9,0,-26,-32,0,175,150,-0.0292,-301.7077,6.8213,0.4212,54.894981,9.793109,108.3,5.845,1.85,335.95,54.894348,9.796949,54.895069,9.793790
1386951587,1,0,437.4,0,-19,-28,0,278,200,-0.0292,-296.6411,6.8213,0.4212,54.894989,9.793137,108.3,5.845,1.85,335.95,54.894348,9.796949,54.895069,9.793790
1386951587,1,0,438.0,0,-15,-24,0,357,250,-0.0292,-292.6411,6.8213,0.4212,54.894997,9.793166,108.3,5.845,1.85,335.95,54.894348,9.796949,54.895069,9.793790
1386951587,1,0,438.6,0,-11,-20,0,421,300,-0.0292,-289.7077,6.8213,0.4212,54.895000,9.793196,108.3,5.845,1.85,335.95,54.894348,9.796949,54.895069,9.793790
1386951587,1,0,438.7,0,-8,-16,0,468,350,-0.0292,-287.5744,6.8213,0.4212,54.895004,9.793225,108.3,5.845,1.85,335.95,54.894348,9.796949,54.895069,9.793790
1386951588,1,0,438.8,0,-6,-12,0,502,400,-0.0292,-285.9744,6.8213,0.4212,54.895008,9.793256,108.3,5.845,1.85,335.95,54.894348,9.796949,54.895069,9.793790
1386951588,1,0,438.8,0,-5,-8,0,528,450,-0.0292,-284.6411,6.8213,0.4212,54.895012,9.793286,108.3,5.845,1.85,335.95,54.894348,9.796949,54.895069,9.793790
1386951588,1,0,438.9,0,-4,-4,0,549,500,-0.0292,-283.5744,6.8213,0.4212,54.895016,9.793317,108.3,5.845,1.85,335.95,54.894348,9.796949,54.895069,9.793790
1386951588,1,0,439.0,0,-3,0,0,566,550,-0.0292,-282.7744,6.8213,0.4212,54.895020,9.793347,108.3,5.845,1.85,335.95,54.894348,9.796949,54.895069,9.793790
1386951589,1,0,439.0,0,-2,-4,0,578,600,-0.0292,-282.2411,6.8213,0.4212,54.895027,9.793378,108.3,5.845,1.85,335.95,54.894348,9.796949,54.895069,9.793790
1386951589,1,0,440.0,0,-2,0,0,587,550,-0.0292,-281.7077,6.8213,0.4212,54.895031,9.793408,108.3,5.845,1.85,335.95,54.894348,9.796949,54.895069,9.793790
1386951589,1,0,440.2,0,-2,-4,0,595,600,-0.0292,-281.1744,6.8213,0.4212,54.895035,9.793439,108.3,5.845,1.85,335.95,54.894348,9.796949,54.895069,9.793790
1386951589,1,0,440.4,0,-2,0,0,603,650,-0.0292,-280.6411,6.8213,0.4212,54.895039,9.793470,108.3,5.845,1.85,335.95,54.894348,9.796949,54.895069,9.793790
1386951590,1,0,440.6,0,-1,-4,0,612,600,-0.0292,-280.3744,6.8213,0.4212,54.895042,9.793501,108.3,5.845,1.85,335.95,54.894348,9.796949,54.895069,9.793790
1386951590,1,0,440.9,0,-1,0,0,616,650,-0.0292,-280.1078,6.8213,0.4212,54.895046,9.793531,108.3,5.845,1.85,335.95,54.894348,9.796949,54.895069,9.793790
1386951590,1,0,441.3,0,-1,-4,0,620,600,-0.0292,-279.8411,6.8213,0.4212,54.895046,9.793562,108.3,5.845,1.85,335.95,54.894348,9.796949,54.895069,9.793790
1386951590,1,0,440.2,0,0,0,0,624,650,-0.0292,-279.8411,6.8213,0.4212,54.895046,9.793592,108.3,5.845,1.85,335.95,54.894348,9.796949,54.895069,9.793790
1386951591,1,0,438.7,0,1,4,0,624,600,-0.0292,-280.1078,6.8213,0.4212,54.895046,9.793623,108.3,5.845,1.85,335.95,54.894348,9.796949,54.895069,9.793790
1386951591,1,0,436.7,0,3,0,0,620,650,-0.0292,-280.9077,6.8213,0.4212,54.895046,9.793653,108.3,5.845,1.85,335.95,54.894348,9.796949,54.895069,9.793790
1386951591,1,0,433.8,0,5,4,0,607,600,-0.0292,-282.2411,6.8213,0.4212,54.895050,9.793684,108.3,5.845,1.85,335.95,54.894348,9.796949,54.895069,9.793790
1386951591,1,0,432.7,0,5,8,0,587,550,-0.0292,-283.5744,6.8213,0.4212,54.895054,9.793715,108.3,5.845,1.85,335.95,54.894348,9.796949,54.895069,9.793790
1386951592,1,0,430.7,0,6,4,0,566,600,-0.0292,-285.1744,6.8213,0.4212,54.895058,9.793744,108.3,5.845,1.85,335.95,54.894348,9.796949,54.895069,9.793790
1386951592,1,0,426.6,0,8,8,0,540,550,-0.0292,-287.3078,6.8213,0.4212,54.895061,9.793775,108.3,5.845,1.85,335.95,54.895069,9.793790,54.895348,9.797490
1386951592,1,0,442.4,0,-10,4,0,506,500,-0.0292,-284.6411,6.8213,0.4212,54.895065,9.793805,108.3,5.845,1.85,335.95,54.895069,9.793790,54.895348,9.797490
1386951592,1,0,442.5,0,-7,0,0,549,550,-0.0292,-282.7744,6.8213,0.4212,54.895069,9.793836,108.3,5.845,1.85,335.95,54.895069,9.793790,54.895348,9.797490
1386951593,1,0,442.5,0,-5,-4,0,578,600,-0.0292,-281.4411,6.8213,0.4212,54.895069,9.793866,108.3,5.845,1.85,335.95,54.895069,9.793790,54.895348,9.797490
1386951593,1,0,442.4,0,-4,0,0,599,550,-0.0292,-280.3744,6.8213,0.4212,54.895069,9.793898,108.3,5.845,1.85,335.95,54.895069,9.793790,54.895348,9.797490
1386951593,1,0,442.4,0,-3,-4,0,616,600,-0.0292,-279.5744,6.8213,0.4212,54.895069,9.793928,108.3,5.845,1.85,335.95,54.895069,9.793790,54.895348,9.797490
1386951593,1,0,442.3,0,-2,0,0,628,650,-0.0292,-279.0411,6.8213,0.4212,54.895069,9.793959,108.3,5.845,1.85,335.95,54.895069,9.793790,54.895348,9.797490
1386951594,1,0,442.2,0,-1,-4,0,637,600,-0.0292,-278.7744,6.8213,0.4212,54.895069,9.793990,108.3,5.845,1.85,335.95,54.895069,9.793790,54.895348,9.797490
1386951594,1,0,442.2,0,-1,0,0,641,650,-0.0292,-278.5078,6.8213,0.4212,54.895069,9.794022,108.3,5.845,1.85,335.95,54.895069,9.793790,54.895348,9.797490
1386951594,1,0,442.1,0,-1,-4,0,645,600,-0.0292,-278.2411,6.8213,0.4212,54.895069,9.794052,108.3,5.845,1.85,335.95,54.895069,9.793790,54.895348,9.797490
1386951594,1,0,442.0,0,0,0,0,649,650,-0.0292,-278.2411,6.8213,0.4212,54.895069,9.794083,108.3,5.845,1.85,335.95,54.895069,9.793790,54.895348,9.797490
1386951595,1,0,442.0,0,0,4,0,649,600,-0.0292,-278.2411,6.8213,0.4212,54.895069,9.794114,108.3,5.845,1.85,335.95,54.895069,9.793790,54.895348,9.797490
1386951595,1,0,441.9,0,0,0,0,649,650,-0.0292,-278.2411,6.8213,0.4212,54.895069,9.794145,108.3,5.845,1.85,335.95,54.895069,9.793790,54.895348,9.797490
1386951595,1,0,441.8,0,0,4,0,649,600,-0.0292,-278.2411,6.8213,0.4212,54.895069,9.794175,108.3,5.845,1.85,335.95,54.895069,9.793790,54.895348,9.797490
1386951595,1,0,441.7,0,0,0,0,649,650,-0.0292,-278.2411,6.8213,0.4212,54.895069,9.794206,108.3,5.845,1.85,335.95,54.895069,9.793790,54.895348,9.797490
1386951596,1,0,441.7,0,0,4,0,649,600,-0.0292,-278.2411,6.8213,0.4212,54.895069,9.794237,108.3,5.845,1.85,335.95,54.895069,9.793790,54.895348,9.797490
1386951596,1,0,441.6,0,0,0,0,649,650,-0.0292,-278.2411,6.8213,0.4212,54.895069,9.794268,108.3,5.845,1.85,335.95,54.895069,9.793790,54.895348,9.797490
1386951596,1,0,441.5,0,0,4,0,649,600,-0.0292,-278.2411,6.8213,0.4212,54.895069,9.794298,108.3,5.845,1.85,335.95,54.895069,9.793790,54.895348,9.797490
1386951596,1,0,441.4,0,0,0,0,649,650,-0.0292,-278.2411,6.8213,0.4212,54.895069,9.794330,108.3,5.845,1.85,335.95,54.895069,9.793790,54.895348,9.797490
1386951597,1,0,441.3,0,0,4,0,649,600,-0.0292,-278.2411,6.8213,0.4212,54.895069,9.794361,108.3,5.845,1.85,335.95,54.895069,9.793790,54.895348,9.797490
1386951597,1,0,441.3,0,1,0,0,649,650,-0.0292,-278.5078,6.8213,0.4212,54.895069,9.794392,108.3,5.845,1.85,335.95,54.895069,9.793790,54.895348,9.797490
1386951597,1,0,441.2,0,0,4,0,645,600,-0.0292,-278.5078,6.8213,0.4212,54.895069,9.794422,108.3,5.845,1.85,335.95,54.895069,9.793790,54.895348,9.797490
1386951597,1,0,441.1,0,0,0,0,645,650,-0.0292,-278.5078,6.8213,0.4212,54.895069,9.794454,108.3,5.845,1.85,335.95,54.895069,9.793790,54.895348,9.797490
1386951598,1,0,441.0,0,0,4,0,645,600,-0.0292,-278.5078,6.8213,0.4212,54.895069,9.794484,108.3,5.845,1.85,335.95,54.895069,9.793790,54.895348,9.797490
1386951598,1,0,440.9,0,1,0,0,645,650,-0.0292,-278.7744,6.8213,0.4212,54.895069,9.794515,108.3,5.845,1.85,335.95,54.895069,9.793790,54.895348,9.797490
1386951598,1,0,440.8,0,0,4,0,641,600,-0.0292,-278.7744,6.8213,0.4212,54.895069,9.794546,108.3,5.845,1.85,335.95,54.895069,9.793790,54.895348,9.797490
1386951598,1,0,440.7,0,1,0,0,641,650,-0.0292,-279.0411,6.8213,0.4212,54.895069,9.794577,108.3,5.845,1.85,335.95,54.895069,9.793790,54.895348,9.797490
1386951599,1,0,440.6,0,0,4,0,637,600,-0.0292,-279.0411,6.8213,0.4212,54.895069,9.794607,108.3,5.845,1.85,335.95,54.895069,9.793790,54.895348,9.797490
1386951599,1,0,440.5,0,0,0,0,637,650,-0.0292,-279.0411,6.8213,0.4212,54.895069,9.794638,108.3,5.845,1.85,335.95,54.895069,9.793790,54.895348,9.797490
1386951599,1,0,440.4,0,1,4,0,637,600,-0.0292,-279.3078,6.8213,0.4212,54.895069,9.794669,108.3,5.845,1.85,335.95,54.895069,9.793790,54.895348,9.797490
1386951599,1,0,440.3,0,0,0,0,632,650,-0.0292,-279.3078,6.8213,0.4212,54.895069,9.794700,108.3,5.845,1.85,335.95,54.895069,9.793790,54.895348,9.797490
1386951600,1,0,440.2,0,0,4,0,632,600,-0.0292,-279.3078,6.8213,0.4212,54.895069,9.794730,108.3,5.845,1.85,335.95,54.895069,9.793790,54.895348,9.797490
1386951600,1,0,440.1,0,1,0,0,632,650,-0.0292,-279.5744,6.8213,0.4212,54.895069,9.794762,108.3,5.845,1.85,335.95,54.895069,9.793790,54.895348,9.797490
1386951600,1,0,440.0,0,0,4,0,628,600,-0.0292,-279.5744,6.8213,0.4212,54.895069,9.794792,108.3,5.845,1.85,335.95,54.895069,9.793790,54.895348,9.797490
1386951600,1,0,439.9,0,1,0,0,628,650,-0.0292,-279.8411,6.8213,0.4212,54.895069,9.794823,108.3,5.845,1.85,335.95,54.895069,9.793790,54.895348,9.797490
1386951601,1,0,439.8,0,0,4,0,624,600,-0.0292,-279.8411,6.8213,0.4212,54.895069,9.794853,108.3,5.845,1.85,335.95,54.895069,9.793790,54.895348,9.797490
1386951601,1,0,439.7,0,1,0,0,624,650,-0.0292,-280.1078,6.8213,0.4212,54.895069,9.794885,108.3,5.845,1.85,335.95,54.895069,9.793790,54.895348,9.797490
1386951601,1,0,439.5,0,0,4,0,620,600,-0.0292,-280.1078,6.8213,0.4212,54.895069,9.794915,108.3,5.845,1.85,335.95,54.895069,9.793790,54.895348,9.797490
1386951601,1,0,439.4,0,0,0,0,620,650,-0.0292,-280.1078,6.8213,0.4212,54.895069,9.794946,108.3,5.845,1.85,335.95,54.895069,9.793790,54.895348,9.797490
1386951602,1,0,439.3,0,1,4,0,620,600,-0.0292,-280.3744,6.8213,0.4212,54.895069,9.794977,108.3,5.845,1.85,335.95,54.895069,9.793790,54.895348,9.797490
1386951602,1,0,439.2,0,0,0,0,616,650,-0.0292,-280.3744,6.8213,0.4212,54.895069,9.795008,108.3,5.845,1.85,335.95,54.895069,9.793790,54.895348,9.797490
1386951602,1,0,439.0,0,1,4,0,616,600,-0.0292,-280.6411,6.8213,0.4212,54.895069,9.795038,108.3,5.845,1.85,335.95,54.895069,9.793790,54.895348,9.797490
1386951602,1,0,438.9,0,0,0,0,612,650,-0.0292,-280.6411,6.8213,0.4212,54.895069,9.795069,108.3,5.845,1.85,335.95,54.895069,9.793790,54.895348,9.797490
1386951603,1,0,438.8,0,1,4,0,612,600,-0.0292,-280.9077,6.8213,0.4212,54.895069,9.795100,108.3,5.845,1.85,335.95,54.895069,9.793790,54.895348,9.797490
1386951603,1,0,438.6,0,0,0,0,607,650,-0.0292,-280.9077,6.8213,0.4212,54.895069,9.795131,108.3,5.845,1.85,335.95,54.895069,9.793790,54.895348,9.797490
1386951603,1,0,438.5,0,1,4,0,607,600,-0.0292,-281.1744,6.8213,0.4212,54.895069,9.795161,108.3,5.845,1.85,335.95,54.895069,9.793790,54.895348,9.797490
1386951603,1,0,438.3,0,1,0,0,603,650,-0.0292,-281.4411,6.8213,0.4212,54.895069,9.795192,108.3,5.845,1.85,335.95,54.895069,9.793790,54.895348,9.797490
1386951604,1,0,438.2,0,0,4,0,599,600,-0.0292,-281.4411,6.8213,0.4212,54.895069,9.795222,108.3,5.845,1.85,335.95,54.895069,9.793790,54.895348,9.797490
1386951604,1,0,438.0,0,1,0,0,599,550,-0.0292,-281.7077,6.8213,0.4212,54.895069,9.795253,108.3,5.845,1.85,335.95,54.895069,9.793790,54.895348,9.797490
1386951604,1,0,437.9,0,0,4,0,595,600,-0.0292,-281.7077,6.8213,0.4212,54.895069,9.795283,108.3,5.845,1.85,335.95,54.895069,9.793790,54.895348,9.797490
1386951604,1,0,437.7,0,1,0,0,595,550,-0.0292,-281.9744,6.8213,0.4212,54.895069,9.795314,108.3,5.845,1.85,335.95,54.895069,9.793790,54.895348,9.797490
1386951605,1,0,437.5,0,0,4,0,591,600,-0.0292,-281.9744,6.8213,0.4212,54.895069,9.795344,108.3,5.845,1.85,335.95,54.895069,9.793790,54.895348,9.797490
1386951605,1,0,437.4,0,1,0,0,591,550,-0.0292,-282.2411,6.8213,0.4212,54.895069,9.795375,108.3,5.845,1.85,335.95,54.895069,9.793790,54.895348,9.797490
1386951605,1,0,437.2,0,1,4,0,587,600,-0.0292,-282.5077,6.8213,0.4212,54.895069,9.795404,108.3,5.845,1.85,335.95,54.895069,9.793790,54.895348,9.797490
1386951605,1,0,437.0,0,0,0,0,582,550,-0.0292,-282.5077,6.8213,0.4212,54.895069,9.795435,108.3,5.845,1.85,335.95,54.895069,9.793790,54.895348,9.797490
1386951606,1,0,436.8,0,1,4,0,582,600,-0.0292,-282.7744,6.8213,0.4212,54.895069,9.795465,108.3,5.845,1.85,335.95,54.895069,9.793790,54.895348,9.797490
1386951606,1,0,436.6,0,1,0,0,578,550,-0.0292,-283.0410,6.8213,0.4212,54.895069,9.795495,108.3,5.845,1.85,335.95,54.895069,9.793790,54.895348,9.797490
1386951606,1,0,436.4,0,1,4,0,574,600,-0.0292,-283.3077,6.8213,0.4212,54.895073,9.795526,108.3,5.845,1.85,335.95,54.895069,9.793790,54.895348,9.797490
1386951606,1,0,436.4,0,0,0,0,570,550,-0.0292,-283.3077,6.8213,0.4212,54.895077,9.795556,108.3,5.845,1.85,335.95,54.895069,9.793790,54.895348,9.797490
1386951607,1,0,436.4,0,0,4,0,570,600,-0.0292,-283.3077,6.8213,0.4212,54.895081,9.795587,108.3,5.845,1.85,335.95,54.895069,9.793790,54.895348,9.797490
1386951607,1,0,436.4,0,0,0,0,570,550,-0.0292,-283.3077,6.8213,0.4212,54.895084,9.795617,108.3,5.845,1.85,335.95,54.895069,9.793790,54.895348,9.797490
1386951607,1,0,436.3,0,0,4,0,570,600,-0.0292,-283.3077,6.8213,0.4212,54.895088,9.795648,108.3,5.845,1.85,335.95,54.895069,9.793790,54.895348,9.797490
1386951607,1,0,436.3,0,0,0,0,570,550,-0.0292,-283.3077,6.8213,0.4212,54.895092,9.795678,108.3,5.845,1.85,335.95,54.895069,9.793790,54.895348,9.797490
1386951608,1,0,436.3,0,0,4,0,570,600,-0.0292,-283.3077,6.8213,0.4212,54.895100,9.795708,108.3,5.845,1.85,335.95,54.895069,9.793790,54.895348,9.797490
1386951608,1,0,436.5,0,0,0,0,570,550,-0.0292,-283.3077,6.8213,0.4212,54.895103,9.795738,108.3,5.845,1.85,335.95,54.895069,9.793790,54.895348,9.797490
1386951608,1,0,436.5,0,0,4,0,570,600,-0.0292,-283.3077,6.8213,0.4212,54.895107,9.795769,108.3,5.845,1.85,335.95,54.895069,9.793790,54.895348,9.797490
1386951609,1,0,436.4,0,0,0,0,570,550,-0.0292,-283.3077,6.8213,0.4212,54.895111,9.795799,108.3,5.845,1.85,335.95,54.895069,9.793790,54.895348,9.797490
1386951609,1,0,436.4,0,0,4,0,570,600,-0.0292,-283.3077,6.8213,0.4212,54.895115,9.795830,108.3,5.845,1.85,335.95,54.895069,9.793790,54.895348,9.797490
1386951609,1,0,436.4,0,0,0,0,570,550,-0.0292,-283.3077,6.8213,0.4212,54.895123,9.795860,108.3,5.845,1.85,335.95,54.895069,9.793790,54.895348,9.797490
1386951609,1,0,436.6,0,0,4,0,570,600,-0.0292,-283.3077,6.8213,0.4212,54.895126,9.795891,108.3,5.845,1.85,335.95,54.895069,9.793790,54.895348,9.797490
1386951610,1,0,436.6,0,0,0,0,570,550,-0.0292,-283.3077,6.8213,0.4212,54.895130,9.795920,108.3,5.845,1.85,335.95,54.895069,9.793790,54.895348,9.797490
1386951610,1,0,436.5,0,0,4,0,570,600,-0.0292,-283.3077,6.8213,0.4212,54.895134,9.795951,108.3,5.845,1.85,335.95,54.895069,9.793790,54.895348,9.797490
1386951610,1,0,436.5,0,0,0,0,570,550,-0.0292,-283.3077,6.8213,0.4212,54.895138,9.795981,108.3,5.845,1.85,335.95,54.895069,9.793790,54.895348,9.797490
1386951610,1,0,436.5,0,0,4,0,570,600,-0.0292,-283.3077,6.8213,0.4212,54.895142,9.796011,108.3,5.845,1.85,335.95,54.895069,9.793790,54.895348,9.797490
1386951611,1,0,436.5,0,0,0,0,570,550,-0.0292,-283.3077,6.8213,0.4212,54.895149,9.796041,108.3,5.845,1.85,335.95,54.895069,9.793790,54.895348,9.797490
1386951611,1,0,436.7,0,0,4,0,570,600,-0.0292,-283.3077,6.8213,0.4212,54.895153,9.796072,108.3,5.845,1.85,335.95,54.895069,9.793790,54.895348,9.797490
1386951611,1,0,436.7,0,0,0,0,570,550,-0.0292,-283.3077,6.8213,0.4212,54.895157,9.796103,108.3,5.845,1.85,335.95,54.895069,9.793790,54.895348,9.797490
1386951611,1,0,436.6,0,0,4,0,570,600,-0.0292,-283.3077,6.8213,0.4212,54.895161,9.796133,108.3,5.845,1.85,335.95,54.895069,9.793790,54.895348,9.797490
1386951612,1,0,436.6,0,0,0,0,570,550,-0.0292,-283.3077,6.8213,0.4212,54.895164,9.796164,108.3,5.845,1.85,335.95,54.895069,9.793790,54.895348,9.797490
1386951612,1,0,436.6,0,0,4,0,570,600,-0.0292,-283.3077,6.8213,0.4212,54.895172,9.796194,108.3,5.845,1.85,335.95,54.895069,9.793790,54.895348,9.797490
1386951612,1,0,436.8,0,0,0,0,570,550,-0.0292,-283.3077,6.8213,0.4212,54.895176,9.796224,108.3,5.845,1.85,335.95,54.895069,9.793790,54.895348,9.797490
1386951612,1,0,436.8,0,0,4,0,570,600,-0.0292,-283.3077,6.8213,0.4212,54.895180,9.796254,108.3,5.845,1.85,335.95,54.895069,9.793790,54.895348,9.797490
1386951613,1,0,436.8,0,0,0,0,570,550,-0.0292,-283.3077,6.8213,0.4212,54.895184,9.796285,108.3,5.845,1.85,335.95,54.895069,9.793790,54.895348,9.797490
1386951613,1,0,436.8,0,0,4,0,570,600,-0.0292,-283.3077,6.8213,0.4212,54.895187,9.796315,108.3,5.845,1.85,335.95,54.895069,9.793790,54.895348,9.797490
1386951613,1,0,436.7,0,0,0,0,570,550,-0.0292,-283.3077,6.8213,0.4212,54.895191,9.796346,108.3,5.845,1.85,335.95,54.895069,9.793790,54.895348,9.797490
1386951613,1,0,436.7,0,0,4,0,570,600,-0.0292,-283.3077,6.8213,0.4212,54.895199,9.796376,108.3,5.845,1.85,335.95,54.895069,9.793790,54.895348,9.797490
1386951614,1,0,437.0,0,0,0,0,570,550,-0.0292,-283.3077,6.8213,0.4212,54.895203,9.796407,108.3,5.845,1.85,335.95,54.895069,9.793790,54.895348,9.797490
1386951614,1,0,437.0,0,0,4,0,570,600,-0.0292,-283.3077,6.8213,0.4212,54.895206,9.796436,108.3,5.845,1.85,335.95,54.895069,9.793790,54.895348,9.797490
1386951614,1,0,437.0,0,0,0,0,570,550,-0.0292,-283.3077,6.8213,0.4212,54.895210,9.796467,108.3,5.845,1.85,335.95,54.895069,9.793790,54.895348,9.797490
1386951614,1,0,436.9,0,0,4,0,570,600,-0.0292,-283.3077,6.8213,0.4212,54.895214,9.796497,108.3,5.845,1.85,335.95,54.895069,9.793790,54.895348,9.797490
1386951615,1,0,436.9,0,0,0,0,570,550,-0.0292,-283.3077,6.8213,0.4212,54.895222,9.796528,108.3,5.845,1.85,335.95,54.895069,9.793790,54.895348,9.797490
1386951615,1,0,437.3,0,-1,-4,0,570,600,-0.0292,-283.0410,6.8213,0.4212,54.895226,9.796558,108.3,5.845,1.85,335.95,54.895069,9.793790,54.895348,9.797490
1386951615,1,0,437.2,0,0,0,0,574,550,-0.0292,-283.0410,6.8213,0.4212,54.895229,9.796589,108.3,5.845,1.85,335.95,54.895069,9.793790,54.895348,9.797490
1386951615,1,0,437.2,0,0,4,0,574,600,-0.0292,-283.0410,6.8213,0.4212,54.895233,9.796619,108.3,5.845,1.85,335.95,54.895069,9.793790,54.895348,9.797490
1386951616,1,0,437.2,0,0,0,0,574,550,-0.0292,-283.0410,6.8213,0.4212,54.895237,9.796649,108.3,5.845,1.85,335.95,54.895069,9.793790,54.895348,9.797490
1386951616,1,0,437.2,0,0,4,0,574,600,-0.0292,-283.0410,6.8213,0.4212,54.895241,9.796679,108.3,5.845,1.85,335.95,54.895069,9.793790,54.895348,9.797490
1386951616,1,0,437.2,0,0,0,0,574,550,-0.0292,-283.0410,6.8213,0.4212,54.895248,9.796710,108.3,5.845,1.85,335.95,54.895069,9.793790,54.895348,9.797490
1386951616,1,0,437.6,0,-1,-4,0,574,600,-0.0292,-282.7744,6.8213,0.4212,54.895252,9.796741,108.3,5.845,1.85,335.95,54.895069,9.793790,54.895348,9.797490
1386951617,1,0,437.6,0,0,0,0,578,550,-0.0292,-282.7744,6.8213,0.4212,54.895256,9.796771,108.3,5.845,1.85,335.95,54.895069,9.793790,54.895348,9.797490
1386951617,1,0,437.6,0,0,4,0,578,600,-0.0292,-282.7744,6.8213,0.4212,54.895260,9.796802,108.3,5.845,1.85,335.95,54.895069,9.793790,54.895348,9.797490
1386951617,1,0,437.6,0,0,0,0,578,550,-0.0292,-282.7744,6.8213,0.4212,54.895264,9.796832,108.3,5.845,1.85,335.95,54.895069,9.793790,54.895348,9.797490
1386951617,1,0,437.6,0,0,4,0,578,600,-0.0292,-282.7744,6.8213,0.4212,54.895271,9.796863,108.3,5.845,1.85,335.95,54.895069,9.793790,54.895348,9.797490
1386951618,1,0,438.1,0,-1,0,0,578,550,-0.0292,-282.5077,6.8213,0.4212,54.895275,9.796893,108.3,5.845,1.85,335.95,54.895069,9.793790,54.895348,9.797490
1386951618,1,0,438.2,0,-1,-4,0,582,600,-0.0292,-282.2411,6.8213,0.4212,54.895279,9.796924,108.3,5.845,1.85,335.95,54.895069,9.793790,54.895348,9.797490
1386951618,1,0,438.2,0,0,0,0,587,550,-0.0292,-282.2411,6.8213,0.4212,54.895283,9.796954,108.3,5.845,1.85,335.95,54.895069,9.793790,54.895348,9.797490
1386951618,1,0,438.2,0,0,4,0,587,600,-0.0292,-282.2411,6.8213,0.4212,54.895287,9.796985,108.3,5.845,1.85,335.95,54.895069,9.793790,54.895348,9.797490
