MCU_timestamp,Navigation_System,Manual_Control,Guidance_Heading,Manual_Ctrl_Rudder,Rudder_Desired_Angle,Rudder_Feedback,Manual_Ctrl_Sail,Sail_Desired_Pos,Sail_Feedback,Rate,Heading,Pitch,Roll,Latitude,Longitude,COG,SOG,Wind_Speed,Wind_Angle,Point_Start_Lat,Point_Start_Lon,Point_End_Lat,Point_End_Lon
1387090770,0,0,0.0,0,0,4,0,0,0,-0.0292,213.2923,6.8213,0.4212,54.890156,9.800722,108.3,5.845,1.85,30.00,0.000000,0.000000,0.000000,0.000000
1387090770,0,0,0.0,0,0,4,0,0,0,-0.0292,213.2923,6.8213,0.4212,54.890156,9.800722,108.3,5.845,1.85,30.00,0.000000,0.000000,0.000000,0.000000
1387090770,0,0,0.0,0,0,4,0,0,0,-0.0292,213.2923,6.8213,0.4212,54.890156,9.800722,108.3,5.845,1.85,30.00,0.000000,0.000000,0.000000,0.000000
1387090771,0,0,0.0,0,0,4,0,0,0,-0.0292,213.2923,6.8213,0.4212,54.890156,9.800722,108.3,5.845,1.85,30.00,0.000000,0.000000,0.000000,0.000000
1387090771,0,0,0.0,0,0,4,0,0,0,-0.0292,213.2923,6.8213,0.4212,54.890156,9.800722,108.3,5.845,1.85,30.00,0.000000,0.000000,0.000000,0.000000
1387090771,0,0,0.0,0,0,4,0,0,0,-0.0292,213.2923,6.8213,0.4212,54.890156,9.800722,108.3,5.845,1.85,30.00,0.000000,0.000000,0.000000,0.000000
1387090771,0,0,0.0,0,0,4,0,0,0,-0.0292,213.2923,6.8213,0.4212,54.890156,9.800722,108.3,5.845,1.85,30.00,0.000000,0.000000,0.000000,0.000000
1387090772,0,0,0.0,0,0,4,0,0,0,-0.0292,213.2923,6.8213,0.4212,54.890156,9.800722,108.3,5.845,1.85,30.00,0.000000,0.000000,0.000000,0.000000
1387090772,0,0,0.0,0,0,4,0,0,0,-0.0292,213.2923,6.8213,0.4212,54.890156,9.800722,108.3,5.845,1.85,30.00,0.000000,0.000000,0.000000,0.000000
1387090772,0,0,0.0,0,0,4,0,0,0,-0.0292,213.2923,6.8213,0.4212,54.890156,9.800722,108.3,5.845,1.85,30.00,0.000000,0.000000,0.000000,0.000000
1387090772,0,0,0.0,0,0,4,0,0,0,-0.0292,213.2923,6.8213,0.4212,54.890156,9.800722,108.3,5.845,1.85,30.00,0.000000,0.000000,0.000000,0.000000
1387090773,0,0,0.0,0,0,4,0,0,0,-0.0292,213.2923,6.8213,0.4212,54.890156,9.800722,108.3,5.845,1.85,30.00,0.000000,0.000000,0.000000,0.000000
1387090773,0,0,0.0,0,0,4,0,0,0,-0.0292,213.2923,6.8213,0.4212,54.890156,9.800722,108.3,5.845,1.85,30.00,0.000000,0.000000,0.000000,0.000000
1387090773,0,0,0.0,0,0,4,0,0,0,-0.0292,213.2923,6.8213,0.4212,54.890156,9.800722,108.3,5.845,1.85,30.00,0.000000,0.000000,0.000000,0.000000
1387090773,0,0,0.0,0,0,4,0,0,0,-0.0292,213.2923,6.8213,0.4212,54.890156,9.800722,108.3,5.845,1.85,30.00,0.000000,0.000000,0.000000,0.000000
1387090774,0,0,0.0,0,0,4,0,0,0,-0.0292,213.2923,6.8213,0.4212,54.890156,9.800722,108.3,5.845,1.85,30.00,0.000000,0.000000,0.000000,0.000000
1387090774,0,0,0.0,0,0,4,0,0,0,-0.0292,213.2923,6.8213,0.4212,54.890156,9.800722,108.3,5.845,1.85,30.00,0.000000,0.000000,0.000000,0.000000
1387090774,0,0,0.0,0,0,4,0,0,0,-0.0292,213.2923,6.8213,0.4212,54.890156,9.800722,108.3,5.845,1.85,30.00,0.000000,0.000000,0.000000,0.000000
1387090774,0,0,0.0,0,0,4,0,0,0,-0.0292,213.2923,6.8213,0.4212,54.890156,9.800722,108.3,5.845,1.85,30.00,0.000000,0.000000,0.000000,0.000000
1387090775,0,0,0.0,0,0,4,0,0,0,-0.0292,213.2923,6.8213,0.4212,54.890156,9.800722,108.3,5.845,1.85,30.00,0.000000,0.000000,0.000000,0.000000
1387090775,0,0,0.0,0,0,4,0,0,0,-0.0292,213.2923,6.8213,0.4212,54.890156,9.800722,108.3,5.845,1.85,30.00,0.000000,0.000000,0.000000,0.000000
1387090775,0,0,0.0,0,0,4,0,0,0,-0.0292,213.2923,6.8213,0.4212,54.890156,9.800722,108.3,5.845,1.85,30.00,0.000000,0.000000,0.000000,0.000000
1387090775,0,0,0.0,0,0,4,0,0,0,-0.0292,213.2923,6.8213,0.4212,54.890156,9.800722,108.3,5.845,1.85,30.00,0.000000,0.000000,0.000000,0.000000
1387090776,0,0,0.0,0,0,4,0,0,0,-0.0292,213.2923,6.8213,0.4212,54.890156,9.800722,108.3,5.845,1.85,30.00,0.000000,0.000000,0.000000,0.000000
1387090776,0,0,0.0,0,0,4,0,0,0,-0.0292,213.2923,6.8213,0.4212,54.890156,9.800722,108.3,5.845,1.85,30.00,0.000000,0.000000,0.000000,0.000000
1387090776,0,0,0.0,0,0,4,0,0,0,-0.0292,213.2923,6.8213,0.4212,54.890156,9.800722,108.3,5.845,1.85,30.00,0.000000,0.000000,0.000000,0.000000
1387090776,0,0,0.0,0,0,4,0,0,0,-0.0292,213.2923,6.8213,0.4212,54.890156,9.800722,108.3,5.845,1.85,30.00,0.000000,0.000000,0.000000,0.000000
1387090777,0,0,0.0,0,0,4,0,0,0,-0.0292,213.2923,6.8213,0.4212,54.890156,9.800722,108.3,5.845,1.85,30.00,0.000000,0.000000,0.000000,0.000000
1387090777,0,0,0.0,0,0,4,0,0,0,-0.0292,213.2923,6.8213,0.4212,54.890156,9.800722,108.3,5.845,1.85,30.00,0.000000,0.000000,0.000000,0.000000
1387090777,0,0,0.0,0,0,4,0,0,0,-0.0292,213.2923,6.8213,0.4212,54.890156,9.800722,108.3,5.845,1.85,30.00,0.000000,0.000000,0.000000,0.000000
1387090777,0,0,0.0,0,0,4,0,0,0,-0.0292,213.2923,6.8213,0.4212,54.890156,9.800722,108.3,5.845,1.85,30.00,0.000000,0.000000,0.000000,0.000000
1387090778,0,0,0.0,0,0,4,0,0,0,-0.0292,213.2923,6.8213,0.4212,54.890156,9.800722,108.3,5.845,1.85,30.00,0.000000,0.000000,0.000000,0.000000
1387090778,0,0,0.0,0,0,4,0,0,0,-0.0292,213.2923,6.8213,0.4212,54.890156,9.800722,108.3,5.845,1.85,30.00,0.000000,0.000000,0.000000,0.000000
1387090778,0,0,0.0,0,0,4,0,0,0,-0.0292,213.2923,6.8213,0.4212,54.890156,9.800722,108.3,5.845,1.85,30.00,0.000000,0.000000,0.000000,0.000000
1387090778,0,0,0.0,0,0,4,0,0,0,-0.0292,213.2923,6.8213,0.4212,54.890156,9.800722,108.3,5.845,1.85,30.00,0.000000,0.000000,0.000000,0.000000
1387090779,0,0,0.0,0,0,4,0,0,0,-0.0292,213.2923,6.8213,0.4212,54.890156,9.800722,108.3,5.845,1.85,30.00,0.000000,0.000000,0.000000,0.000000
1387090779,0,0,0.0,0,0,4,0,0,0,-0.0292,213.2923,6.8213,0.4212,54.890156,9.800722,108.3,5.845,1.85,30.00,0.000000,0.000000,0.000000,0.000000
1387090779,0,0,0.0,0,0,4,0,0,0,-0.0292,213.2923,6.8213,0.4212,54.890156,9.800722,108.3,5.845,1.85,30.00,0.000000,0.000000,0.000000,0.000000
1387090779,0,0,0.0,0,0,4,0,0,0,-0.0292,213.2923,6.8213,0.4212,54.890156,9.800722,108.3,5.845,1.85,30.00,0.000000,0.000000,0.000000,0.000000
1387090780,0,0,0.0,0,0,4,0,0,0,-0.0292,213.2923,6.8213,0.4212,54.890156,9.800722,108.3,5.845,1.85,30.00,0.000000,0.000000,0.000000,0.000000
1387090780,0,0,0.0,0,0,4,0,0,0,-0.0292,213.2923,6.8213,0.4212,54.890156,9.800722,108.3,5.845,1.85,30.00,0.000000,0.000000,0.000000,0.000000
1387090780,0,0,0.0,0,0,4,0,0,0,-0.0292,213.2923,6.8213,0.4212,54.890156,9.800722,108.3,5.845,1.85,30.00,0.000000,0.000000,0.000000,0.000000
1387090780,0,0,0.0,0,0,4,0,0,0,-0.0292,213.2923,6.8213,0.4212,54.890156,9.800722,108.3,5.845,1.85,30.00,0.000000,0.000000,0.000000,0.000000
1387090781,0,0,0.0,0,0,4,0,0,0,-0.0292,213.2923,6.8213,0.4212,54.890156,9.800722,108.3,5.845,1.85,30.00,0.000000,0.000000,0.000000,0.000000
1387090781,0,0,0.0,0,0,4,0,0,0,-0.0292,213.2923,6.8213,0.4212,54.890156,9.800722,108.3,5.845,1.85,30.00,0.000000,0.000000,0.000000,0.000000
1387090781,0,0,0.0,0,0,4,0,0,0,-0.0292,213.2923,6.8213,0.4212,54.890156,9.800722,108.3,5.845,1.85,30.00,0.000000,0.000000,0.000000,0.000000
1387090781,0,0,0.0,0,0,4,0,0,0,-0.0292,213.2923,6.8213,0.4212,54.890156,9.800722,108.3,5.845,1.85,30.00,0.000000,0.000000,0.000000,0.000000
1387090782,0,0,0.0,0,0,4,0,0,0,-0.0292,213.2923,6.8213,0.4212,54.890156,9.800722,108.3,5.845,1.85,30.00,0.000000,0.000000,0.000000,0.000000
1387090782,0,0,0.0,0,0,4,0,0,0,-0.0292,213.2923,6.8213,0.4212,54.890156,9.800722,108.3,5.845,1.85,30.00,0.000000,0.000000,0.000000,0.000000
1387090782,0,0,0.0,0,0,4,0,0,0,-0.0292,213.2923,6.8213,0.4212,54.890156,9.800722,108.3,5.845,1.85,30.00,0.000000,0.000000,0.000000,0.000000
1387090782,4,0,0.0,0,0,4,0,0,0,-0.0292,213.2923,6.8213,0.4212,54.890156,9.800722,108.3,5.845,1.85,30.00,0.000000,0.000000,0.000000,0.000000
1387090783,1,0,180.0,0,33,8,0,0,0,-0.0292,202.2923,6.8213,0.4212,54.890137,9.800711,108.3,5.845,1.85,30.00,54.890156,9.800722,54.895069,9.793790
1387090783,1,0,180.0,0,22,12,0,0,0,-0.0292,194.9589,6.8213,0.4212,54.890118,9.800703,108.3,5.845,1.85,30.00,54.890156,9.800722,54.895069,9.793790
1387090783,1,0,180.0,0,15,16,0,713,50,-0.0292,189.9589,6.8213,0.4212,54.890102,9.800697,108.3,5.845,1.85,30.00,54.890156,9.800722,54.895069,9.793790
1387090783,1,0,180.0,0,10,12,0,713,100,-0.0292,186.6256,6.8213,0.4212,54.890083,9.800694,108.3,5.845,1.85,30.00,54.890156,9.800722,54.895069,9.793790
1387090784,1,0,180.0,0,7,8,0,713,150,-0.0292,184.2923,6.8213,0.4212,54.890064,9.800691,108.3,5.845,1.85,30.00,54.890156,9.800722,54.895069,9.793790
1387090784,1,0,180.0,0,4,4,0,713,200,-0.0292,182.9589,6.8213,0.4212,54.890045,9.800689,108.3,5.845,1.85,30.00,54.890156,9.800722,54.895069,9.793790
1387090784,1,0,180.0,0,3,0,0,0,150,-0.0292,181.9589,6.8213,0.4212,54.890030,9.800688,108.3,5.845,1.85,30.00,54.890156,9.800722,54.895069,9.793790
1387090784,1,0,180.0,0,2,4,0,0,100,-0.0292,181.2923,6.8213,0.4212,54.890011,9.800688,108.3,5.845,1.85,30.00,54.890156,9.800722,54.895069,9.793790
1387090785,1,0,180.0,0,1,0,0,0,50,-0.0292,180.9589,6.8213,0.4212,54.889992,9.800688,108.3,5.845,1.85,30.00,54.890156,9.800722,54.895069,9.793790
1387090785,1,0,180.0,0,1,4,0,0,0,-0.0292,180.6256,6.8213,0.4212,54.889973,9.800688,108.3,5.845,1.85,30.00,54.890156,9.800722,54.895069,9.793790
1387090785,1,0,180.0,0,1,0,0,0,0,-0.0292,180.2923,6.8213,0.4212,54.889957,9.800688,108.3,5.845,1.85,30.00,54.890156,9.800722,54.895069,9.793790
1387090785,1,0,240.0,0,-35,-4,0,0,0,-0.0292,191.9590,6.8213,0.4212,54.889938,9.800682,108.3,5.845,1.85,30.00,54.890156,9.800722,54.895069,9.793790
1387090786,1,0,240.0,0,-35,-8,0,0,0,-0.0292,203.6256,6.8213,0.4212,54.889923,9.800670,108.3,5.845,1.85,30.00,54.890156,9.800722,54.895069,9.793790
1387090786,1,0,240.0,0,-35,-12,0,0,0,-0.0292,215.2923,6.8213,0.4212,54.889908,9.800652,108.3,5.845,1.85,30.00,54.890156,9.800722,54.895069,9.793790
1387090786,1,0,240.0,0,-25,-16,0,0,0,-0.0292,223.6256,6.8213,0.4212,54.889893,9.800630,108.3,5.845,1.85,30.00,54.890156,9.800722,54.895069,9.793790
1387090786,1,0,240.0,0,-16,-12,0,0,0,-0.0292,228.9590,6.8213,0.4212,54.889881,9.800606,108.3,5.845,1.85,30.00,54.890156,9.800722,54.895069,9.793790
1387090787,1,0,240.0,0,-11,-8,0,0,0,-0.0292,232.6256,6.8213,0.4212,54.889870,9.800581,108.3,5.845,1.85,30.00,54.890156,9.800722,54.895069,9.793790
1387090787,1,0,240.0,0,-7,-4,0,0,0,-0.0292,234.9590,6.8213,0.4212,54.889858,9.800555,108.3,5.845,1.85,30.00,54.890156,9.800722,54.895069,9.793790
1387090787,1,0,240.0,0,-5,-8,0,0,0,-0.0292,236.6256,6.8213,0.4212,54.889847,9.800529,108.3,5.845,1.85,30.00,54.890156,9.800722,54.895069,9.793790
1387090787,1,0,240.0,0,-3,-4,0,0,0,-0.0292,237.6256,6.8213,0.4212,54.889839,9.800503,108.3,5.845,1.85,30.00,54.890156,9.800722,54.895069,9.793790
1387090788,1,0,240.0,0,-2,0,0,713,50,-0.0292,238.2923,6.8213,0.4212,54.889828,9.800476,108.3,5.845,1.85,30.00,54.890156,9.800722,54.895069,9.793790
1387090788,1,0,240.0,0,-2,-4,0,713,100,-0.0292,238.9590,6.8213,0.4212,54.889820,9.800448,108.3,5.845,1.85,30.00,54.890156,9.800722,54.895069,9.793790
1387090788,0,0,240.0,0,-2,-4,0,713,100,-0.0292,238.9590,6.8213,0.4212,54.889820,9.800448,108.3,5.845,1.85,30.00,54.890156,9.800722,54.895069,9.793790
1387090788,0,0,240.0,0,-2,-4,0,713,100,-0.0292,238.9590,6.8213,0.4212,54.889820,9.800448,108.3,5.845,1.85,30.00,54.890156,9.800722,54.895069,9.793790
1387090789,0,0,240.0,0,-2,-4,0,713,100,-0.0292,238.9590,6.8213,0.4212,54.889820,9.800448,108.3,5.845,1.85,30.00,54.890156,9.800722,54.895069,9.793790
1387090789,0,0,240.0,0,-2,-4,0,713,100,-0.0292,238.9590,6.8213,0.4212,54.889820,9.800448,108.3,5.845,1.85,30.00,54.890156,9.800722,54.895069,9.793790
1387090789,0,0,240.0,0,-2,-4,0,713,100,-0.0292,238.9590,6.8213,0.4212,54.889820,9.800448,108.3,5.845,1.85,30.00,54.890156,9.800722,54.895069,9.793790
1387090789,4,0,240.0,0,-2,-4,0,713,100,-0.0292,238.9590,6.8213,0.4212,54.889820,9.800448,108.3,5.845,1.85,30.00,54.890156,9.800722,54.895069,9.793790
1387090790,1,0,240.0,0,-1,0,0,713,150,-0.0292,239.2923,6.8213,0.4212,54.889812,9.800422,108.3,5.845,1.85,30.00,54.889820,9.800448,54.895069,9.793790
1387090790,1,0,240.0,0,-1,-4,0,713,200,-0.0292,239.6256,6.8213,0.4212,54.889801,9.800395,108.3,5.845,1.85,30.00,54.889820,9.800448,54.895069,9.793790
1387090790,1,0,240.0,0,0,0,0,713,250,-0.0292,239.6256,6.8213,0.4212,54.889793,9.800367,108.3,5.845,1.85,30.00,54.889820,9.800448,54.895069,9.793790
1387090790,1,0,240.0,0,0,4,0,713,300,-0.0292,239.6256,6.8213,0.4212,54.889786,9.800341,108.3,5.845,1.85,30.00,54.889820,9.800448,54.895069,9.793790
1387090791,1,0,240.0,0,0,0,0,713,350,-0.0292,239.6256,6.8213,0.4212,54.889774,9.800314,108.3,5.845,1.85,30.00,54.889820,9.800448,54.895069,9.793790
1387090791,1,0,-25.0,0,-35,-4,0,713,400,-0.0292,251.2923,6.8213,0.4212,54.889771,9.800284,108.3,5.845,1.85,30.00,54.889820,9.800448,54.895069,9.793790
1387090791,1,0,-25.0,0,-35,-8,0,713,450,-0.0292,262.9590,6.8213,0.4212,54.889771,9.800254,108.3,5.845,1.85,30.00,54.889820,9.800448,54.895069,9.793790
1387090791,1,0,-25.0,0,-35,-12,0,870,500,-0.0292,274.6256,6.8213,0.4212,54.889771,9.800223,108.3,5.845,1.85,30.00,54.889820,9.800448,54.895069,9.793790
1387090792,1,0,-25.0,0,-35,-16,0,793,550,-0.0292,286.2923,6.8213,0.4212,54.889774,9.800193,108.3,5.845,1.85,30.00,54.889820,9.800448,54.895069,9.793790
1387090792,1,0,-25.0,0,-35,-20,0,617,600,-0.0292,297.9589,6.8213,0.4212,54.889782,9.800165,108.3,5.845,1.85,30.00,54.889820,9.800448,54.895069,9.793790
1387090792,1,0,-25.0,0,-35,-24,0,432,550,-0.0292,309.6256,6.8213,0.4212,54.889790,9.800141,108.3,5.845,1.85,30.00,54.889820,9.800448,54.895069,9.793790
1387090792,1,0,-25.0,0,-25,-28,0,248,500,-0.0292,317.9589,6.8213,0.4212,54.889801,9.800120,108.3,5.845,1.85,30.00,54.889820,9.800448,54.895069,9.793790
1387090793,1,0,-25.0,0,-17,-24,0,129,450,-0.0292,323.6256,6.8213,0.4212,54.889816,9.800102,108.3,5.845,1.85,30.00,54.889820,9.800448,54.895069,9.793790
1387090793,1,0,-25.0,0,-11,-20,0,63,400,-0.0292,327.2922,6.8213,0.4212,54.889832,9.800085,108.3,5.845,1.85,30.00,54.889820,9.800448,54.895069,9.793790
1387090793,1,0,-25.0,0,-8,-16,0,30,350,-0.0292,329.9589,6.8213,0.4212,54.889847,9.800070,108.3,5.845,1.85,30.00,54.889820,9.800448,54.895069,9.793790
1387090793,1,0,-25.0,0,-5,-12,0,13,300,-0.0292,331.6255,6.8213,0.4212,54.889862,9.800055,108.3,5.845,1.85,30.00,54.889820,9.800448,54.895069,9.793790
1387090794,1,0,-25.0,0,-3,-8,0,6,250,-0.0292,332.6255,6.8213,0.4212,54.889877,9.800040,108.3,5.845,1.85,30.00,54.889820,9.800448,54.895069,9.793790
1387090794,1,0,-25.0,0,-2,-4,0,3,200,-0.0292,333.2922,6.8213,0.4212,54.889896,9.800027,108.3,5.845,1.85,30.00,54.889820,9.800448,54.895069,9.793790
1387090794,1,0,-25.0,0,-2,0,0,2,150,-0.0292,333.9589,6.8213,0.4212,54.889912,9.800014,108.3,5.845,1.85,30.00,54.889820,9.800448,54.895069,9.793790
1387090794,1,0,-25.0,0,-1,-4,0,1,100,-0.0292,334.2922,6.8213,0.4212,54.889927,9.800000,108.3,5.845,1.85,30.00,54.889820,9.800448,54.895069,9.793790
1387090795,1,0,-25.0,0,-1,0,0,0,50,-0.0292,334.6255,6.8213,0.4212,54.889946,9.799987,108.3,5.845,1.85,30.00,54.889820,9.800448,54.895069,9.793790
1387090795,1,0,-25.0,0,0,4,0,0,0,-0.0292,334.6255,6.8213,0.4212,54.889965,9.799973,108.3,5.845,1.85,30.00,54.889820,9.800448,54.895069,9.793790
1387090795,1,0,-25.0,0,0,0,0,0,0,-0.0292,334.6255,6.8213,0.4212,54.889980,9.799960,108.3,5.845,1.85,30.00,54.889820,9.800448,54.895069,9.793790
1387090795,1,0,-25.0,0,0,4,0,0,0,-0.0292,334.6255,6.8213,0.4212,54.889996,9.799947,108.3,5.845,1.85,30.00,54.889820,9.800448,54.895069,9.793790
1387090796,1,0,-25.0,0,0,0,0,0,0,-0.0292,334.6255,6.8213,0.4212,54.890015,9.799933,108.3,5.845,1.85,30.00,54.889820,9.800448,54.895069,9.793790
1387090796,1,0,-25.0,0,0,4,0,0,0,-0.0292,334.6255,6.8213,0.4212,54.890030,9.799920,108.3,5.845,1.85,30.00,54.889820,9.800448,54.895069,9.793790
1387090796,1,0,-25.0,0,0,0,0,0,0,-0.0292,334.6255,6.8213,0.4212,54.890045,9.799907,108.3,5.845,1.85,30.00,54.889820,9.800448,54.895069,9.793790
1387090796,1,0,-25.0,0,0,4,0,0,0,-0.0292,334.6255,6.8213,0.4212,54.890064,9.799893,108.3,5.845,1.85,30.00,54.889820,9.800448,54.895069,9.793790
1387090797,1,0,-25.0,0,0,0,0,0,0,-0.0292,334.6255,6.8213,0.4212,54.890079,9.799880,108.3,5.845,1.85,30.00,54.889820,9.800448,54.895069,9.793790
1387090797,1,0,-25.0,0,0,4,0,0,0,-0.0292,334.6255,6.8213,0.4212,54.890095,9.799867,108.3,5.845,1.85,30.00,54.889820,9.800448,54.895069,9.793790
1387090797,1,0,-25.0,0,0,0,0,0,0,-0.0292,334.6255,6.8213,0.4212,54.890114,9.799853,108.3,5.845,1.85,30.00,54.889820,9.800448,54.895069,9.793790
1387090797,1,0,-25.0,0,0,4,0,0,0,-0.0292,334.6255,6.8213,0.4212,54.890129,9.799840,108.3,5.845,1.85,30.00,54.889820,9.800448,54.895069,9.793790
1387090798,1,0,-25.0,0,0,0,0,0,0,-0.0292,334.6255,6.8213,0.4212,54.890144,9.799827,108.3,5.845,1.85,30.00,54.889820,9.800448,54.895069,9.793790
1387090798,1,0,-25.0,0,0,4,0,0,0,-0.0292,334.6255,6.8213,0.4212,54.890163,9.799813,108.3,5.845,1.85,30.00,54.889820,9.800448,54.895069,9.793790
1387090798,1,0,-25.0,0,0,0,0,0,0,-0.0292,334.6255,6.8213,0.4212,54.890179,9.799800,108.3,5.845,1.85,30.00,54.889820,9.800448,54.895069,9.793790
1387090799,1,0,-25.0,0,0,4,0,0,0,-0.0292,334.6255,6.8213,0.4212,54.890194,9.799787,108.3,5.845,1.85,30.00,54.889820,9.800448,54.895069,9.793790
1387090799,1,0,-25.0,0,0,0,0,0,0,-0.0292,334.6255,6.8213,0.4212,54.890213,9.799773,108.3,5.845,1.85,30.00,54.889820,9.800448,54.895069,9.793790
1387090799,1,0,-25.0,0,0,4,0,0,0,-0.0292,334.6255,6.8213,0.4212,54.890228,9.799760,108.3,5.845,1.85,30.00,54.889820,9.800448,54.895069,9.793790
1387090799,1,0,-25.0,0,0,0,0,0,0,-0.0292,334.6255,6.8213,0.4212,54.890244,9.799747,108.3,5.845,1.85,30.00,54.889820,9.800448,54.895069,9.793790
1387090800,1,0,-25.0,0,0,4,0,0,0,-0.0292,334.6255,6.8213,0.4212,54.890263,9.799733,108.3,5.845,1.85,30.00,54.889820,9.800448,54.895069,9.793790
1387090800,1,0,-25.0,0,0,0,0,0,0,-0.0292,334.6255,6.8213,0.4212,54.890278,9.799720,108.3,5.845,1.85,30.00,54.889820,9.800448,54.895069,9.793790
1387090800,1,0,-25.0,0,0,4,0,0,0,-0.0292,334.6255,6.8213,0.4212,54.890293,9.799706,108.3,5.845,1.85,30.00,54.889820,9.800448,54.895069,9.793790
1387090800,1,0,-25.0,0,0,0,0,0,0,-0.0292,334.6255,6.8213,0.4212,54.890312,9.799693,108.3,5.845,1.85,30.00,54.889820,9.800448,54.895069,9.793790
1387090801,1,0,-25.0,0,0,4,0,0,0,-0.0292,334.6255,6.8213,0.4212,54.890327,9.799680,108.3,5.845,1.85,30.00,54.889820,9.800448,54.895069,9.793790
1387090801,1,0,-25.0,0,0,0,0,0,0,-0.0292,334.6255,6.8213,0.4212,54.890343,9.799666,108.3,5.845,1.85,30.00,54.889820,9.800448,54.895069,9.793790
1387090801,1,0,-25.0,0,0,4,0,0,0,-0.0292,334.6255,6.8213,0.4212,54.890362,9.799653,108.3,5.845,1.85,30.00,54.889820,9.800448,54.895069,9.793790
1387090801,1,0,-25.0,0,0,0,0,0,0,-0.0292,334.6255,6.8213,0.4212,54.890377,9.799640,108.3,5.845,1.85,30.00,54.889820,9.800448,54.895069,9.793790
1387090802,1,0,-25.0,0,0,4,0,0,0,-0.0292,334.6255,6.8213,0.4212,54.890392,9.799626,108.3,5.845,1.85,30.00,54.889820,9.800448,54.895069,9.793790
1387090802,1,0,-25.0,0,0,0,0,0,0,-0.0292,334.6255,6.8213,0.4212,54.890411,9.799613,108.3,5.845,1.85,30.00,54.889820,9.800448,54.895069,9.793790
1387090802,1,0,-25.0,0,0,4,0,0,0,-0.0292,334.6255,6.8213,0.4212,54.890427,9.799600,108.3,5.845,1.85,30.00,54.889820,9.800448,54.895069,9.793790
1387090802,1,0,-25.0,0,0,0,0,0,0,-0.0292,334.6255,6.8213,0.4212,54.890442,9.799586,108.3,5.845,1.85,30.00,54.889820,9.800448,54.895069,9.793790
1387090803,1,0,-25.0,0,0,4,0,0,0,-0.0292,334.6255,6.8213,0.4212,54.890461,9.799573,108.3,5.845,1.85,30.00,54.889820,9.800448,54.895069,9.793790
1387090803,1,0,-25.0,0,0,0,0,0,0,-0.0292,334.6255,6.8213,0.4212,54.890476,9.799560,108.3,5.845,1.85,30.00,54.889820,9.800448,54.895069,9.793790
1387090803,1,0,-25.0,0,0,4,0,0,0,-0.0292,334.6255,6.8213,0.4212,54.890491,9.799546,108.3,5.845,1.85,30.00,54.889820,9.800448,54.895069,9.793790
1387090803,1,0,-25.0,0,0,0,0,0,0,-0.0292,334.6255,6.8213,0.4212,54.890511,9.799533,108.3,5.845,1.85,30.00,54.889820,9.800448,54.895069,9.793790
1387090804,1,0,-25.0,0,0,4,0,0,0,-0.0292,334.6255,6.8213,0.4212,54.890526,9.799519,108.3,5.845,1.85,30.00,54.889820,9.800448,54.895069,9.793790
1387090804,1,0,-25.0,0,0,0,0,0,0,-0.0292,334.6255,6.8213,0.4212,54.890541,9.799505,108.3,5.845,1.85,30.00,54.889820,9.800448,54.895069,9.793790
1387090804,1,0,-25.0,0,0,4,0,0,0,-0.0292,334.6255,6.8213,0.4212,54.890560,9.799492,108.3,5.845,1.85,30.00,54.889820,9.800448,54.895069,9.793790
1387090804,1,0,-25.0,0,0,0,0,0,0,-0.0292,334.6255,6.8213,0.4212,54.890575,9.799479,108.3,5.845,1.85,30.00,54.889820,9.800448,54.895069,9.793790
1387090805,1,0,-25.0,0,0,4,0,0,0,-0.0292,334.6255,6.8213,0.4212,54.890591,9.799465,108.3,5.845,1.85,30.00,54.889820,9.800448,54.895069,9.793790
1387090805,1,0,-25.0,0,0,0,0,0,0,-0.0292,334.6255,6.8213,0.4212,54.890610,9.799452,108.3,5.845,1.85,30.00,54.889820,9.800448,54.895069,9.793790
1387090805,1,0,-25.0,0,0,4,0,0,0,-0.0292,334.6255,6.8213,0.4212,54.890629,9.799438,108.3,5.845,1.85,30.00,54.889820,9.800448,54.895069,9.793790
1387090805,1,0,-25.0,0,0,0,0,0,0,-0.0292,334.6255,6.8213,0.4212,54.890644,9.799425,108.3,5.845,1.85,30.00,54.889820,9.800448,54.895069,9.793790
1387090806,1,0,-25.0,0,0,4,0,0,0,-0.0292,334.6255,6.8213,0.4212,54.890659,9.799412,108.3,5.845,1.85,30.00,54.889820,9.800448,54.895069,9.793790
1387090806,1,0,-25.0,0,0,0,0,0,0,-0.0292,334.6255,6.8213,0.4212,54.890678,9.799398,108.3,5.845,1.85,30.00,54.889820,9.800448,54.895069,9.793790
1387090806,1,0,-25.0,0,0,4,0,0,0,-0.0292,334.6255,6.8213,0.4212,54.890694,9.799385,108.3,5.845,1.85,30.00,54.889820,9.800448,54.895069,9.793790
1387090806,1,0,-25.0,0,0,0,0,0,0,-0.0292,334.6255,6.8213,0.4212,54.890709,9.799372,108.3,5.845,1.85,30.00,54.889820,9.800448,54.895069,9.793790
1387090807,1,0,-25.0,0,0,4,0,0,0,-0.0292,334.6255,6.8213,0.4212,54.890728,9.799358,108.3,5.845,1.85,30.00,54.889820,9.800448,54.895069,9.793790
1387090807,1,0,-25.0,0,0,0,0,0,0,-0.0292,334.6255,6.8213,0.4212,54.890743,9.799345,108.3,5.845,1.85,30.00,54.889820,9.800448,54.895069,9.793790
1387090807,1,0,-25.0,0,0,4,0,0,0,-0.0292,334.6255,6.8213,0.4212,54.890759,9.799332,108.3,5.845,1.85,30.00,54.889820,9.800448,54.895069,9.793790
1387090807,1,0,-25.0,0,0,0,0,0,0,-0.0292,334.6255,6.8213,0.4212,54.890778,9.799318,108.3,5.845,1.85,30.00,54.889820,9.800448,54.895069,9.793790
1387090808,1,0,-25.0,0,0,4,0,0,0,-0.0292,334.6255,6.8213,0.4212,54.890793,9.799305,108.3,5.845,1.85,30.00,54.889820,9.800448,54.895069,9.793790
1387090808,1,0,-25.0,0,0,0,0,0,0,-0.0292,334.6255,6.8213,0.4212,54.890808,9.799292,108.3,5.845,1.85,30.00,54.889820,9.800448,54.895069,9.793790
1387090808,1,0,-25.0,0,0,4,0,0,0,-0.0292,334.6255,6.8213,0.4212,54.890827,9.799278,108.3,5.845,1.85,30.00,54.889820,9.800448,54.895069,9.793790
1387090808,1,0,-25.0,0,0,0,0,0,0,-0.0292,334.6255,6.8213,0.4212,54.890842,9.799265,108.3,5.845,1.85,30.00,54.889820,9.800448,54.895069,9.793790
1387090809,1,0,-25.0,0,0,4,0,0,0,-0.0292,334.6255,6.8213,0.4212,54.890858,9.799252,108.3,5.845,1.85,30.00,54.889820,9.800448,54.895069,9.793790
1387090809,1,0,-25.0,0,0,0,0,0,0,-0.0292,334.6255,6.8213,0.4212,54.890877,9.799238,108.3,5.845,1.85,30.00,54.889820,9.800448,54.895069,9.793790
1387090809,1,0,-25.0,0,0,4,0,0,0,-0.0292,334.6255,6.8213,0.4212,54.890892,9.799225,108.3,5.845,1.85,30.00,54.889820,9.800448,54.895069,9.793790
1387090809,1,0,-25.0,0,0,0,0,0,0,-0.0292,334.6255,6.8213,0.4212,54.890907,9.799212,108.3,5.845,1.85,30.00,54.889820,9.800448,54.895069,9.793790
1387090810,1,0,-25.0,0,0,4,0,0,0,-0.0292,334.6255,6.8213,0.4212,54.890926,9.799198,108.3,5.845,1.85,30.00,54.889820,9.800448,54.895069,9.793790
1387090810,1,0,-25.0,0,0,0,0,0,0,-0.0292,334.6255,6.8213,0.4212,54.890942,9.799185,108.3,5.845,1.85,30.00,54.889820,9.800448,54.895069,9.793790
1387090810,1,0,-25.0,0,0,4,0,0,0,-0.0292,334.6255,6.8213,0.4212,54.890957,9.799171,108.3,5.845,1.85,30.00,54.889820,9.800448,54.895069,9.793790
1387090810,1,0,-25.0,0,0,0,0,0,0,-0.0292,334.6255,6.8213,0.4212,54.890976,9.799158,108.3,5.845,1.85,30.00,54.889820,9.800448,54.895069,9.793790
1387090811,1,0,-25.0,0,0,4,0,0,0,-0.0292,334.6255,6.8213,0.4212,54.890991,9.799145,108.3,5.845,1.85,30.00,54.889820,9.800448,54.895069,9.793790
1387090811,1,0,-25.0,0,0,0,0,0,0,-0.0292,334.6255,6.8213,0.4212,54.891006,9.799131,108.3,5.845,1.85,30.00,54.889820,9.800448,54.895069,9.793790
1387090811,1,0,-25.0,0,0,4,0,0,0,-0.0292,334.6255,6.8213,0.4212,54.891026,9.799118,108.3,5.845,1.85,30.00,54.889820,9.800448,54.895069,9.793790
1387090811,1,0,-25.0,0,0,0,0,0,0,-0.0292,334.6255,6.8213,0.4212,54.891041,9.799105,108.3,5.845,1.85,30.00,54.889820,9.800448,54.895069,9.793790
1387090812,1,0,-25.0,0,0,4,0,0,0,-0.0292,334.6255,6.8213,0.4212,54.891056,9.799090,108.3,5.845,1.85,30.00,54.889820,9.800448,54.895069,9.793790
1387090812,1,0,-25.0,0,0,0,0,0,0,-0.0292,334.6255,6.8213,0.4212,54.891075,9.799077,108.3,5.845,1.85,30.00,54.889820,9.800448,54.895069,9.793790
1387090812,1,0,-25.0,0,0,4,0,0,0,-0.0292,334.6255,6.8213,0.4212,54.891090,9.799064,108.3,5.845,1.85,30.00,54.889820,9.800448,54.895069,9.793790
1387090812,1,0,-25.0,0,0,0,0,0,0,-0.0292,334.6255,6.8213,0.4212,54.891106,9.799050,108.3,5.845,1.85,30.00,54.889820,9.800448,54.895069,9.793790
1387090813,1,0,-25.0,0,0,4,0,0,0,-0.0292,334.6255,6.8213,0.4212,54.891125,9.799037,108.3,5.845,1.85,30.00,54.889820,9.800448,54.895069,9.793790
1387090813,1,0,-25.0,0,0,0,0,0,0,-0.0292,334.6255,6.8213,0.4212,54.891140,9.799024,108.3,5.845,1.85,30.00,54.889820,9.800448,54.895069,9.793790
1387090813,1,0,-25.0,0,0,4,0,0,0,-0.0292,334.6255,6.8213,0.4212,54.891155,9.799010,108.3,5.845,1.85,30.00,54.889820,9.800448,54.895069,9.793790
1387090813,1,0,-25.0,0,0,0,0,0,0,-0.0292,334.6255,6.8213,0.4212,54.891174,9.798997,108.3,5.845,1.85,30.00,54.889820,9.800448,54.895069,9.793790
1387090814,1,0,-25.0,0,0,4,0,0,0,-0.0292,334.6255,6.8213,0.4212,54.891190,9.798984,108.3,5.845,1.85,30.00,54.889820,9.800448,54.895069,9.793790
1387090814,1,0,-25.0,0,0,0,0,0,0,-0.0292,334.6255,6.8213,0.4212,54.891205,9.798970,108.3,5.845,1.85,30.00,54.889820,9.800448,54.895069,9.793790
1387090814,1,0,-25.0,0,0,4,0,0,0,-0.0292,334.6255,6.8213,0.4212,54.891224,9.798957,108.3,5.845,1.85,30.00,54.889820,9.800448,54.895069,9.793790
1387090814,1,0,-25.0,0,0,0,0,0,0,-0.0292,334.6255,6.8213,0.4212,54.891239,9.798944,108.3,5.845,1.85,30.00,54.889820,9.800448,54.895069,9.793790
1387090815,1,0,-25.0,0,0,4,0,0,0,-0.0292,334.6255,6.8213,0.4212,54.891254,9.798930,108.3,5.845,1.85,30.00,54.889820,9.800448,54.895069,9.793790
1387090815,1,0,-25.0,0,0,0,0,0,0,-0.0292,334.6255,6.8213,0.4212,54.891273,9.798917,108.3,5.845,1.85,30.00,54.889820,9.800448,54.895069,9.793790
1387090815,1,0,-25.0,0,0,4,0,0,0,-0.0292,334.6255,6.8213,0.4212,54.891289,9.798903,108.3,5.845,1.85,30.00,54.889820,9.800448,54.895069,9.793790
1387090815,1,0,-25.0,0,0,0,0,0,0,-0.0292,334.6255,6.8213,0.4212,54.891304,9.798890,108.3,5.845,1.85,30.00,54.889820,9.800448,54.895069,9.793790
1387090816,1,0,-25.0,0,0,4,0,0,0,-0.0292,334.6255,6.8213,0.4212,54.891323,9.798876,108.3,5.845,1.85,30.00,54.889820,9.800448,54.895069,9.793790
1387090816,1,0,-25.0,0,0,0,0,0,0,-0.0292,334.6255,6.8213,0.4212,54.891342,9.798862,108.3,5.845,1.85,30.00,54.889820,9.800448,54.895069,9.793790
1387090816,1,0,-25.0,0,0,4,0,0,0,-0.0292,334.6255,6.8213,0.4212,54.891357,9.798849,108.3,5.845,1.85,30.00,54.889820,9.800448,54.895069,9.793790
1387090816,1,0,-25.0,0,0,0,0,0,0,-0.0292,334.6255,6.8213,0.4212,54.891373,9.798836,108.3,5.845,1.85,30.00,54.889820,9.800448,54.895069,9.793790
1387090817,1,0,-25.0,0,0,4,0,0,0,-0.0292,334.6255,6.8213,0.4212,54.891392,9.798822,108.3,5.845,1.85,30.00,54.889820,9.800448,54.895069,9.793790
1387090817,1,0,-25.0,0,0,0,0,0,0,-0.0292,334.6255,6.8213,0.4212,54.891407,9.798809,108.3,5.845,1.85,30.00,54.889820,9.800448,54.895069,9.793790
1387090817,1,0,-25.0,0,0,4,0,0,0,-0.0292,334.6255,6.8213,0.4212,54.891422,9.798796,108.3,5.845,1.85,30.00,54.889820,9.800448,54.895069,9.793790
1387090817,1,0,-25.0,0,0,0,0,0,0,-0.0292,334.6255,6.8213,0.4212,54.891441,9.798782,108.3,5.845,1.85,30.00,54.889820,9.800448,54.895069,9.793790
1387090818,1,0,-25.0,0,0,4,0,0,0,-0.0292,334.6255,6.8213,0.4212,54.891457,9.798769,108.3,5.845,1.85,30.00,54.889820,9.800448,54.895069,9.793790
1387090818,1,0,-25.0,0,0,0,0,0,0,-0.0292,334.6255,6.8213,0.4212,54.891472,9.798756,108.3,5.845,1.85,30.00,54.889820,9.800448,54.895069,9.793790
1387090818,1,0,-25.0,0,0,4,0,0,0,-0.0292,334.6255,6.8213,0.4212,54.891491,9.798742,108.3,5.845,1.85,30.00,54.889820,9.800448,54.895069,9.793790
1387090818,1,0,-25.0,0,0,0,0,0,0,-0.0292,334.6255,6.8213,0.4212,54.891506,9.798729,108.3,5.845,1.85,30.00,54.889820,9.800448,54.895069,9.793790
1387090819,1,0,-25.0,0,0,4,0,0,0,-0.0292,334.6255,6.8213,0.4212,54.891521,9.798716,108.3,5.845,1.85,30.00,54.889820,9.800448,54.895069,9.793790
1387090819,1,0,-25.0,0,0,0,0,0,0,-0.0292,334.6255,6.8213,0.4212,54.891541,9.798702,108.3,5.845,1.85,30.00,54.889820,9.800448,54.895069,9.793790
1387090819,1,0,-25.0,0,0,4,0,0,0,-0.0292,334.6255,6.8213,0.4212,54.891556,9.798689,108.3,5.845,1.85,30.00,54.889820,9.800448,54.895069,9.793790
1387090819,1,0,-25.0,0,0,0,0,0,0,-0.0292,334.6255,6.8213,0.4212,54.891571,9.798676,108.3,5.845,1.85,30.00,54.889820,9.800448,54.895069,9.793790
1387090820,1,0,-25.0,0,0,4,0,0,0,-0.0292,334.6255,6.8213,0.4212,54.891590,9.798661,108.3,5.845,1.85,30.00,54.889820,9.800448,54.895069,9.793790
1387090820,1,0,-25.0,0,0,0,0,0,0,-0.0292,334.6255,6.8213,0.4212,54.891605,9.798648,108.3,5.845,1.85,30.00,54.889820,9.800448,54.895069,9.793790
1387090820,1,0,-25.0,0,0,4,0,0,0,-0.0292,334.6255,6.8213,0.4212,54.891621,9.798635,108.3,5.845,1.85,30.00,54.889820,9.800448,54.895069,9.793790
1387090820,1,0,-25.0,0,0,0,0,0,0,-0.0292,334.6255,6.8213,0.4212,54.891640,9.798621,108.3,5.845,1.85,30.00,54.889820,9.800448,54.895069,9.793790
1387090821,1,0,-25.0,0,0,4,0,0,0,-0.0292,334.6255,6.8213,0.4212,54.891655,9.798608,108.3,5.845,1.85,30.00,54.889820,9.800448,54.895069,9.793790
1387090821,1,0,-25.0,0,0,0,0,0,0,-0.0292,334.6255,6.8213,0.4212,54.891670,9.798594,108.3,5.845,1.85,30.00,54.889820,9.800448,54.895069,9.793790
1387090821,1,0,-25.0,0,0,4,0,0,0,-0.0292,334.6255,6.8213,0.4212,54.891689,9.798581,108.3,5.845,1.85,30.00,54.889820,9.800448,54.895069,9.793790
1387090821,1,0,-25.0,0,0,0,0,0,0,-0.0292,334.6255,6.8213,0.4212,54.891705,9.798568,108.3,5.845,1.85,30.00,54.889820,9.800448,54.895069,9.793790
1387090822,1,0,-25.0,0,0,4,0,0,0,-0.0292,334.6255,6.8213,0.4212,54.891720,9.798554,108.3,5.845,1.85,30.00,54.889820,9.800448,54.895069,9.793790
1387090822,1,0,-25.0,0,0,0,0,0,0,-0.0292,334.6255,6.8213,0.4212,54.891739,9.798541,108.3,5.845,1.85,30.00,54.889820,9.800448,54.895069,9.793790
1387090822,1,0,-25.0,0,0,4,0,0,0,-0.0292,334.6255,6.8213,0.4212,54.891754,9.798528,108.3,5.845,1.85,30.00,54.889820,9.800448,54.895069,9.793790
1387090822,1,0,-25.0,0,0,0,0,0,0,-0.0292,334.6255,6.8213,0.4212,54.891769,9.798514,108.3,5.845,1.85,30.00,54.889820,9.800448,54.895069,9.793790
1387090823,1,0,-25.0,0,0,4,0,0,0,-0.0292,334.6255,6.8213,0.4212,54.891788,9.798501,108.3,5.845,1.85,30.00,54.889820,9.800448,54.895069,9.793790
1387090823,1,0,-25.0,0,0,0,0,0,0,-0.0292,334.6255,6.8213,0.4212,54.891804,9.798488,108.3,5.845,1.85,30.00,54.889820,9.800448,54.895069,9.793790
1387090823,1,0,-25.0,0,0,4,0,0,0,-0.0292,334.6255,6.8213,0.4212,54.891819,9.798474,108.3,5.845,1.85,30.00,54.889820,9.800448,54.895069,9.793790
1387090823,1,0,-25.0,0,0,0,0,0,0,-0.0292,334.6255,6.8213,0.4212,54.891838,9.798461,108.3,5.845,1.85,30.00,54.889820,9.800448,54.895069,9.793790
1387090824,1,0,-25.0,0,0,4,0,0,0,-0.0292,334.6255,6.8213,0.4212,54.891853,9.798448,108.3,5.845,1.85,30.00,54.889820,9.800448,54.895069,9.793790
1387090824,1,0,-25.0,0,0,0,0,0,0,-0.0292,334.6255,6.8213,0.4212,54.891869,9.798434,108.3,5.845,1.85,30.00,54.889820,9.800448,54.895069,9.793790
1387090824,1,0,-25.0,0,0,4,0,0,0,-0.0292,334.6255,6.8213,0.4212,54.891888,9.798421,108.3,5.845,1.85,30.00,54.889820,9.800448,54.895069,9.793790
1387090824,1,0,-25.0,0,0,0,0,0,0,-0.0292,334.6255,6.8213,0.4212,54.891903,9.798408,108.3,5.845,1.85,30.00,54.889820,9.800448,54.895069,9.793790
1387090825,1,0,-25.0,0,0,4,0,0,0,-0.0292,334.6255,6.8213,0.4212,54.891918,9.798394,108.3,5.845,1.85,30.00,54.889820,9.800448,54.895069,9.793790
1387090825,1,0,-25.0,0,0,0,0,0,0,-0.0292,334.6255,6.8213,0.4212,54.891937,9.798381,108.3,5.845,1.85,30.00,54.889820,9.800448,54.895069,9.793790
1387090825,1,0,-25.0,0,0,4,0,0,0,-0.0292,334.6255,6.8213,0.4212,54.891953,9.798368,108.3,5.845,1.85,30.00,54.889820,9.800448,54.895069,9.793790
1387090826,1,0,-25.0,0,0,0,0,0,0,-0.0292,334.6255,6.8213,0.4212,54.891968,9.798354,108.3,5.845,1.85,30.00,54.889820,9.800448,54.895069,9.793790
1387090826,1,0,-25.0,0,0,4,0,0,0,-0.0292,334.6255,6.8213,0.4212,54.891987,9.798341,108.3,5.845,1.85,30.00,54.889820,9.800448,54.895069,9.793790
1387090826,1,0,-25.0,0,0,0,0,0,0,-0.0292,334.6255,6.8213,0.4212,54.892002,9.798327,108.3,5.845,1.85,30.00,54.889820,9.800448,54.895069,9.793790
1387090826,1,0,-25.0,0,0,4,0,0,0,-0.0292,334.6255,6.8213,0.4212,54.892017,9.798314,108.3,5.845,1.85,30.00,54.889820,9.800448,54.895069,9.793790
1387090827,1,0,-25.0,0,0,0,0,0,0,-0.0292,334.6255,6.8213,0.4212,54.892036,9.798301,108.3,5.845,1.85,30.00,54.889820,9.800448,54.895069,9.793790
1387090827,1,0,-25.0,0,0,4,0,0,0,-0.0292,334.6255,6.8213,0.4212,54.892056,9.798287,108.3,5.845,1.85,30.00,54.889820,9.800448,54.895069,9.793790
1387090827,1,0,-25.0,0,0,0,0,0,0,-0.0292,334.6255,6.8213,0.4212,54.892071,9.798274,108.3,5.845,1.85,30.00,54.889820,9.800448,54.895069,9.793790
1387090827,1,0,-25.0,0,0,4,0,0,0,-0.0292,334.6255,6.8213,0.4212,54.892086,9.798261,108.3,5.845,1.85,30.00,54.889820,9.800448,54.895069,9.793790
1387090828,1,0,-25.0,0,0,0,0,0,0,-0.0292,334.6255,6.8213,0.4212,54.892105,9.798247,108.3,5.845,1.85,30.00,54.889820,9.800448,54.895069,9.793790
1387090828,1,0,-25.0,0,0,4,0,0,0,-0.0292,334.6255,6.8213,0.4212,54.892120,9.798233,108.3,5.845,1.85,30.00,54.889820,9.800448,54.895069,9.793790
1387090828,1,0,-25.0,0,0,0,0,0,0,-0.0292,334.6255,6.8213,0.4212,54.892136,9.798220,108.3,5.845,1.85,30.00,54.889820,9.800448,54.895069,9.793790
1387090828,1,0,-25.0,0,0,4,0,0,0,-0.0292,334.6255,6.8213,0.4212,54.892155,9.798206,108.3,5.845,1.85,30.00,54.889820,9.800448,54.895069,9.793790
1387090829,1,0,-25.0,0,0,0,0,0,0,-0.0292,334.6255,6.8213,0.4212,54.892170,9.798193,108.3,5.845,1.85,30.00,54.889820,9.800448,54.895069,9.793790
1387090829,1,0,-25.0,0,0,4,0,0,0,-0.0292,334.6255,6.8213,0.4212,54.892185,9.798180,108.3,5.845,1.85,30.00,54.889820,9.800448,54.895069,9.793790
1387090829,1,0,-25.0,0,0,0,0,0,0,-0.0292,334.6255,6.8213,0.4212,54.892204,9.798166,108.3,5.845,1.85,30.00,54.889820,9.800448,54.895069,9.793790
1387090829,1,0,-25.0,0,0,4,0,0,0,-0.0292,334.6255,6.8213,0.4212,54.892220,9.798153,108.3,5.845,1.85,30.00,54.889820,9.800448,54.895069,9.793790
1387090830,1,0,-25.0,0,0,0,0,0,0,-0.0292,334.6255,6.8213,0.4212,54.892235,9.798140,108.3,5.845,1.85,30.00,54.889820,9.800448,54.895069,9.793790
1387090830,1,0,-25.0,0,0,4,0,0,0,-0.0292,334.6255,6.8213,0.4212,54.892254,9.798126,108.3,5.845,1.85,30.00,54.889820,9.800448,54.895069,9.793790
1387090830,1,0,-25.0,0,0,0,0,0,0,-0.0292,334.6255,6.8213,0.4212,54.892269,9.798113,108.3,5.845,1.85,30.00,54.889820,9.800448,54.895069,9.793790
1387090830,1,0,-25.0,0,0,4,0,0,0,-0.0292,334.6255,6.8213,0.4212,54.892284,9.798100,108.3,5.845,1.85,30.00,54.889820,9.800448,54.895069,9.793790
1387090831,1,0,-25.0,0,0,0,0,0,0,-0.0292,334.6255,6.8213,0.4212,54.892303,9.798086,108.3,5.845,1.85,30.00,54.889820,9.800448,54.895069,9.793790
1387090831,1,0,-25.0,0,0,4,0,0,0,-0.0292,334.6255,6.8213,0.4212,54.892319,9.798073,108.3,5.845,1.85,30.00,54.889820,9.800448,54.895069,9.793790
1387090831,1,0,-25.0,0,0,0,0,0,0,-0.0292,334.6255,6.8213,0.4212,54.892334,9.798059,108.3,5.845,1.85,30.00,54.889820,9.800448,54.895069,9.793790
1387090831,1,0,-25.0,0,0,4,0,0,0,-0.0292,334.6255,6.8213,0.4212,54.892353,9.798046,108.3,5.845,1.85,30.00,54.889820,9.800448,54.895069,9.793790
1387090832,1,0,-25.0,0,0,0,0,0,0,-0.0292,334.6255,6.8213,0.4212,54.892368,9.798033,108.3,5.845,1.85,30.00,54.889820,9.800448,54.895069,9.793790
1387090832,1,0,-25.0,0,0,4,0,0,0,-0.0292,334.6255,6.8213,0.4212,54.892384,9.798018,108.3,5.845,1.85,30.00,54.889820,9.800448,54.895069,9.793790
1387090832,1,0,-25.0,0,0,0,0,0,0,-0.0292,334.6255,6.8213,0.4212,54.892403,9.798005,108.3,5.845,1.85,30.00,54.889820,9.800448,54.895069,9.793790
1387090832,1,0,-25.0,0,0,4,0,0,0,-0.0292,334.6255,6.8213,0.4212,54.892418,9.797992,108.3,5.845,1.85,30.00,54.889820,9.800448,54.895069,9.793790
1387090833,1,0,-25.0,0,0,0,0,0,0,-0.0292,334.6255,6.8213,0.4212,54.892433,9.797978,108.3,5.845,1.85,30.00,54.889820,9.800448,54.895069,9.793790
1387090833,1,0,-25.0,0,0,4,0,0,0,-0.0292,334.6255,6.8213,0.4212,54.892452,9.797965,108.3,5.845,1.85,30.00,54.889820,9.800448,54.895069,9.793790
1387090833,1,0,-25.0,0,0,0,0,0,0,-0.0292,334.6255,6.8213,0.4212,54.892467,9.797952,108.3,5.845,1.85,30.00,54.889820,9.800448,54.895069,9.793790
1387090833,1,0,-25.0,0,0,4,0,0,0,-0.0292,334.6255,6.8213,0.4212,54.892483,9.797938,108.3,5.845,1.85,30.00,54.889820,9.800448,54.895069,9.793790
1387090834,1,0,-25.0,0,0,0,0,0,0,-0.0292,334.6255,6.8213,0.4212,54.892502,9.797925,108.3,5.845,1.85,30.00,54.889820,9.800448,54.895069,9.793790
1387090834,1,0,-25.0,0,0,4,0,0,0,-0.0292,334.6255,6.8213,0.4212,54.892517,9.797912,108.3,5.845,1.85,30.00,54.889820,9.800448,54.895069,9.793790
1387090834,1,0,-25.0,0,0,0,0,0,0,-0.0292,334.6255,6.8213,0.4212,54.892532,9.797898,108.3,5.845,1.85,30.00,54.889820,9.800448,54.895069,9.793790
1387090834,1,0,-25.0,0,0,4,0,0,0,-0.0292,334.6255,6.8213,0.4212,54.892551,9.797885,108.3,5.845,1.85,30.00,54.889820,9.800448,54.895069,9.793790
1387090835,1,0,-25.0,0,0,0,0,0,0,-0.0292,334.6255,6.8213,0.4212,54.892567,9.797872,108.3,5.845,1.85,30.00,54.889820,9.800448,54.895069,9.793790
1387090835,1,0,-25.0,0,0,4,0,0,0,-0.0292,334.6255,6.8213,0.4212,54.892582,9.797858,108.3,5.845,1.85,30.00,54.889820,9.800448,54.895069,9.793790
1387090835,1,0,-25.0,0,0,0,0,0,0,-0.0292,334.6255,6.8213,0.4212,54.892601,9.797845,108.3,5.845,1.85,30.00,54.889820,9.800448,54.895069,9.793790
1387090835,1,0,-25.0,0,0,4,0,0,0,-0.0292,334.6255,6.8213,0.4212,54.892616,9.797832,108.3,5.845,1.85,30.00,54.889820,9.800448,54.895069,9.793790
1387090836,1,0,-25.0,0,0,0,0,0,0,-0.0292,334.6255,6.8213,0.4212,54.892632,9.797818,108.3,5.845,1.85,30.00,54.889820,9.800448,54.895069,9.793790
1387090836,1,0,-25.0,0,0,4,0,0,0,-0.0292,334.6255,6.8213,0.4212,54.892651,9.797804,108.3,5.845,1.85,30.00,54.889820,9.800448,54.895069,9.793790
1387090836,1,0,-25.0,0,0,0,0,0,0,-0.0292,334.6255,6.8213,0.4212,54.892666,9.797791,108.3,5.845,1.85,30.00,54.889820,9.800448,54.895069,9.793790
1387090836,1,0,-25.0,0,0,4,0,0,0,-0.0292,334.6255,6.8213,0.4212,54.892681,9.797777,108.3,5.845,1.85,30.00,54.889820,9.800448,54.895069,9.793790
1387090837,1,0,-25.0,0,0,0,0,0,0,-0.0292,334.6255,6.8213,0.4212,54.892700,9.797764,108.3,5.845,1.85,30.00,54.889820,9.800448,54.895069,9.793790
1387090837,1,0,-25.0,0,0,4,0,0,0,-0.0292,334.6255,6.8213,0.4212,54.892719,9.797750,108.3,5.845,1.85,30.00,54.889820,9.800448,54.895069,9.793790
1387090837,1,0,-25.0,0,0,0,0,0,0,-0.0292,334.6255,6.8213,0.4212,54.892735,9.797737,108.3,5.845,1.85,30.00,54.889820,9.800448,54.895069,9.793790
1387090837,1,0,-25.0,0,0,4,0,0,0,-0.0292,334.6255,6.8213,0.4212,54.892750,9.797724,108.3,5.845,1.85,30.00,54.889820,9.800448,54.895069,9.793790
1387090838,1,0,-25.0,0,0,0,0,0,0,-0.0292,334.6255,6.8213,0.4212,54.892769,9.797710,108.3,5.845,1.85,30.00,54.889820,9.800448,54.895069,9.793790
1387090838,1,0,-25.0,0,0,4,0,0,0,-0.0292,334.6255,6.8213,0.4212,54.892784,9.797697,108.3,5.845,1.85,30.00,54.889820,9.800448,54.895069,9.793790
1387090838,1,0,-25.0,0,0,0,0,0,0,-0.0292,334.6255,6.8213,0.4212,54.892799,9.797684,108.3,5.845,1.85,30.00,54.889820,9.800448,54.895069,9.793790
1387090838,1,0,-25.0,0,0,4,0,0,0,-0.0292,334.6255,6.8213,0.4212,54.892818,9.797670,108.3,5.845,1.85,30.00,54.889820,9.800448,54.895069,9.793790
1387090839,1,0,-25.0,0,0,0,0,0,0,-0.0292,334.6255,6.8213,0.4212,54.892834,9.797657,108.3,5.845,1.85,30.00,54.889820,9.800448,54.895069,9.793790
1387090839,1,0,-45.0,0,20,4,0,0,0,-0.0292,327.9589,6.8213,0.4212,54.892849,9.797640,108.3,5.845,1.85,30.00,54.889820,9.800448,54.895069,9.793790
1387090839,1,0,-45.1,0,13,8,0,25,50,-0.0292,323.6255,6.8213,0.4212,54.892864,9.797622,108.3,5.845,1.85,30.00,54.889820,9.800448,54.895069,9.793790
1387090839,1,0,-45.2,0,9,12,0,63,100,-0.0292,320.6255,6.8213,0.4212,54.892876,9.797602,108.3,5.845,1.85,30.00,54.889820,9.800448,54.895069,9.793790
1387090840,1,0,-45.2,0,6,8,0,96,50,-0.0292,318.6255,6.8213,0.4212,54.892891,9.797582,108.3,5.845,1.85,30.00,54.889820,9.800448,54.895069,9.793790
1387090840,1,0,-45.2,0,4,4,0,121,100,-0.0292,317.2922,6.8213,0.4212,54.892902,9.797561,108.3,5.845,1.85,30.00,54.889820,9.800448,54.895069,9.793790
1387090840,1,0,-45.2,0,2,0,0,138,150,-0.0292,316.6255,6.8213,0.4212,54.892918,9.797540,108.3,5.845,1.85,30.00,54.889820,9.800448,54.895069,9.793790
1387090840,1,0,-45.2,0,2,4,0,147,100,-0.0292,315.9589,6.8213,0.4212,54.892929,9.797518,108.3,5.845,1.85,30.00,54.889820,9.800448,54.895069,9.793790
1387090841,1,0,-45.2,0,1,0,0,156,150,-0.0292,315.6255,6.8213,0.4212,54.892944,9.797497,108.3,5.845,1.85,30.00,54.889820,9.800448,54.895069,9.793790
1387090841,1,0,-45.3,0,1,4,0,161,200,-0.0292,315.2922,6.8213,0.4212,54.892960,9.797475,108.3,5.845,1.85,30.00,54.889820,9.800448,54.895069,9.793790
1387090841,1,0,-45.3,0,1,0,0,165,150,-0.0292,314.9589,6.8213,0.4212,54.892971,9.797453,108.3,5.845,1.85,30.00,54.889820,9.800448,54.895069,9.793790
1387090841,1,0,-45.3,0,0,4,0,170,200,-0.0292,314.9589,6.8213,0.4212,54.892986,9.797431,108.3,5.845,1.85,30.00,54.889820,9.800448,54.895069,9.793790
1387090842,1,0,-45.3,0,0,0,0,170,150,-0.0292,314.9589,6.8213,0.4212,54.892998,9.797409,108.3,5.845,1.85,30.00,54.889820,9.800448,54.895069,9.793790
1387090842,1,0,-45.3,0,0,4,0,170,200,-0.0292,314.9589,6.8213,0.4212,54.893013,9.797387,108.3,5.845,1.85,30.00,54.889820,9.800448,54.895069,9.793790
1387090842,1,0,-45.4,0,0,0,0,170,150,-0.0292,314.9589,6.8213,0.4212,54.893024,9.797365,108.3,5.845,1.85,30.00,54.889820,9.800448,54.895069,9.793790
1387090842,1,0,-45.3,0,0,4,0,170,200,-0.0292,314.9589,6.8213,0.4212,54.893040,9.797343,108.3,5.845,1.85,30.00,54.889820,9.800448,54.895069,9.793790
1387090843,1,0,-45.4,0,0,0,0,170,150,-0.0292,314.9589,6.8213,0.4212,54.893051,9.797321,108.3,5.845,1.85,30.00,54.889820,9.800448,54.895069,9.793790
1387090843,1,0,-45.4,0,0,4,0,170,200,-0.0292,314.9589,6.8213,0.4212,54.893066,9.797299,108.3,5.845,1.85,30.00,54.889820,9.800448,54.895069,9.793790
1387090843,1,0,-45.4,0,0,0,0,170,150,-0.0292,314.9589,6.8213,0.4212,54.893078,9.797277,108.3,5.845,1.85,30.00,54.889820,9.800448,54.895069,9.793790
1387090843,1,0,-45.4,0,0,4,0,170,200,-0.0292,314.9589,6.8213,0.4212,54.893089,9.797256,108.3,5.845,1.85,30.00,54.889820,9.800448,54.895069,9.793790
1387090844,1,0,-45.4,0,0,0,0,170,150,-0.0292,314.9589,6.8213,0.4212,54.893101,9.797234,108.3,5.845,1.85,30.00,54.889820,9.800448,54.895069,9.793790
1387090844,1,0,-45.4,0,0,4,0,170,200,-0.0292,314.9589,6.8213,0.4212,54.893116,9.797212,108.3,5.845,1.85,30.00,54.889820,9.800448,54.895069,9.793790
1387090844,1,0,-45.4,0,0,0,0,170,150,-0.0292,314.9589,6.8213,0.4212,54.893127,9.797190,108.3,5.845,1.85,30.00,54.889820,9.800448,54.895069,9.793790
1387090844,1,0,-45.4,0,0,4,0,170,200,-0.0292,314.9589,6.8213,0.4212,54.893139,9.797168,108.3,5.845,1.85,30.00,54.889820,9.800448,54.895069,9.793790
1387090845,1,0,-45.4,0,0,0,0,170,150,-0.0292,314.9589,6.8213,0.4212,54.893150,9.797146,108.3,5.845,1.85,30.00,54.889820,9.800448,54.895069,9.793790
1387090845,1,0,-45.3,0,0,4,0,170,200,-0.0292,314.9589,6.8213,0.4212,54.893166,9.797124,108.3,5.845,1.85,30.00,54.889820,9.800448,54.895069,9.793790
1387090845,1,0,-45.4,0,0,0,0,170,150,-0.0292,314.9589,6.8213,0.4212,54.893177,9.797102,108.3,5.845,1.85,30.00,54.889820,9.800448,54.895069,9.793790
1387090845,1,0,-45.4,0,0,4,0,170,200,-0.0292,314.9589,6.8213,0.4212,54.893188,9.797080,108.3,5.845,1.85,30.00,54.889820,9.800448,54.895069,9.793790
1387090846,1,0,-45.4,0,0,0,0,170,150,-0.0292,314.9589,6.8213,0.4212,54.893200,9.797058,108.3,5.845,1.85,30.00,54.889820,9.800448,54.895069,9.793790
1387090846,1,0,-45.3,0,0,4,0,170,200,-0.0292,314.9589,6.8213,0.4212,54.893211,9.797036,108.3,5.845,1.85,30.00,54.889820,9.800448,54.895069,9.793790
1387090846,1,0,-45.3,0,0,0,0,170,150,-0.0292,314.9589,6.8213,0.4212,54.893223,9.797014,108.3,5.845,1.85,30.00,54.889820,9.800448,54.895069,9.793790
1387090846,1,0,-45.3,0,0,4,0,170,200,-0.0292,314.9589,6.8213,0.4212,54.893238,9.796992,108.3,5.845,1.85,30.00,54.889820,9.800448,54.895069,9.793790
1387090847,1,0,-45.3,0,0,0,0,170,150,-0.0292,314.9589,6.8213,0.4212,54.893250,9.796970,108.3,5.845,1.85,30.00,54.889820,9.800448,54.895069,9.793790
1387090847,1,0,-45.3,0,0,4,0,170,200,-0.0292,314.9589,6.8213,0.4212,54.893261,9.796948,108.3,5.845,1.85,30.00,54.889820,9.800448,54.895069,9.793790
1387090847,1,0,-45.3,0,0,0,0,170,150,-0.0292,314.9589,6.8213,0.4212,54.893272,9.796926,108.3,5.845,1.85,30.00,54.889820,9.800448,54.895069,9.793790
1387090847,1,0,-45.3,0,0,4,0,170,200,-0.0292,314.9589,6.8213,0.4212,54.893288,9.796905,108.3,5.845,1.85,30.00,54.889820,9.800448,54.895069,9.793790
1387090848,1,0,-45.3,0,0,0,0,170,150,-0.0292,314.9589,6.8213,0.4212,54.893299,9.796883,108.3,5.845,1.85,30.00,54.889820,9.800448,54.895069,9.793790
1387090848,1,0,-45.3,0,0,4,0,170,200,-0.0292,314.9589,6.8213,0.4212,54.893311,9.796861,108.3,5.845,1.85,30.00,54.889820,9.800448,54.895069,9.793790
1387090848,1,0,-45.3,0,0,0,0,170,150,-0.0292,314.9589,6.8213,0.4212,54.893322,9.796839,108.3,5.845,1.85,30.00,54.889820,9.800448,54.895069,9.793790
1387090848,1,0,-45.3,0,0,4,0,170,200,-0.0292,314.9589,6.8213,0.4212,54.893337,9.796816,108.3,5.845,1.85,30.00,54.889820,9.800448,54.895069,9.793790
1387090849,1,0,-45.3,0,0,0,0,170,150,-0.0292,314.9589,6.8213,0.4212,54.893349,9.796794,108.3,5.845,1.85,30.00,54.889820,9.800448,54.895069,9.793790
1387090849,1,0,-45.3,0,0,4,0,170,200,-0.0292,314.9589,6.8213,0.4212,54.893360,9.796771,108.3,5.845,1.85,30.00,54.889820,9.800448,54.895069,9.793790
1387090849,1,0,-45.3,0,0,0,0,170,150,-0.0292,314.9589,6.8213,0.4212,54.893372,9.796749,108.3,5.845,1.85,30.00,54.889820,9.800448,54.895069,9.793790
1387090849,1,0,-45.2,0,0,4,0,170,200,-0.0292,314.9589,6.8213,0.4212,54.893387,9.796726,108.3,5.845,1.85,30.00,54.889820,9.800448,54.895069,9.793790
1387090850,1,0,-45.3,0,0,0,0,170,150,-0.0292,314.9589,6.8213,0.4212,54.893398,9.796704,108.3,5.845,1.85,30.00,54.889820,9.800448,54.895069,9.793790
1387090850,1,0,-45.3,0,0,4,0,170,200,-0.0292,314.9589,6.8213,0.4212,54.893410,9.796681,108.3,5.845,1.85,30.00,54.889820,9.800448,54.895069,9.793790
1387090850,1,0,-45.2,0,0,0,0,170,150,-0.0292,314.9589,6.8213,0.4212,54.893421,9.796659,108.3,5.845,1.85,30.00,54.889820,9.800448,54.895069,9.793790
1387090850,1,0,-45.2,0,0,4,0,170,200,-0.0292,314.9589,6.8213,0.4212,54.893433,9.796638,108.3,5.845,1.85,30.00,54.889820,9.800448,54.895069,9.793790
1387090851,1,0,-45.2,0,0,0,0,170,150,-0.0292,314.9589,6.8213,0.4212,54.893444,9.796616,108.3,5.845,1.85,30.00,54.889820,9.800448,54.895069,9.793790
1387090851,1,0,-45.2,0,0,4,0,170,200,-0.0292,314.9589,6.8213,0.4212,54.893459,9.796594,108.3,5.845,1.85,30.00,54.889820,9.800448,54.895069,9.793790
1387090851,1,0,-45.2,0,0,0,0,170,150,-0.0292,314.9589,6.8213,0.4212,54.893471,9.796572,108.3,5.845,1.85,30.00,54.889820,9.800448,54.895069,9.793790
1387090851,1,0,-45.2,0,0,4,0,170,200,-0.0292,314.9589,6.8213,0.4212,54.893482,9.796550,108.3,5.845,1.85,30.00,54.889820,9.800448,54.895069,9.793790
1387090852,1,0,-45.2,0,0,0,0,170,150,-0.0292,314.9589,6.8213,0.4212,54.893494,9.796528,108.3,5.845,1.85,30.00,54.889820,9.800448,54.895069,9.793790
1387090852,1,0,-45.2,0,0,4,0,170,200,-0.0292,314.9589,6.8213,0.4212,54.893509,9.796506,108.3,5.845,1.85,30.00,54.889820,9.800448,54.895069,9.793790
1387090852,1,0,-45.2,0,0,0,0,170,150,-0.0292,314.9589,6.8213,0.4212,54.893520,9.796484,108.3,5.845,1.85,30.00,54.889820,9.800448,54.895069,9.793790
1387090852,1,0,-45.2,0,0,4,0,170,200,-0.0292,314.9589,6.8213,0.4212,54.893532,9.796462,108.3,5.845,1.85,30.00,54.889820,9.800448,54.895069,9.793790
1387090853,1,0,-45.2,0,0,0,0,170,150,-0.0292,314.9589,6.8213,0.4212,54.893543,9.796440,108.3,5.845,1.85,30.00,54.889820,9.800448,54.895069,9.793790
1387090853,1,0,-45.1,0,0,4,0,170,200,-0.0292,314.9589,6.8213,0.4212,54.893559,9.796418,108.3,5.845,1.85,30.00,54.889820,9.800448,54.895069,9.793790
1387090853,1,0,-45.2,0,0,0,0,170,150,-0.0292,314.9589,6.8213,0.4212,54.893570,9.796396,108.3,5.845,1.85,30.00,54.889820,9.800448,54.895069,9.793790
1387090854,1,0,-45.2,0,0,4,0,170,200,-0.0292,314.9589,6.8213,0.4212,54.893581,9.796374,108.3,5.845,1.85,30.00,54.889820,9.800448,54.895069,9.793790
1387090854,1,0,-45.1,0,0,0,0,170,150,-0.0292,314.9589,6.8213,0.4212,54.893593,9.796352,108.3,5.845,1.85,30.00,54.889820,9.800448,54.895069,9.793790
1387090854,1,0,-45.1,0,0,4,0,170,200,-0.0292,314.9589,6.8213,0.4212,54.893608,9.796330,108.3,5.845,1.85,30.00,54.889820,9.800448,54.895069,9.793790
1387090854,1,0,-45.2,0,0,0,0,170,150,-0.0292,314.9589,6.8213,0.4212,54.893620,9.796309,108.3,5.845,1.85,30.00,54.889820,9.800448,54.895069,9.793790
1387090855,1,0,-45.2,0,0,4,0,170,200,-0.0292,314.9589,6.8213,0.4212,54.893631,9.796287,108.3,5.845,1.85,30.00,54.889820,9.800448,54.895069,9.793790
1387090855,1,0,-45.1,0,0,0,0,170,150,-0.0292,314.9589,6.8213,0.4212,54.893642,9.796265,108.3,5.845,1.85,30.00,54.889820,9.800448,54.895069,9.793790
1387090855,1,0,-45.1,0,0,4,0,170,200,-0.0292,314.9589,6.8213,0.4212,54.893654,9.796243,108.3,5.845,1.85,30.00,54.889820,9.800448,54.895069,9.793790
1387090855,1,0,-45.1,0,0,0,0,170,150,-0.0292,314.9589,6.8213,0.4212,54.893665,9.796221,108.3,5.845,1.85,30.00,54.889820,9.800448,54.895069,9.793790
1387090856,1,0,-45.1,0,0,4,0,170,200,-0.0292,314.9589,6.8213,0.4212,54.893681,9.796199,108.3,5.845,1.85,30.00,54.889820,9.800448,54.895069,9.793790
1387090856,1,0,-45.1,0,0,0,0,170,150,-0.0292,314.9589,6.8213,0.4212,54.893692,9.796177,108.3,5.845,1.85,30.00,54.889820,9.800448,54.895069,9.793790
1387090856,1,0,-45.1,0,0,4,0,170,200,-0.0292,314.9589,6.8213,0.4212,54.893703,9.796155,108.3,5.845,1.85,30.00,54.889820,9.800448,54.895069,9.793790
1387090856,1,0,-45.1,0,0,0,0,170,150,-0.0292,314.9589,6.8213,0.4212,54.893715,9.796133,108.3,5.845,1.85,30.00,54.889820,9.800448,54.895069,9.793790
1387090857,1,0,-45.0,0,0,4,0,170,200,-0.0292,314.9589,6.8213,0.4212,54.893730,9.796111,108.3,5.845,1.85,30.00,54.889820,9.800448,54.895069,9.793790
1387090857,1,0,-45.1,0,0,0,0,170,150,-0.0292,314.9589,6.8213,0.4212,54.893742,9.796089,108.3,5.845,1.85,30.00,54.889820,9.800448,54.895069,9.793790
1387090857,1,0,-45.1,0,0,4,0,170,200,-0.0292,314.9589,6.8213,0.4212,54.893753,9.796067,108.3,5.845,1.85,30.00,54.889820,9.800448,54.895069,9.793790
1387090857,1,0,-45.0,0,0,0,0,170,150,-0.0292,314.9589,6.8213,0.4212,54.893764,9.796044,108.3,5.845,1.85,30.00,54.889820,9.800448,54.895069,9.793790
1387090858,1,0,-25.0,0,-20,-4,0,170,200,-0.0292,321.6255,6.8213,0.4212,54.893780,9.796025,108.3,5.845,1.85,30.00,54.889820,9.800448,54.895069,9.793790
1387090858,1,0,-45.1,0,7,0,0,85,150,-0.0292,319.2922,6.8213,0.4212,54.893795,9.796004,108.3,5.845,1.85,30.00,54.889820,9.800448,54.895069,9.793790
1387090858,1,0,-45.2,0,4,4,0,112,100,-0.0292,317.9588,6.8213,0.4212,54.893806,9.795983,108.3,5.845,1.85,30.00,54.889820,9.800448,54.895069,9.793790
1387090858,1,0,-45.1,0,3,0,0,129,150,-0.0292,316.9588,6.8213,0.4212,54.893822,9.795961,108.3,5.845,1.85,30.00,54.889820,9.800448,54.895069,9.793790
1387090859,1,0,-45.2,0,2,4,0,143,100,-0.0292,316.2922,6.8213,0.4212,54.893833,9.795940,108.3,5.845,1.85,30.00,54.889820,9.800448,54.895069,9.793790
1387090859,1,0,-45.2,0,1,0,0,152,150,-0.0292,315.9588,6.8213,0.4212,54.893848,9.795918,108.3,5.845,1.85,30.00,54.889820,9.800448,54.895069,9.793790
1387090859,1,0,-45.3,0,1,4,0,156,200,-0.0292,315.6255,6.8213,0.4212,54.893860,9.795897,108.3,5.845,1.85,30.00,54.889820,9.800448,54.895069,9.793790
1387090859,1,0,-45.2,0,1,0,0,161,150,-0.0292,315.2921,6.8213,0.4212,54.893875,9.795875,108.3,5.845,1.85,30.00,54.889820,9.800448,54.895069,9.793790
1387090860,1,0,-45.3,0,1,4,0,165,200,-0.0292,314.9588,6.8213,0.4212,54.893887,9.795853,108.3,5.845,1.85,30.00,54.889820,9.800448,54.895069,9.793790
1387090860,1,0,-45.3,0,0,0,0,170,150,-0.0292,314.9588,6.8213,0.4212,54.893902,9.795830,108.3,5.845,1.85,30.00,54.889820,9.800448,54.895069,9.793790
1387090860,1,0,-45.3,0,0,4,0,170,200,-0.0292,314.9588,6.8213,0.4212,54.893913,9.795808,108.3,5.845,1.85,30.00,54.889820,9.800448,54.895069,9.793790
1387090860,1,0,-45.3,0,0,0,0,170,150,-0.0292,314.9588,6.8213,0.4212,54.893925,9.795785,108.3,5.845,1.85,30.00,54.889820,9.800448,54.895069,9.793790
1387090861,1,0,-45.2,0,0,4,0,170,200,-0.0292,314.9588,6.8213,0.4212,54.893936,9.795763,108.3,5.845,1.85,30.00,54.889820,9.800448,54.895069,9.793790
1387090861,1,0,-45.2,0,0,0,0,170,150,-0.0292,314.9588,6.8213,0.4212,54.893951,9.795740,108.3,5.845,1.85,30.00,54.889820,9.800448,54.895069,9.793790
1387090861,1,0,-45.3,0,0,4,0,170,200,-0.0292,314.9588,6.8213,0.4212,54.893963,9.795718,108.3,5.845,1.85,30.00,54.889820,9.800448,54.895069,9.793790
1387090861,1,0,-45.2,0,0,0,0,170,150,-0.0292,314.9588,6.8213,0.4212,54.893974,9.795695,108.3,5.845,1.85,30.00,54.889820,9.800448,54.895069,9.793790
1387090862,1,0,-45.2,0,0,4,0,170,200,-0.0292,314.9588,6.8213,0.4212,54.893986,9.795673,108.3,5.845,1.85,30.00,54.889820,9.800448,54.895069,9.793790
1387090862,1,0,-45.2,0,0,0,0,170,150,-0.0292,314.9588,6.8213,0.4212,54.894001,9.795651,108.3,5.845,1.85,30.00,54.889820,9.800448,54.895069,9.793790
1387090862,1,0,-45.2,0,0,4,0,170,200,-0.0292,314.9588,6.8213,0.4212,54.894012,9.795630,108.3,5.845,1.85,30.00,54.889820,9.800448,54.895069,9.793790
1387090862,1,0,-45.2,0,0,0,0,170,150,-0.0292,314.9588,6.8213,0.4212,54.894024,9.795608,108.3,5.845,1.85,30.00,54.889820,9.800448,54.895069,9.793790
1387090863,1,0,-45.2,0,0,4,0,170,200,-0.0292,314.9588,6.8213,0.4212,54.894035,9.795586,108.3,5.845,1.85,30.00,54.889820,9.800448,54.895069,9.793790
1387090863,1,0,-45.1,0,0,0,0,170,150,-0.0292,314.9588,6.8213,0.4212,54.894051,9.795564,108.3,5.845,1.85,30.00,54.889820,9.800448,54.895069,9.793790
1387090863,1,0,-45.2,0,0,4,0,170,200,-0.0292,314.9588,6.8213,0.4212,54.894062,9.795542,108.3,5.845,1.85,30.00,54.889820,9.800448,54.895069,9.793790
1387090863,1,0,-45.2,0,0,0,0,170,150,-0.0292,314.9588,6.8213,0.4212,54.894073,9.795520,108.3,5.845,1.85,30.00,54.889820,9.800448,54.895069,9.793790
1387090864,1,0,-45.2,0,0,4,0,170,200,-0.0292,314.9588,6.8213,0.4212,54.894085,9.795498,108.3,5.845,1.85,30.00,54.889820,9.800448,54.895069,9.793790
1387090864,1,0,-45.1,0,0,0,0,170,150,-0.0292,314.9588,6.8213,0.4212,54.894100,9.795476,108.3,5.845,1.85,30.00,54.889820,9.800448,54.895069,9.793790
1387090864,1,0,-45.2,0,0,4,0,170,200,-0.0292,314.9588,6.8213,0.4212,54.894112,9.795454,108.3,5.845,1.85,30.00,54.889820,9.800448,54.895069,9.793790
1387090864,1,0,-45.2,0,0,0,0,170,150,-0.0292,314.9588,6.8213,0.4212,54.894123,9.795432,108.3,5.845,1.85,30.00,54.889820,9.800448,54.895069,9.793790
1387090865,1,0,-45.1,0,0,4,0,170,200,-0.0292,314.9588,6.8213,0.4212,54.894135,9.795410,108.3,5.845,1.85,30.00,54.889820,9.800448,54.895069,9.793790
1387090865,1,0,-45.1,0,0,0,0,170,150,-0.0292,314.9588,6.8213,0.4212,54.894146,9.795388,108.3,5.845,1.85,30.00,54.889820,9.800448,54.895069,9.793790
1387090865,1,0,-45.1,0,0,4,0,170,200,-0.0292,314.9588,6.8213,0.4212,54.894157,9.795366,108.3,5.845,1.85,30.00,54.889820,9.800448,54.895069,9.793790
1387090865,1,0,-45.0,0,0,0,0,170,150,-0.0292,314.9588,6.8213,0.4212,54.894173,9.795344,108.3,5.845,1.85,30.00,54.889820,9.800448,54.895069,9.793790
1387090866,1,0,-45.1,0,0,4,0,170,200,-0.0292,314.9588,6.8213,0.4212,54.894184,9.795322,108.3,5.845,1.85,30.00,54.889820,9.800448,54.895069,9.793790
1387090866,1,0,-45.1,0,0,0,0,170,150,-0.0292,314.9588,6.8213,0.4212,54.894196,9.795300,108.3,5.845,1.85,30.00,54.889820,9.800448,54.895069,9.793790
1387090866,1,0,-45.0,0,0,4,0,170,200,-0.0292,314.9588,6.8213,0.4212,54.894207,9.795279,108.3,5.845,1.85,30.00,54.889820,9.800448,54.895069,9.793790
1387090866,1,0,-25.0,0,-20,0,0,170,150,-0.0292,321.6255,6.8213,0.4212,54.894222,9.795259,108.3,5.845,1.85,30.00,54.889820,9.800448,54.895069,9.793790
1387090867,1,0,-45.1,0,7,4,0,85,100,-0.0292,319.2921,6.8213,0.4212,54.894238,9.795238,108.3,5.845,1.85,30.00,54.889820,9.800448,54.895069,9.793790
1387090867,1,0,-45.2,0,5,8,0,112,150,-0.0292,317.6255,6.8213,0.4212,54.894249,9.795218,108.3,5.845,1.85,30.00,54.889820,9.800448,54.895069,9.793790
1387090867,1,0,-45.2,0,3,4,0,134,100,-0.0292,316.6255,6.8213,0.4212,54.894264,9.795196,108.3,5.845,1.85,30.00,54.889820,9.800448,54.895069,9.793790
1387090867,1,0,-45.3,0,2,0,0,147,150,-0.0292,315.9588,6.8213,0.4212,54.894276,9.795175,108.3,5.845,1.85,30.00,54.889820,9.800448,54.895069,9.793790
1387090868,1,0,-45.3,0,1,4,0,156,200,-0.0292,315.6255,6.8213,0.4212,54.894291,9.795153,108.3,5.845,1.85,30.00,54.889820,9.800448,54.895069,9.793790
1387090868,1,0,-45.4,0,1,0,0,161,150,-0.0292,315.2921,6.8213,0.4212,54.894302,9.795131,108.3,5.845,1.85,30.00,54.889820,9.800448,54.895069,9.793790
1387090868,1,0,-45.3,0,1,4,0,165,200,-0.0292,314.9588,6.8213,0.4212,54.894318,9.795109,108.3,5.845,1.85,30.00,54.889820,9.800448,54.895069,9.793790
1387090868,1,0,-45.4,0,0,0,0,170,150,-0.0292,314.9588,6.8213,0.4212,54.894329,9.795087,108.3,5.845,1.85,30.00,54.889820,9.800448,54.895069,9.793790
1387090869,1,0,-45.4,0,0,4,0,170,200,-0.0292,314.9588,6.8213,0.4212,54.894344,9.795065,108.3,5.845,1.85,30.00,54.889820,9.800448,54.895069,9.793790
1387090869,1,0,-45.5,0,0,0,0,170,150,-0.0292,314.9588,6.8213,0.4212,54.894356,9.795043,108.3,5.845,1.85,30.00,54.889820,9.800448,54.895069,9.793790
1387090869,1,0,-45.5,0,0,4,0,170,200,-0.0292,314.9588,6.8213,0.4212,54.894367,9.795021,108.3,5.845,1.85,30.00,54.889820,9.800448,54.895069,9.793790
1387090869,1,0,-45.4,0,0,0,0,170,150,-0.0292,314.9588,6.8213,0.4212,54.894379,9.794999,108.3,5.845,1.85,30.00,54.889820,9.800448,54.895069,9.793790
1387090870,1,0,-45.4,0,0,4,0,170,200,-0.0292,314.9588,6.8213,0.4212,54.894394,9.794977,108.3,5.845,1.85,30.00,54.889820,9.800448,54.895069,9.793790
1387090870,1,0,-45.5,0,0,0,0,170,150,-0.0292,314.9588,6.8213,0.4212,54.894405,9.794955,108.3,5.845,1.85,30.00,54.889820,9.800448,54.895069,9.793790
1387090870,1,0,-45.5,0,0,4,0,170,200,-0.0292,314.9588,6.8213,0.4212,54.894417,9.794933,108.3,5.845,1.85,30.00,54.889820,9.800448,54.895069,9.793790
1387090870,1,0,-45.4,0,0,0,0,170,150,-0.0292,314.9588,6.8213,0.4212,54.894428,9.794911,108.3,5.845,1.85,30.00,54.889820,9.800448,54.895069,9.793790
1387090871,1,0,-45.4,0,0,4,0,170,200,-0.0292,314.9588,6.8213,0.4212,54.894444,9.794889,108.3,5.845,1.85,30.00,54.889820,9.800448,54.895069,9.793790
1387090871,1,0,-45.5,0,0,0,0,170,150,-0.0292,314.9588,6.8213,0.4212,54.894455,9.794868,108.3,5.845,1.85,30.00,54.889820,9.800448,54.895069,9.793790
1387090871,1,0,-45.4,0,0,4,0,170,200,-0.0292,314.9588,6.8213,0.4212,54.894466,9.794846,108.3,5.845,1.85,30.00,54.889820,9.800448,54.895069,9.793790
1387090871,1,0,-45.4,0,0,0,0,170,150,-0.0292,314.9588,6.8213,0.4212,54.894478,9.794824,108.3,5.845,1.85,30.00,54.889820,9.800448,54.895069,9.793790
1387090872,1,0,-45.3,0,0,4,0,170,200,-0.0292,314.9588,6.8213,0.4212,54.894493,9.794801,108.3,5.845,1.85,30.00,54.889820,9.800448,54.895069,9.793790
1387090872,1,0,-45.4,0,0,0,0,170,150,-0.0292,314.9588,6.8213,0.4212,54.894505,9.794779,108.3,5.845,1.85,30.00,54.889820,9.800448,54.895069,9.793790
1387090872,1,0,-45.4,0,0,4,0,170,200,-0.0292,314.9588,6.8213,0.4212,54.894516,9.794756,108.3,5.845,1.85,30.00,54.889820,9.800448,54.895069,9.793790
1387090872,1,0,-45.3,0,0,0,0,170,150,-0.0292,314.9588,6.8213,0.4212,54.894527,9.794734,108.3,5.845,1.85,30.00,54.889820,9.800448,54.895069,9.793790
1387090873,1,0,-45.2,0,0,4,0,170,200,-0.0292,314.9588,6.8213,0.4212,54.894543,9.794711,108.3,5.845,1.85,30.00,54.889820,9.800448,54.895069,9.793790
1387090873,1,0,-45.4,0,0,0,0,170,150,-0.0292,314.9588,6.8213,0.4212,54.894554,9.794689,108.3,5.845,1.85,30.00,54.889820,9.800448,54.895069,9.793790
1387090873,1,0,-45.3,0,0,4,0,170,200,-0.0292,314.9588,6.8213,0.4212,54.894566,9.794666,108.3,5.845,1.85,30.00,54.889820,9.800448,54.895069,9.793790
1387090873,1,0,-45.2,0,0,0,0,170,150,-0.0292,314.9588,6.8213,0.4212,54.894577,9.794644,108.3,5.845,1.85,30.00,54.889820,9.800448,54.895069,9.793790
1387090874,1,0,-45.1,0,0,4,0,170,200,-0.0292,314.9588,6.8213,0.4212,54.894588,9.794622,108.3,5.845,1.85,30.00,54.889820,9.800448,54.895069,9.793790
1387090874,1,0,-45.1,0,0,0,0,170,150,-0.0292,314.9588,6.8213,0.4212,54.894600,9.794600,108.3,5.845,1.85,30.00,54.889820,9.800448,54.895069,9.793790
1387090874,1,0,-25.0,0,-20,-4,0,170,200,-0.0292,321.6254,6.8213,0.4212,54.894615,9.794581,108.3,5.845,1.85,30.00,54.889820,9.800448,54.895069,9.793790
1387090874,1,0,-45.3,0,7,0,0,85,150,-0.0292,319.2921,6.8213,0.4212,54.894630,9.794561,108.3,5.845,1.85,30.00,54.889820,9.800448,54.895069,9.793790
1387090875,1,0,-45.5,0,5,4,0,112,100,-0.0292,317.6254,6.8213,0.4212,54.894642,9.794539,108.3,5.845,1.85,30.00,54.889820,9.800448,54.895069,9.793790
1387090875,1,0,-45.4,0,3,0,0,134,150,-0.0292,316.6254,6.8213,0.4212,54.894657,9.794518,108.3,5.845,1.85,30.00,54.889820,9.800448,54.895069,9.793790
1387090875,1,0,-45.7,0,2,4,0,147,100,-0.0292,315.9588,6.8213,0.4212,54.894669,9.794497,108.3,5.845,1.85,30.00,54.889820,9.800448,54.895069,9.793790
1387090875,1,0,-45.6,0,2,0,0,156,150,-0.0292,315.2921,6.8213,0.4212,54.894684,9.794475,108.3,5.845,1.85,30.00,54.889820,9.800448,54.895069,9.793790
1387090876,1,0,-45.8,0,1,4,0,165,200,-0.0292,314.9588,6.8213,0.4212,54.894695,9.794452,108.3,5.845,1.85,30.00,54.889820,9.800448,54.895069,9.793790
1387090876,1,0,-45.7,0,1,0,0,170,150,-0.0292,314.6254,6.8213,0.4212,54.894711,9.794430,108.3,5.845,1.85,30.00,54.889820,9.800448,54.895069,9.793790
1387090876,1,0,-45.9,0,1,4,0,175,200,-0.0292,314.2921,6.8213,0.4212,54.894722,9.794408,108.3,5.845,1.85,30.00,54.889820,9.800448,54.895069,9.793790
1387090876,1,0,-45.8,0,0,0,0,180,150,-0.0292,314.2921,6.8213,0.4212,54.894737,9.794386,108.3,5.845,1.85,30.00,54.889820,9.800448,54.895069,9.793790
1387090877,1,0,-46.1,0,0,4,0,180,200,-0.0292,314.2921,6.8213,0.4212,54.894749,9.794364,108.3,5.845,1.85,30.00,54.889820,9.800448,54.895069,9.793790
1387090877,1,0,-46.0,0,0,0,0,180,150,-0.0292,314.2921,6.8213,0.4212,54.894764,9.794341,108.3,5.845,1.85,30.00,54.889820,9.800448,54.895069,9.793790
1387090877,1,0,-46.3,0,1,4,0,180,200,-0.0292,313.9587,6.8213,0.4212,54.894775,9.794319,108.3,5.845,1.85,30.00,54.889820,9.800448,54.895069,9.793790
1387090877,1,0,-46.2,0,0,0,0,184,150,-0.0292,313.9587,6.8213,0.4212,54.894787,9.794296,108.3,5.845,1.85,30.00,54.889820,9.800448,54.895069,9.793790
1387090878,1,0,-46.1,0,0,4,0,184,200,-0.0292,313.9587,6.8213,0.4212,54.894798,9.794274,108.3,5.845,1.85,30.00,54.889820,9.800448,54.895069,9.793790
1387090878,1,0,-46.0,0,0,0,0,184,150,-0.0292,313.9587,6.8213,0.4212,54.894814,9.794251,108.3,5.845,1.85,30.00,54.889820,9.800448,54.895069,9.793790
1387090878,1,0,-46.3,0,0,4,0,184,200,-0.0292,313.9587,6.8213,0.4212,54.894825,9.794230,108.3,5.845,1.85,30.00,54.889820,9.800448,54.895069,9.793790
1387090878,1,0,-46.2,0,0,0,0,184,150,-0.0292,313.9587,6.8213,0.4212,54.894836,9.794207,108.3,5.845,1.85,30.00,54.889820,9.800448,54.895069,9.793790
1387090879,1,0,-46.0,0,0,4,0,184,200,-0.0292,313.9587,6.8213,0.4212,54.894848,9.794185,108.3,5.845,1.85,30.00,54.889820,9.800448,54.895069,9.793790
1387090879,1,0,-45.9,0,0,0,0,184,150,-0.0292,313.9587,6.8213,0.4212,54.894859,9.794162,108.3,5.845,1.85,30.00,54.889820,9.800448,54.895069,9.793790
1387090879,1,0,-45.7,0,0,4,0,184,200,-0.0292,313.9587,6.8213,0.4212,54.894871,9.794140,108.3,5.845,1.85,30.00,54.889820,9.800448,54.895069,9.793790
1387090879,1,0,-45.6,0,0,0,0,184,150,-0.0292,313.9587,6.8213,0.4212,54.894886,9.794117,108.3,5.845,1.85,30.00,54.889820,9.800448,54.895069,9.793790
1387090880,1,0,-45.9,0,0,4,0,184,200,-0.0292,313.9587,6.8213,0.4212,54.894897,9.794095,108.3,5.845,1.85,30.00,54.889820,9.800448,54.895069,9.793790
1387090880,1,0,-45.8,0,0,0,0,184,150,-0.0292,313.9587,6.8213,0.4212,54.894909,9.794072,108.3,5.845,1.85,30.00,54.889820,9.800448,54.895069,9.793790
1387090880,1,0,-45.6,0,0,4,0,184,200,-0.0292,313.9587,6.8213,0.4212,54.894920,9.794050,108.3,5.845,1.85,30.00,54.889820,9.800448,54.895069,9.793790
1387090880,1,0,-45.4,0,-1,0,0,184,150,-0.0292,314.2921,6.8213,0.4212,54.894936,9.794027,108.3,5.845,1.85,30.00,54.889820,9.800448,54.895069,9.793790
1387090881,1,0,-45.8,0,0,4,0,180,200,-0.0292,314.2921,6.8213,0.4212,54.894947,9.794005,108.3,5.845,1.85,30.00,54.889820,9.800448,54.895069,9.793790
1387090881,1,0,-45.6,0,0,0,0,180,150,-0.0292,314.2921,6.8213,0.4212,54.894958,9.793983,108.3,5.845,1.85,30.00,54.889820,9.800448,54.895069,9.793790
1387090881,1,0,-45.2,0,0,4,0,180,200,-0.0292,314.2921,6.8213,0.4212,54.894970,9.793961,108.3,5.845,1.85,30.00,54.889820,9.800448,54.895069,9.793790
1387090881,1,0,-25.0,0,-21,0,0,180,150,-0.0292,321.2921,6.8213,0.4212,54.894985,9.793941,108.3,5.845,1.85,30.00,54.889820,9.800448,54.895069,9.793790
1387090882,1,0,-46.1,0,7,4,0,88,100,-0.0292,318.9587,6.8213,0.4212,54.895000,9.793921,108.3,5.845,1.85,30.00,54.889820,9.800448,54.895069,9.793790
1387090882,1,0,-47.8,0,7,8,0,117,150,-0.0292,316.6254,6.8213,0.4212,54.895012,9.793899,108.3,5.845,1.85,30.00,54.889820,9.800448,54.895069,9.793790
1387090882,1,0,-47.7,0,4,4,0,147,100,-0.0292,315.2921,6.8213,0.4212,54.895027,9.793877,108.3,5.845,1.85,30.00,54.889820,9.800448,54.895069,9.793790
1387090882,1,0,-50.1,0,5,8,0,165,150,-0.0292,313.6254,6.8213,0.4212,54.895039,9.793854,108.3,5.845,1.85,30.00,54.889820,9.800448,54.895069,9.793790
1387090883,1,0,-50.5,0,4,4,0,189,200,-0.0292,312.2921,6.8213,0.4212,54.895054,9.793831,108.3,5.845,1.85,30.00,54.889820,9.800448,54.895069,9.793790
1387090883,1,0,-57.3,0,10,8,0,208,250,-0.0292,308.9587,6.8213,0.4212,54.895065,9.793807,108.3,5.845,1.85,30.00,54.895069,9.793790,54.895348,9.797490
1387090883,1,0,85.0,0,-35,4,0,258,300,-0.0292,320.6254,6.8213,0.4212,54.895081,9.793787,108.3,5.845,1.85,30.00,54.895069,9.793790,54.895348,9.797490
1387090884,1,0,85.0,0,-35,0,0,96,250,-0.0292,332.2920,6.8213,0.4212,54.895096,9.793773,108.3,5.845,1.85,30.00,54.895069,9.793790,54.895348,9.797490
1387090884,1,0,85.0,0,-35,-4,0,4,200,-0.0292,343.9587,6.8213,0.4212,54.895111,9.793764,108.3,5.845,1.85,30.00,54.895069,9.793790,54.895348,9.797490
1387090884,1,0,85.0,0,-35,-8,0,0,150,-0.0292,355.6253,6.8213,0.4212,54.895130,9.793761,108.3,5.845,1.85,30.00,54.895069,9.793790,54.895348,9.797490
1387090884,1,0,85.0,0,-35,-12,0,0,100,-0.0292,367.2920,6.8213,0.4212,54.895149,9.793765,108.3,5.845,1.85,30.00,54.895069,9.793790,54.895348,9.797490
1387090885,1,0,85.0,0,-35,-16,0,0,50,-0.0292,378.9586,6.8213,0.4212,54.895164,9.793776,108.3,5.845,1.85,30.00,54.895069,9.793790,54.895348,9.797490
1387090885,1,0,85.0,0,-35,-20,0,0,0,-0.0292,390.6253,6.8213,0.4212,54.895184,9.793792,108.3,5.845,1.85,30.00,54.895069,9.793790,54.895348,9.797490
1387090885,1,0,85.0,0,-35,-24,0,0,0,-0.0292,402.2920,6.8213,0.4212,54.895199,9.793813,108.3,5.845,1.85,30.00,54.895069,9.793790,54.895348,9.797490
1387090885,1,0,85.0,0,-35,-28,0,0,0,-0.0292,413.9586,6.8213,0.4212,54.895210,9.793839,108.3,5.845,1.85,30.00,54.895069,9.793790,54.895348,9.797490
1387090886,1,0,85.0,0,-31,-32,0,0,0,-0.0292,424.2920,6.8213,0.4212,54.895218,9.793866,108.3,5.845,1.85,30.00,54.895069,9.793790,54.895348,9.797490
1387090886,1,0,85.0,0,-21,-28,0,0,0,-0.0292,431.2920,6.8213,0.4212,54.895222,9.793896,108.3,5.845,1.85,30.00,54.895069,9.793790,54.895348,9.797490
1387090886,1,0,85.0,0,-14,-24,0,0,0,-0.0292,435.9586,6.8213,0.4212,54.895226,9.793926,108.3,5.845,1.85,30.00,54.895069,9.793790,54.895348,9.797490
1387090886,1,0,85.0,0,-9,-20,0,0,0,-0.0292,438.9586,6.8213,0.4212,54.895229,9.793957,108.3,5.845,1.85,30.00,54.895069,9.793790,54.895348,9.797490
1387090887,1,0,85.0,0,-6,-16,0,0,0,-0.0292,440.9586,6.8213,0.4212,54.895233,9.793988,108.3,5.845,1.85,30.00,54.895069,9.793790,54.895348,9.797490
1387090887,1,0,85.0,0,-4,-12,0,0,0,-0.0292,442.2920,6.8213,0.4212,54.895237,9.794020,108.3,5.845,1.85,30.00,54.895069,9.793790,54.895348,9.797490
1387090887,1,0,85.0,0,-3,-8,0,0,0,-0.0292,443.2920,6.8213,0.4212,54.895241,9.794050,108.3,5.845,1.85,30.00,54.895069,9.793790,54.895348,9.797490
1387090887,1,0,85.0,0,-2,-4,0,0,0,-0.0292,443.9586,6.8213,0.4212,54.895245,9.794081,108.3,5.845,1.85,30.00,54.895069,9.793790,54.895348,9.797490
1387090888,1,0,85.0,0,-1,0,0,0,0,-0.0292,444.2920,6.8213,0.4212,54.895245,9.794112,108.3,5.845,1.85,30.00,54.895069,9.793790,54.895348,9.797490
1387090888,1,0,85.0,0,-1,-4,0,0,0,-0.0292,444.6253,6.8213,0.4212,54.895245,9.794144,108.3,5.845,1.85,30.00,54.895069,9.793790,54.895348,9.797490
1387090888,1,0,85.0,0,0,0,0,0,0,-0.0292,444.6253,6.8213,0.4212,54.895245,9.794174,108.3,5.845,1.85,30.00,54.895069,9.793790,54.895348,9.797490
1387090888,1,0,85.0,0,0,4,0,0,0,-0.0292,444.6253,6.8213,0.4212,54.895245,9.794206,108.3,5.845,1.85,30.00,54.895069,9.793790,54.895348,9.797490
1387090889,1,0,85.0,0,0,0,0,0,0,-0.0292,444.6253,6.8213,0.4212,54.895245,9.794237,108.3,5.845,1.85,30.00,54.895069,9.793790,54.895348,9.797490
1387090889,1,0,85.0,0,0,4,0,0,0,-0.0292,444.6253,6.8213,0.4212,54.895245,9.794269,108.3,5.845,1.85,30.00,54.895069,9.793790,54.895348,9.797490
1387090889,1,0,85.0,0,0,0,0,0,0,-0.0292,444.6253,6.8213,0.4212,54.895245,9.794299,108.3,5.845,1.85,30.00,54.895069,9.793790,54.895348,9.797490
1387090889,1,0,85.0,0,0,4,0,0,0,-0.0292,444.6253,6.8213,0.4212,54.895245,9.794331,108.3,5.845,1.85,30.00,54.895069,9.793790,54.895348,9.797490
1387090890,1,0,85.0,0,0,0,0,0,0,-0.0292,444.6253,6.8213,0.4212,54.895245,9.794362,108.3,5.845,1.85,30.00,54.895069,9.793790,54.895348,9.797490
1387090890,1,0,85.0,0,0,4,0,0,0,-0.0292,444.6253,6.8213,0.4212,54.895245,9.794393,108.3,5.845,1.85,30.00,54.895069,9.793790,54.895348,9.797490
1387090890,1,0,85.0,0,0,0,0,0,0,-0.0292,444.6253,6.8213,0.4212,54.895245,9.794423,108.3,5.845,1.85,30.00,54.895069,9.793790,54.895348,9.797490
1387090890,1,0,85.0,0,0,4,0,0,0,-0.0292,444.6253,6.8213,0.4212,54.895245,9.794455,108.3,5.845,1.85,30.00,54.895069,9.793790,54.895348,9.797490
1387090891,1,0,85.0,0,0,0,0,0,0,-0.0292,444.6253,6.8213,0.4212,54.895245,9.794486,108.3,5.845,1.85,30.00,54.895069,9.793790,54.895348,9.797490
1387090891,1,0,85.0,0,0,4,0,0,0,-0.0292,444.6253,6.8213,0.4212,54.895245,9.794517,108.3,5.845,1.85,30.00,54.895069,9.793790,54.895348,9.797490
1387090891,1,0,85.0,0,0,0,0,0,0,-0.0292,444.6253,6.8213,0.4212,54.895245,9.794548,108.3,5.845,1.85,30.00,54.895069,9.793790,54.895348,9.797490
1387090891,1,0,85.0,0,0,4,0,0,0,-0.0292,444.6253,6.8213,0.4212,54.895245,9.794580,108.3,5.845,1.85,30.00,54.895069,9.793790,54.895348,9.797490
1387090892,1,0,85.0,0,0,0,0,0,0,-0.0292,444.6253,6.8213,0.4212,54.895245,9.794611,108.3,5.845,1.85,30.00,54.895069,9.793790,54.895348,9.797490
1387090892,1,0,85.0,0,0,4,0,0,0,-0.0292,444.6253,6.8213,0.4212,54.895245,9.794641,108.3,5.845,1.85,30.00,54.895069,9.793790,54.895348,9.797490
1387090892,1,0,85.0,0,0,0,0,0,0,-0.0292,444.6253,6.8213,0.4212,54.895245,9.794673,108.3,5.845,1.85,30.00,54.895069,9.793790,54.895348,9.797490
1387090892,1,0,85.0,0,0,4,0,0,0,-0.0292,444.6253,6.8213,0.4212,54.895245,9.794704,108.3,5.845,1.85,30.00,54.895069,9.793790,54.895348,9.797490
1387090893,1,0,85.0,0,0,0,0,0,0,-0.0292,444.6253,6.8213,0.4212,54.895245,9.794735,108.3,5.845,1.85,30.00,54.895069,9.793790,54.895348,9.797490
1387090893,1,0,85.0,0,0,4,0,0,0,-0.0292,444.6253,6.8213,0.4212,54.895245,9.794765,108.3,5.845,1.85,30.00,54.895069,9.793790,54.895348,9.797490
1387090893,1,0,85.0,0,0,0,0,0,0,-0.0292,444.6253,6.8213,0.4212,54.895245,9.794797,108.3,5.845,1.85,30.00,54.895069,9.793790,54.895348,9.797490
1387090893,1,0,85.0,0,0,4,0,0,0,-0.0292,444.6253,6.8213,0.4212,54.895245,9.794828,108.3,5.845,1.85,30.00,54.895069,9.793790,54.895348,9.797490
1387090894,1,0,85.0,0,0,0,0,0,0,-0.0292,444.6253,6.8213,0.4212,54.895245,9.794859,108.3,5.845,1.85,30.00,54.895069,9.793790,54.895348,9.797490
1387090894,1,0,85.0,0,0,4,0,0,0,-0.0292,444.6253,6.8213,0.4212,54.895245,9.794890,108.3,5.845,1.85,30.00,54.895069,9.793790,54.895348,9.797490
1387090894,1,0,85.0,0,0,0,0,0,0,-0.0292,444.6253,6.8213,0.4212,54.895245,9.794922,108.3,5.845,1.85,30.00,54.895069,9.793790,54.895348,9.797490
1387090894,1,0,85.0,0,0,4,0,0,0,-0.0292,444.6253,6.8213,0.4212,54.895245,9.794953,108.3,5.845,1.85,30.00,54.895069,9.793790,54.895348,9.797490
1387090895,1,0,85.0,0,0,0,0,0,0,-0.0292,444.6253,6.8213,0.4212,54.895245,9.794984,108.3,5.845,1.85,30.00,54.895069,9.793790,54.895348,9.797490
1387090895,1,0,85.0,0,0,4,0,0,0,-0.0292,444.6253,6.8213,0.4212,54.895245,9.795015,108.3,5.845,1.85,30.00,54.895069,9.793790,54.895348,9.797490
1387090895,1,0,85.0,0,0,0,0,0,0,-0.0292,444.6253,6.8213,0.4212,54.895245,9.795047,108.3,5.845,1.85,30.00,54.895069,9.793790,54.895348,9.797490
1387090895,1,0,85.0,0,0,4,0,0,0,-0.0292,444.6253,6.8213,0.4212,54.895245,9.795077,108.3,5.845,1.85,30.00,54.895069,9.793790,54.895348,9.797490
1387090896,1,0,85.0,0,0,0,0,0,0,-0.0292,444.6253,6.8213,0.4212,54.895245,9.795108,108.3,5.845,1.85,30.00,54.895069,9.793790,54.895348,9.797490
1387090896,1,0,85.0,0,0,4,0,0,0,-0.0292,444.6253,6.8213,0.4212,54.895245,9.795139,108.3,5.845,1.85,30.00,54.895069,9.793790,54.895348,9.797490
1387090896,1,0,85.0,0,0,0,0,0,0,-0.0292,444.6253,6.8213,0.4212,54.895245,9.795171,108.3,5.845,1.85,30.00,54.895069,9.793790,54.895348,9.797490
1387090896,1,0,85.0,0,0,4,0,0,0,-0.0292,444.6253,6.8213,0.4212,54.895245,9.795201,108.3,5.845,1.85,30.00,54.895069,9.793790,54.895348,9.797490
1387090897,1,0,85.0,0,0,0,0,0,0,-0.0292,444.6253,6.8213,0.4212,54.895245,9.795233,108.3,5.845,1.85,30.00,54.895069,9.793790,54.895348,9.797490
1387090897,1,0,85.0,0,0,4,0,0,0,-0.0292,444.6253,6.8213,0.4212,54.895245,9.795264,108.3,5.845,1.85,30.00,54.895069,9.793790,54.895348,9.797490
1387090897,1,0,85.0,0,0,0,0,0,0,-0.0292,444.6253,6.8213,0.4212,54.895245,9.795296,108.3,5.845,1.85,30.00,54.895069,9.793790,54.895348,9.797490
1387090897,1,0,85.0,0,0,4,0,0,0,-0.0292,444.6253,6.8213,0.4212,54.895245,9.795326,108.3,5.845,1.85,30.00,54.895069,9.793790,54.895348,9.797490
1387090898,1,0,85.0,0,0,0,0,0,0,-0.0292,444.6253,6.8213,0.4212,54.895245,9.795358,108.3,5.845,1.85,30.00,54.895069,9.793790,54.895348,9.797490
1387090898,1,0,85.0,0,0,4,0,0,0,-0.0292,444.6253,6.8213,0.4212,54.895245,9.795389,108.3,5.845,1.85,30.00,54.895069,9.793790,54.895348,9.797490
1387090898,1,0,85.0,0,0,0,0,0,0,-0.0292,444.6253,6.8213,0.4212,54.895245,9.795420,108.3,5.845,1.85,30.00,54.895069,9.793790,54.895348,9.797490
1387090898,1,0,85.0,0,0,4,0,0,0,-0.0292,444.6253,6.8213,0.4212,54.895245,9.795450,108.3,5.845,1.85,30.00,54.895069,9.793790,54.895348,9.797490
1387090899,1,0,85.0,0,0,0,0,0,0,-0.0292,444.6253,6.8213,0.4212,54.895245,9.795482,108.3,5.845,1.85,30.00,54.895069,9.793790,54.895348,9.797490
1387090899,1,0,85.0,0,0,4,0,0,0,-0.0292,444.6253,6.8213,0.4212,54.895245,9.795513,108.3,5.845,1.85,30.00,54.895069,9.793790,54.895348,9.797490
1387090899,1,0,85.0,0,0,0,0,0,0,-0.0292,444.6253,6.8213,0.4212,54.895245,9.795544,108.3,5.845,1.85,30.00,54.895069,9.793790,54.895348,9.797490
1387090899,1,0,85.0,0,0,4,0,0,0,-0.0292,444.6253,6.8213,0.4212,54.895245,9.795575,108.3,5.845,1.85,30.00,54.895069,9.793790,54.895348,9.797490
1387090900,1,0,85.0,0,0,0,0,0,0,-0.0292,444.6253,6.8213,0.4212,54.895245,9.795607,108.3,5.845,1.85,30.00,54.895069,9.793790,54.895348,9.797490
1387090900,1,0,85.0,0,0,4,0,0,0,-0.0292,444.6253,6.8213,0.4212,54.895245,9.795637,108.3,5.845,1.85,30.00,54.895069,9.793790,54.895348,9.797490
1387090900,1,0,85.0,0,0,0,0,0,0,-0.0292,444.6253,6.8213,0.4212,54.895245,9.795668,108.3,5.845,1.85,30.00,54.895069,9.793790,54.895348,9.797490
1387090900,1,0,85.0,0,0,4,0,0,0,-0.0292,444.6253,6.8213,0.4212,54.895245,9.795699,108.3,5.845,1.85,30.00,54.895069,9.793790,54.895348,9.797490
1387090901,1,0,85.0,0,0,0,0,0,0,-0.0292,444.6253,6.8213,0.4212,54.895245,9.795731,108.3,5.845,1.85,30.00,54.895069,9.793790,54.895348,9.797490
1387090901,1,0,85.0,0,0,4,0,0,0,-0.0292,444.6253,6.8213,0.4212,54.895245,9.795761,108.3,5.845,1.85,30.00,54.895069,9.793790,54.895348,9.797490
1387090901,1,0,85.0,0,0,0,0,0,0,-0.0292,444.6253,6.8213,0.4212,54.895245,9.795792,108.3,5.845,1.85,30.00,54.895069,9.793790,54.895348,9.797490
1387090901,1,0,85.0,0,0,4,0,0,0,-0.0292,444.6253,6.8213,0.4212,54.895245,9.795823,108.3,5.845,1.85,30.00,54.895069,9.793790,54.895348,9.797490
1387090902,1,0,85.0,0,0,0,0,0,0,-0.0292,444.6253,6.8213,0.4212,54.895245,9.795855,108.3,5.845,1.85,30.00,54.895069,9.793790,54.895348,9.797490
1387090902,1,0,85.0,0,0,4,0,0,0,-0.0292,444.6253,6.8213,0.4212,54.895245,9.795885,108.3,5.845,1.85,30.00,54.895069,9.793790,54.895348,9.797490
1387090902,1,0,85.0,0,0,0,0,0,0,-0.0292,444.6253,6.8213,0.4212,54.895245,9.795917,108.3,5.845,1.85,30.00,54.895069,9.793790,54.895348,9.797490
1387090902,1,0,85.0,0,0,4,0,0,0,-0.0292,444.6253,6.8213,0.4212,54.895245,9.795948,108.3,5.845,1.85,30.00,54.895069,9.793790,54.895348,9.797490
1387090903,1,0,85.0,0,0,0,0,0,0,-0.0292,444.6253,6.8213,0.4212,54.895245,9.795979,108.3,5.845,1.85,30.00,54.895069,9.793790,54.895348,9.797490
1387090903,1,0,85.0,0,0,4,0,0,0,-0.0292,444.6253,6.8213,0.4212,54.895245,9.796009,108.3,5.845,1.85,30.00,54.895069,9.793790,54.895348,9.797490
1387090903,1,0,85.0,0,0,0,0,0,0,-0.0292,444.6253,6.8213,0.4212,54.895245,9.796041,108.3,5.845,1.85,30.00,54.895069,9.793790,54.895348,9.797490
1387090903,1,0,85.0,0,0,4,0,0,0,-0.0292,444.6253,6.8213,0.4212,54.895245,9.796072,108.3,5.845,1.85,30.00,54.895069,9.793790,54.895348,9.797490
1387090904,1,0,85.0,0,0,0,0,0,0,-0.0292,444.6253,6.8213,0.4212,54.895245,9.796103,108.3,5.845,1.85,30.00,54.895069,9.793790,54.895348,9.797490
1387090904,1,0,85.0,0,0,4,0,0,0,-0.0292,444.6253,6.8213,0.4212,54.895245,9.796134,108.3,5.845,1.85,30.00,54.895069,9.793790,54.895348,9.797490
1387090904,1,0,85.0,0,0,0,0,0,0,-0.0292,444.6253,6.8213,0.4212,54.895245,9.796165,108.3,5.845,1.85,30.00,54.895069,9.793790,54.895348,9.797490
1387090904,1,0,85.0,0,0,4,0,0,0,-0.0292,444.6253,6.8213,0.4212,54.895245,9.796197,108.3,5.845,1.85,30.00,54.895069,9.793790,54.895348,9.797490
1387090905,1,0,85.0,0,0,0,0,0,0,-0.0292,444.6253,6.8213,0.4212,54.895245,9.796227,108.3,5.845,1.85,30.00,54.895069,9.793790,54.895348,9.797490
1387090905,1,0,85.0,0,0,4,0,0,0,-0.0292,444.6253,6.8213,0.4212,54.895245,9.796259,108.3,5.845,1.85,30.00,54.895069,9.793790,54.895348,9.797490
1387090905,1,0,85.0,0,0,0,0,0,0,-0.0292,444.6253,6.8213,0.4212,54.895245,9.796290,108.3,5.845,1.85,30.00,54.895069,9.793790,54.895348,9.797490
1387090905,1,0,85.0,0,0,4,0,0,0,-0.0292,444.6253,6.8213,0.4212,54.895245,9.796321,108.3,5.845,1.85,30.00,54.895069,9.793790,54.895348,9.797490
1387090906,1,0,85.0,0,0,0,0,0,0,-0.0292,444.6253,6.8213,0.4212,54.895245,9.796351,108.3,5.845,1.85,30.00,54.895069,9.793790,54.895348,9.797490
1387090906,1,0,85.0,0,0,4,0,0,0,-0.0292,444.6253,6.8213,0.4212,54.895245,9.796383,108.3,5.845,1.85,30.00,54.895069,9.793790,54.895348,9.797490
1387090906,1,0,85.0,0,0,0,0,0,0,-0.0292,444.6253,6.8213,0.4212,54.895245,9.796414,108.3,5.845,1.85,30.00,54.895069,9.793790,54.895348,9.797490
1387090906,1,0,85.0,0,0,4,0,0,0,-0.0292,444.6253,6.8213,0.4212,54.895245,9.796445,108.3,5.845,1.85,30.00,54.895069,9.793790,54.895348,9.797490
1387090907,1,0,85.0,0,0,0,0,0,0,-0.0292,444.6253,6.8213,0.4212,54.895245,9.796476,108.3,5.845,1.85,30.00,54.895069,9.793790,54.895348,9.797490
1387090907,1,0,85.0,0,0,4,0,0,0,-0.0292,444.6253,6.8213,0.4212,54.895245,9.796508,108.3,5.845,1.85,30.00,54.895069,9.793790,54.895348,9.797490
1387090907,1,0,85.0,0,0,0,0,0,0,-0.0292,444.6253,6.8213,0.4212,54.895245,9.796539,108.3,5.845,1.85,30.00,54.895069,9.793790,54.895348,9.797490
1387090907,1,0,85.0,0,0,4,0,0,0,-0.0292,444.6253,6.8213,0.4212,54.895245,9.796570,108.3,5.845,1.85,30.00,54.895069,9.793790,54.895348,9.797490
1387090908,1,0,85.0,0,0,0,0,0,0,-0.0292,444.6253,6.8213,0.4212,54.895245,9.796601,108.3,5.845,1.85,30.00,54.895069,9.793790,54.895348,9.797490
1387090908,1,0,85.0,0,0,4,0,0,0,-0.0292,444.6253,6.8213,0.4212,54.895245,9.796633,108.3,5.845,1.85,30.00,54.895069,9.793790,54.895348,9.797490
1387090908,1,0,85.0,0,0,0,0,0,0,-0.0292,444.6253,6.8213,0.4212,54.895245,9.796663,108.3,5.845,1.85,30.00,54.895069,9.793790,54.895348,9.797490
1387090908,1,0,85.0,0,0,4,0,0,0,-0.0292,444.6253,6.8213,0.4212,54.895245,9.796694,108.3,5.845,1.85,30.00,54.895069,9.793790,54.895348,9.797490
1387090909,1,0,85.0,0,0,0,0,0,0,-0.0292,444.6253,6.8213,0.4212,54.895245,9.796725,108.3,5.845,1.85,30.00,54.895069,9.793790,54.895348,9.797490
1387090909,1,0,85.0,0,0,4,0,0,0,-0.0292,444.6253,6.8213,0.4212,54.895245,9.796757,108.3,5.845,1.85,30.00,54.895069,9.793790,54.895348,9.797490
1387090909,1,0,85.0,0,0,0,0,0,0,-0.0292,444.6253,6.8213,0.4212,54.895245,9.796787,108.3,5.845,1.85,30.00,54.895069,9.793790,54.895348,9.797490
1387090910,1,0,85.0,0,0,4,0,0,0,-0.0292,444.6253,6.8213,0.4212,54.895245,9.796819,108.3,5.845,1.85,30.00,54.895069,9.793790,54.895348,9.797490
1387090910,1,0,85.0,0,0,0,0,0,0,-0.0292,444.6253,6.8213,0.4212,54.895245,9.796850,108.3,5.845,1.85,30.00,54.895069,9.793790,54.895348,9.797490
1387090910,1,0,85.0,0,0,4,0,0,0,-0.0292,444.6253,6.8213,0.4212,54.895245,9.796882,108.3,5.845,1.85,30.00,54.895069,9.793790,54.895348,9.797490
1387090910,1,0,85.0,0,0,0,0,0,0,-0.0292,444.6253,6.8213,0.4212,54.895245,9.796912,108.3,5.845,1.85,30.00,54.895069,9.793790,54.895348,9.797490
1387090911,1,0,85.0,0,0,4,0,0,0,-0.0292,444.6253,6.8213,0.4212,54.895245,9.796944,108.3,5.845,1.85,30.00,54.895069,9.793790,54.895348,9.797490
1387090911,1,0,85.0,0,0,0,0,0,0,-0.0292,444.6253,6.8213,0.4212,54.895245,9.796975,108.3,5.845,1.85,30.00,54.895069,9.793790,54.895348,9.797490
1387090911,1,0,85.0,0,0,4,0,0,0,-0.0292,444.6253,6.8213,0.4212,54.895245,9.797006,108.3,5.845,1.85,30.00,54.895069,9.793790,54.895348,9.797490
1387090911,1,0,85.0,0,0,0,0,0,0,-0.0292,444.6253,6.8213,0.4212,54.895245,9.797036,108.3,5.845,1.85,30.00,54.895069,9.793790,54.895348,9.797490
1387090912,1,0,85.0,0,0,4,0,0,0,-0.0292,444.6253,6.8213,0.4212,54.895245,9.797068,108.3,5.845,1.85,30.00,54.895069,9.793790,54.895348,9.797490
1387090912,1,0,85.0,0,0,0,0,0,0,-0.0292,444.6253,6.8213,0.4212,54.895245,9.797099,108.3,5.845,1.85,30.00,54.895069,9.793790,54.895348,9.797490
1387090912,1,0,85.0,0,0,4,0,0,0,-0.0292,444.6253,6.8213,0.4212,54.895245,9.797130,108.3,5.845,1.85,30.00,54.895069,9.793790,54.895348,9.797490
1387090912,1,0,85.0,0,0,0,0,0,0,-0.0292,444.6253,6.8213,0.4212,54.895245,9.797161,108.3,5.845,1.85,30.00,54.895069,9.793790,54.895348,9.797490
1387090913,1,0,85.0,0,0,4,0,0,0,-0.0292,444.6253,6.8213,0.4212,54.895245,9.797193,108.3,5.845,1.85,30.00,54.895069,9.793790,54.895348,9.797490
1387090913,1,0,85.0,0,0,0,0,0,0,-0.0292,444.6253,6.8213,0.4212,54.895245,9.797223,108.3,5.845,1.85,30.00,54.895069,9.793790,54.895348,9.797490
1387090913,1,0,85.0,0,0,4,0,0,0,-0.0292,444.6253,6.8213,0.4212,54.895245,9.797254,108.3,5.845,1.85,30.00,54.895069,9.793790,54.895348,9.797490
1387090913,1,0,85.0,0,0,0,0,0,0,-0.0292,444.6253,6.8213,0.4212,54.895245,9.797285,108.3,5.845,1.85,30.00,54.895069,9.793790,54.895348,9.797490
1387090914,1,0,85.0,0,0,4,0,0,0,-0.0292,444.6253,6.8213,0.4212,54.895245,9.797317,108.3,5.845,1.85,30.00,54.895069,9.793790,54.895348,9.797490
1387090914,1,0,85.0,0,0,0,0,0,0,-0.0292,444.6253,6.8213,0.4212,54.895245,9.797347,108.3,5.845,1.85,30.00,54.895069,9.793790,54.895348,9.797490
1387090914,1,0,85.0,0,0,4,0,0,0,-0.0292,444.6253,6.8213,0.4212,54.895245,9.797378,108.3,5.845,1.85,30.00,54.895069,9.793790,54.895348,9.797490
1387090914,1,0,85.0,0,0,0,0,0,0,-0.0292,444.6253,6.8213,0.4212,54.895245,9.797409,108.3,5.845,1.85,30.00,54.895069,9.793790,54.895348,9.797490
1387090915,1,0,85.0,0,0,4,0,0,0,-0.0292,444.6253,6.8213,0.4212,54.895245,9.797441,108.3,5.845,1.85,30.00,54.895069,9.793790,54.895348,9.797490
1387090915,1,0,85.0,0,0,0,0,0,0,-0.0292,444.6253,6.8213,0.4212,54.895245,9.797471,108.3,5.845,1.85,30.00,54.895069,9.793790,54.895348,9.797490
1387090915,1,0,85.0,0,0,4,0,0,0,-0.0292,444.6253,6.8213,0.4212,54.895245,9.797503,108.3,5.845,1.85,30.00,54.895069,9.793790,54.895348,9.797490
1387090915,1,0,85.0,0,0,0,0,0,0,-0.0292,444.6253,6.8213,0.4212,54.895245,9.797534,108.3,5.845,1.85,30.00,54.895069,9.793790,54.895348,9.797490
1387090916,1,0,85.0,0,0,4,0,0,0,-0.0292,444.6253,6.8213,0.4212,54.895245,9.797565,108.3,5.845,1.85,30.00,54.895069,9.793790,54.895348,9.797490
1387090916,1,0,85.0,0,0,0,0,0,0,-0.0292,444.6253,6.8213,0.4212,54.895245,9.797595,108.3,5.845,1.85,30.00,54.895069,9.793790,54.895348,9.797490
1387090916,1,0,85.0,0,0,4,0,0,0,-0.0292,444.6253,6.8213,0.4212,54.895245,9.797626,108.3,5.845,1.85,30.00,54.895069,9.793790,54.895348,9.797490
1387090916,1,0,85.0,0,0,0,0,0,0,-0.0292,444.6253,6.8213,0.4212,54.895245,9.797658,108.3,5.845,1.85,30.00,54.895069,9.793790,54.895348,9.797490
1387090917,1,0,85.0,0,0,4,0,0,0,-0.0292,444.6253,6.8213,0.4212,54.895245,9.797688,108.3,5.845,1.85,30.00,54.895069,9.793790,54.895348,9.797490
1387090917,1,0,-48.1,0,35,8,0,0,0,-0.0292,432.9586,6.8213,0.4212,54.895248,9.797719,108.3,5.845,1.85,30.00,54.895069,9.793790,54.895348,9.797490
1387090917,1,0,-53.2,0,35,12,0,0,0,-0.0292,421.2920,6.8213,0.4212,54.895256,9.797747,108.3,5.845,1.85,30.00,54.895069,9.793790,54.895348,9.797490
1387090917,1,0,-58.3,0,35,16,0,0,0,-0.0292,409.6253,6.8213,0.4212,54.895267,9.797771,108.3,5.845,1.85,30.00,54.895069,9.793790,54.895348,9.797490
1387090918,1,0,296.3,0,35,20,0,0,0,-0.0292,397.9587,6.8213,0.4212,54.895279,9.797791,108.3,5.845,1.85,30.00,54.895069,9.793790,54.895348,9.797490
1387090918,1,0,291.6,0,35,24,0,0,0,-0.0292,386.2920,6.8213,0.4212,54.895294,9.797804,108.3,5.845,1.85,30.00,54.895069,9.793790,54.895348,9.797490
1387090918,1,0,286.4,0,35,28,0,0,0,-0.0292,374.6254,6.8213,0.4212,54.895309,9.797812,108.3,5.845,1.85,30.00,54.895069,9.793790,54.895348,9.797490
1387090918,1,0,281.6,0,35,32,0,0,0,-0.0292,362.9587,6.8213,0.4212,54.895329,9.797813,108.3,5.845,1.85,30.00,54.895069,9.793790,54.895348,9.797490
1387090919,1,0,275.8,0,35,36,0,0,0,-0.0292,351.2921,6.8213,0.4212,54.895348,9.797809,108.3,5.845,1.85,30.00,54.895069,9.793790,54.895348,9.797490
1387090919,1,0,270.0,0,35,32,0,0,0,-0.0292,339.6254,6.8213,0.4212,54.895363,9.797798,108.3,5.845,1.85,30.00,54.895069,9.793790,54.895348,9.797490
1387090919,1,0,265.1,0,35,36,0,0,0,-0.0292,327.9587,6.8213,0.4212,54.895382,9.797782,108.3,5.845,1.85,30.00,54.895069,9.793790,54.895348,9.797490
1387090919,1,0,258.5,0,35,32,0,25,50,-0.0292,316.2921,6.8213,0.4212,54.895397,9.797760,108.3,5.845,1.85,30.00,54.895069,9.793790,54.895348,9.797490
