MCU_timestamp,sig1,sig2,sig3,fa_debug,theta_d1,theta_d,theta_d1_b,theta_b,a_x,b_x,X_b,X_T_b,sail_hc_periods,sail_hc_direction,sail_hc_val,sail_hc_MEAN_V
1386960389,1,2,2,7353,-2.094395,0.000000,-2.094395,-89.007584,0.103201,-50.265556,-627369.937500_-6079102.500000i,-627369.937500_-6079102.500000i,0,1,0,0.00
1386960390,2,2,2,7353,-2.094395,0.000000,-2.094395,-89.007584,0.103201,-50.265556,-627369.937500_-6079102.500000i,-627369.937500_-6079102.500000i,0,1,0,0.00
1386960390,2,2,2,7353,-2.094395,0.000000,-2.094395,-89.007584,0.103201,-50.265556,-627369.937500_-6079102.500000i,-627369.937500_-6079102.500000i,0,1,0,0.00
1386960390,2,2,2,7353,-2.094395,0.000000,-2.094395,-89.007584,0.103201,-50.265556,-627369.937500_-6079102.500000i,-627369.937500_-6079102.500000i,0,1,0,0.00
1386960390,2,2,2,7353,-2.094395,0.000000,-2.094395,-89.007584,0.103201,-50.265556,-627369.937500_-6079102.500000i,-627369.937500_-6079102.500000i,0,1,0,0.00
1386960391,2,2,2,7353,-2.094395,0.000000,-2.094395,-89.007584,0.103201,-50.265556,-627369.937500_-6079102.500000i,-627369.937500_-6079102.500000i,0,1,0,0.00
1386960391,2,2,2,7353,-2.094395,0.000000,-2.094395,-89.007584,0.103201,-50.265556,-627369.937500_-6079102.500000i,-627369.937500_-6079102.500000i,0,1,0,0.00
1386960391,2,2,2,7353,-2.094395,0.000000,-2.094395,-89.007584,0.103201,-50.265556,-627369.937500_-6079102.500000i,-627369.937500_-6079102.500000i,0,1,0,0.00
1386960391,2,2,2,7353,-2.094395,0.000000,-2.094395,-89.170486,0.103201,-50.265556,-627369.937500_-6079102.500000i,-627369.937500_-6079102.500000i,0,1,0,0.00
1386960392,2,2,2,7353,-2.094395,0.000000,-2.094395,-89.333389,0.103201,-50.265556,-627369.937500_-6079102.500000i,-627369.937500_-6079102.500000i,0,1,0,0.00
1386960392,2,2,2,7353,-2.094395,0.000000,-2.094395,-89.496284,0.103201,-50.265556,-627369.937500_-6079102.500000i,-627369.937500_-6079102.500000i,0,1,0,0.00
1386960392,2,2,2,7353,-2.094395,0.000000,-2.094395,-89.645218,0.103201,-50.265556,-627369.937500_-6079102.500000i,-627369.937500_-6079102.500000i,0,1,0,0.00
1386960392,2,2,2,7353,-2.094395,0.000000,-2.094395,-89.756920,0.103201,-50.265556,-627369.937500_-6079102.500000i,-627369.937500_-6079102.500000i,0,1,0,0.00
