MCU_timestamp,sig1,sig2,sig3,fa_debug,theta_d1,theta_d,theta_d1_b,theta_b,a_x,b_x,X_b,X_T_b,sail_hc_periods,sail_hc_direction,sail_hc_val,sail_hc_MEAN_V
1386963605,0,0,0,0,0.000000,0.000000,0.000000,0.000000,0.000000,0.000000,0.000000_0.000000i,0.000000_0.000000i,0,1,0,0.00
1386963605,0,0,0,0,0.000000,0.000000,0.000000,0.000000,0.000000,0.000000,0.000000_0.000000i,0.000000_0.000000i,0,1,0,0.00
1386963605,0,0,0,0,0.000000,0.000000,0.000000,0.000000,0.000000,0.000000,0.000000_0.000000i,0.000000_0.000000i,0,1,0,0.00
1386963606,0,0,0,0,0.000000,0.000000,0.000000,0.000000,0.000000,0.000000,0.000000_0.000000i,0.000000_0.000000i,0,1,0,0.00
1386963606,0,0,0,0,0.000000,0.000000,0.000000,0.000000,0.000000,0.000000,0.000000_0.000000i,0.000000_0.000000i,0,1,0,0.00
1386963606,0,0,0,0,0.000000,0.000000,0.000000,0.000000,0.000000,0.000000,0.000000_0.000000i,0.000000_0.000000i,0,1,0,0.00
1386963606,0,0,0,0,0.000000,0.000000,0.000000,0.000000,0.000000,0.000000,0.000000_0.000000i,0.000000_0.000000i,0,1,0,0.00
1386963607,0,0,0,0,0.000000,0.000000,0.000000,0.000000,0.000000,0.000000,0.000000_0.000000i,0.000000_0.000000i,0,1,0,0.00
1386963607,0,0,0,0,0.000000,0.000000,0.000000,0.000000,0.000000,0.000000,0.000000_0.000000i,0.000000_0.000000i,0,1,0,0.00
1386963607,0,0,0,0,0.000000,0.000000,0.000000,0.000000,0.000000,0.000000,0.000000_0.000000i,0.000000_0.000000i,0,1,0,0.00
1386963607,0,0,0,0,0.000000,0.000000,0.000000,0.000000,0.000000,0.000000,0.000000_0.000000i,0.000000_0.000000i,0,1,0,0.00
1386963608,0,0,0,0,0.000000,0.000000,0.000000,0.000000,0.000000,0.000000,0.000000_0.000000i,0.000000_0.000000i,0,1,0,0.00
1386963608,0,0,0,0,0.000000,0.000000,0.000000,0.000000,0.000000,0.000000,0.000000_0.000000i,0.000000_0.000000i,0,1,0,0.00
1386963608,0,0,0,0,0.000000,0.000000,0.000000,0.000000,0.000000,0.000000,0.000000_0.000000i,0.000000_0.000000i,0,1,0,0.00
1386963608,0,0,0,0,0.000000,0.000000,0.000000,0.000000,0.000000,0.000000,0.000000_0.000000i,0.000000_0.000000i,0,1,0,0.00
1386963609,0,0,0,0,0.000000,0.000000,0.000000,0.000000,0.000000,0.000000,0.000000_0.000000i,0.000000_0.000000i,0,1,0,0.00
1386963609,0,0,0,0,0.000000,0.000000,0.000000,0.000000,0.000000,0.000000,0.000000_0.000000i,0.000000_0.000000i,0,1,0,0.00
1386963609,0,0,0,0,0.000000,0.000000,0.000000,0.000000,0.000000,0.000000,0.000000_0.000000i,0.000000_0.000000i,0,1,0,0.00
1386963609,0,0,0,0,0.000000,0.000000,0.000000,0.000000,0.000000,0.000000,0.000000_0.000000i,0.000000_0.000000i,0,1,0,0.00
1386963610,0,0,0,0,0.000000,0.000000,0.000000,0.000000,0.000000,0.000000,0.000000_0.000000i,0.000000_0.000000i,0,1,0,0.00
1386963610,0,0,0,0,0.000000,0.000000,0.000000,0.000000,0.000000,0.000000,0.000000_0.000000i,0.000000_0.000000i,0,1,0,0.00
1386963610,0,0,0,0,0.000000,0.000000,0.000000,0.000000,0.000000,0.000000,0.000000_0.000000i,0.000000_0.000000i,0,1,0,0.00
1386963610,0,0,0,0,0.000000,0.000000,0.000000,0.000000,0.000000,0.000000,0.000000_0.000000i,0.000000_0.000000i,0,1,0,0.00
1386963611,0,0,0,0,0.000000,0.000000,0.000000,0.000000,0.000000,0.000000,0.000000_0.000000i,0.000000_0.000000i,0,1,0,0.00
1386963611,0,0,0,0,0.000000,0.000000,0.000000,0.000000,0.000000,0.000000,0.000000_0.000000i,0.000000_0.000000i,0,1,0,0.00
1386963611,0,0,0,0,0.000000,0.000000,0.000000,0.000000,0.000000,0.000000,0.000000_0.000000i,0.000000_0.000000i,0,1,0,0.00
1386963611,0,0,0,0,0.000000,0.000000,0.000000,0.000000,0.000000,0.000000,0.000000_0.000000i,0.000000_0.000000i,0,1,0,0.00
1386963612,0,0,0,0,0.000000,0.000000,0.000000,0.000000,0.000000,0.000000,0.000000_0.000000i,0.000000_0.000000i,0,1,0,0.00
1386963612,0,0,0,0,0.000000,0.000000,0.000000,0.000000,0.000000,0.000000,0.000000_0.000000i,0.000000_0.000000i,0,1,0,0.00
1386963612,1,0,0,2,0.116572,0.000000,0.116572,-146.615250,8.539529,429.894043,108.224998_12.673416i,108.224998_12.673416i,0,1,0,0.00
1386963612,1,0,0,2,0.135026,0.000000,0.135026,-146.411621,8.539529,429.894043,108.224998_12.673416i,108.224998_12.673416i,0,1,0,0.00
1386963613,1,0,0,2,0.153690,0.000000,0.153690,-146.207993,8.539529,429.894043,108.224998_12.673416i,108.224998_12.673416i,0,1,0,0.00
1386963613,1,0,0,2,0.168968,0.000000,0.168968,-146.004379,8.539529,429.894043,108.224998_12.673416i,108.224998_12.673416i,0,1,0,0.00
1386963613,1,0,0,2,0.188673,0.000000,0.188673,-145.800751,8.539529,429.894043,108.224998_12.673416i,108.224998_12.673416i,0,1,0,0.00
1386963613,1,0,0,2,0.205356,0.000000,0.205356,-145.597122,8.539529,429.894043,108.224998_12.673416i,108.224998_12.673416i,0,1,0,0.00
1386963614,1,0,0,2,0.219164,0.000000,0.219164,-145.393494,8.539529,429.894043,108.224998_12.673416i,108.224998_12.673416i,0,1,0,0.00
1386963614,1,0,0,2,0.233747,0.000000,0.233747,-145.189865,8.539529,429.894043,108.224998_12.673416i,108.224998_12.673416i,0,1,0,0.00
1386963614,1,0,0,2,0.245504,0.000000,0.245504,-144.986237,8.539529,429.894043,108.224998_12.673416i,108.224998_12.673416i,0,1,0,0.00
1386963614,1,0,0,2,0.253995,0.000000,0.253995,-144.782608,8.539529,429.894043,108.224998_12.673416i,108.224998_12.673416i,0,1,0,0.00
1386963615,1,0,0,8,0.610865,0.000000,0.610865,-144.608078,8.539529,429.894043,108.224998_12.673416i,108.224998_12.673416i,0,1,0,0.00
1386963615,0,0,0,6,0.610865,0.000000,0.610865,-144.404449,8.539529,429.894043,108.224998_12.673416i,108.224998_12.673416i,0,1,0,0.00
1386963615,0,0,0,6,0.610865,0.000000,0.610865,-144.235733,8.539529,429.894043,108.224998_12.673416i,108.224998_12.673416i,0,1,0,0.00
1386963615,0,0,0,6,0.610865,0.000000,0.610865,-144.125198,8.539529,429.894043,108.224998_12.673416i,108.224998_12.673416i,0,1,0,0.00
1386963616,0,0,0,6,0.610865,0.000000,0.610865,-144.049576,8.539529,429.894043,108.224998_12.673416i,108.224998_12.673416i,0,1,0,0.00
1386963616,1,0,0,2,0.258007,0.000000,0.258007,-144.003021,8.539529,429.894043,108.224998_12.673416i,108.224998_12.673416i,0,1,0,0.00
1386963616,1,0,0,2,0.254159,0.000000,0.254159,-144.084473,8.539529,429.894043,108.224998_12.673416i,108.224998_12.673416i,0,1,0,0.00
1386963616,1,0,0,2,0.250138,0.000000,0.250138,-144.142654,8.539529,429.894043,108.224998_12.673416i,108.224998_12.673416i,0,1,0,0.00
1386963617,1,0,0,2,0.246105,0.000000,0.246105,-144.183365,8.539529,429.894043,108.224998_12.673416i,108.224998_12.673416i,0,1,0,0.00
1386963617,1,0,0,2,0.246716,0.000000,0.246716,-144.212463,8.539529,429.894043,108.224998_12.673416i,108.224998_12.673416i,0,1,0,0.00
1386963617,1,0,0,2,0.247356,0.000000,0.247356,-144.229919,8.539529,429.894043,108.224998_12.673416i,108.224998_12.673416i,0,1,0,0.00
1386963617,1,0,0,2,0.248213,0.000000,0.248213,-144.241562,8.539529,429.894043,108.224998_12.673416i,108.224998_12.673416i,0,1,0,0.00
1386963618,1,0,0,2,0.243911,0.000000,0.243911,-144.247360,8.539529,429.894043,108.224998_12.673416i,108.224998_12.673416i,0,1,0,0.00
1386963618,1,0,0,2,0.244531,0.000000,0.244531,-144.253174,8.539529,429.894043,108.224998_12.673416i,108.224998_12.673416i,0,1,0,0.00
1386963618,1,0,0,2,0.245381,0.000000,0.245381,-144.258987,8.539529,429.894043,108.224998_12.673416i,108.224998_12.673416i,0,1,0,0.00
1386963618,1,0,0,2,0.246277,0.000000,0.246277,-144.264801,8.539529,429.894043,108.224998_12.673416i,108.224998_12.673416i,0,1,0,0.00
1386963619,1,0,0,2,0.247224,0.000000,0.247224,-144.264801,8.539529,429.894043,108.224998_12.673416i,108.224998_12.673416i,0,1,0,0.00
1386963619,1,0,0,2,0.248008,0.000000,0.248008,-144.264801,8.539529,429.894043,108.224998_12.673416i,108.224998_12.673416i,0,1,0,0.00
1386963619,1,0,0,2,0.242928,0.000000,0.242928,-144.264801,8.539529,429.894043,108.224998_12.673416i,108.224998_12.673416i,0,1,0,0.00
1386963619,1,0,0,2,0.243861,0.000000,0.243861,-144.264801,8.539529,429.894043,108.224998_12.673416i,108.224998_12.673416i,0,1,0,0.00
1386963620,1,0,0,2,0.244616,0.000000,0.244616,-144.264801,8.539529,429.894043,108.224998_12.673416i,108.224998_12.673416i,0,1,0,0.00
1386963620,1,0,0,2,0.245664,0.000000,0.245664,-144.264801,8.539529,429.894043,108.224998_12.673416i,108.224998_12.673416i,0,1,0,0.00
1386963620,1,0,0,2,0.246784,0.000000,0.246784,-144.264801,8.539529,429.894043,108.224998_12.673416i,108.224998_12.673416i,0,1,0,0.00
1386963620,1,0,0,2,0.247718,0.000000,0.247718,-144.264801,8.539529,429.894043,108.224998_12.673416i,108.224998_12.673416i,0,1,0,0.00
1386963621,1,0,0,2,0.241515,0.000000,0.241515,-144.264801,8.539529,429.894043,108.224998_12.673416i,108.224998_12.673416i,0,1,0,0.00
1386963621,1,0,0,2,0.242606,0.000000,0.242606,-144.264801,8.539529,429.894043,108.224998_12.673416i,108.224998_12.673416i,0,1,0,0.00
1386963621,1,0,0,2,0.243782,0.000000,0.243782,-144.264801,8.539529,429.894043,108.224998_12.673416i,108.224998_12.673416i,0,1,0,0.00
1386963621,1,0,0,2,0.244751,0.000000,0.244751,-144.264801,8.539529,429.894043,108.224998_12.673416i,108.224998_12.673416i,0,1,0,0.00
1386963622,1,0,0,2,0.246118,0.000000,0.246118,-144.264801,8.539529,429.894043,108.224998_12.673416i,108.224998_12.673416i,0,1,0,0.00
1386963622,1,0,0,2,0.238447,0.000000,0.238447,-144.264801,8.539529,429.894043,108.224998_12.673416i,108.224998_12.673416i,0,1,0,0.00
1386963622,1,0,0,2,0.239311,0.000000,0.239311,-144.270615,8.539529,429.894043,108.224998_12.673416i,108.224998_12.673416i,0,1,0,0.00
1386963622,1,0,0,2,0.240614,0.000000,0.240614,-144.270615,8.539529,429.894043,108.224998_12.673416i,108.224998_12.673416i,0,1,0,0.00
1386963623,1,0,0,2,0.242050,0.000000,0.242050,-144.270615,8.539529,429.894043,108.224998_12.673416i,108.224998_12.673416i,0,1,0,0.00
1386963623,1,0,0,2,0.243644,0.000000,0.243644,-144.270615,8.539529,429.894043,108.224998_12.673416i,108.224998_12.673416i,0,1,0,0.00
1386963623,1,0,0,2,0.244994,0.000000,0.244994,-144.270615,8.539529,429.894043,108.224998_12.673416i,108.224998_12.673416i,0,1,0,0.00
1386963623,1,0,0,2,0.234443,0.000000,0.234443,-144.270615,8.539529,429.894043,108.224998_12.673416i,108.224998_12.673416i,0,1,0,0.00
1386963624,1,0,0,2,0.235855,0.000000,0.235855,-144.270615,8.539529,429.894043,108.224998_12.673416i,108.224998_12.673416i,0,1,0,0.00
1386963624,1,0,0,2,0.236963,0.000000,0.236963,-144.270615,8.539529,429.894043,108.224998_12.673416i,108.224998_12.673416i,0,1,0,0.00
1386963624,1,0,0,2,0.238770,0.000000,0.238770,-144.270615,8.539529,429.894043,108.224998_12.673416i,108.224998_12.673416i,0,1,0,0.00
1386963625,1,0,0,2,0.240869,0.000000,0.240869,-144.270615,8.539529,429.894043,108.224998_12.673416i,108.224998_12.673416i,0,1,0,0.00
1386963625,1,0,0,8,0.610865,0.000000,0.610865,-144.270615,8.539529,429.894043,108.224998_12.673416i,108.224998_12.673416i,0,1,0,0.00
1386963625,0,0,0,6,0.610865,0.000000,0.610865,-144.148438,8.539529,429.894043,108.224998_12.673416i,108.224998_12.673416i,0,1,0,0.00
1386963625,0,0,0,6,0.610865,0.000000,0.610865,-144.066986,8.539529,429.894043,108.224998_12.673416i,108.224998_12.673416i,0,1,0,0.00
1386963626,0,0,0,6,0.610865,0.000000,0.610865,-144.014633,8.539529,429.894043,108.224998_12.673416i,108.224998_12.673416i,0,1,0,0.00
1386963626,0,0,0,6,0.610865,0.000000,0.610865,-143.979721,8.539529,429.894043,108.224998_12.673416i,108.224998_12.673416i,0,1,0,0.00
1386963626,0,0,0,6,0.610865,0.000000,0.610865,-143.956451,8.539529,429.894043,108.224998_12.673416i,108.224998_12.673416i,0,1,0,0.00
1386963626,1,0,0,2,0.128551,0.000000,0.128551,-143.939011,7.688568,387.666321,237.105026_30.838646i,237.105026_30.838646i,0,1,0,0.00
1386963627,1,0,0,2,0.127780,0.000000,0.127780,-144.090271,7.688568,387.666321,237.105026_30.838646i,237.105026_30.838646i,0,1,0,0.00
1386963627,1,0,0,2,0.127030,0.000000,0.127030,-144.189178,7.688568,387.666321,237.105026_30.838646i,237.105026_30.838646i,0,1,0,0.00
1386963627,1,0,0,2,0.126300,0.000000,0.126300,-144.253174,7.688568,387.666321,237.105026_30.838646i,237.105026_30.838646i,0,1,0,0.00
1386963627,1,0,0,2,0.125558,0.000000,0.125558,-144.299728,7.688568,387.666321,237.105026_30.838646i,237.105026_30.838646i,0,1,0,0.00
1386963628,1,0,0,2,0.124803,0.000000,0.124803,-144.328827,7.688568,387.666321,237.105026_30.838646i,237.105026_30.838646i,0,1,0,0.00
1386963628,1,0,0,2,0.124068,0.000000,0.124068,-144.346268,7.688568,387.666321,237.105026_30.838646i,237.105026_30.838646i,0,1,0,0.00
1386963628,1,0,0,2,0.123320,0.000000,0.123320,-144.357910,7.688568,387.666321,237.105026_30.838646i,237.105026_30.838646i,0,1,0,0.00
1386963628,1,0,0,2,0.124390,0.000000,0.124390,-144.369553,7.688568,387.666321,237.105026_30.838646i,237.105026_30.838646i,0,1,0,0.00
1386963629,1,0,0,2,0.125479,0.000000,0.125479,-144.375366,7.688568,387.666321,237.105026_30.838646i,237.105026_30.838646i,0,1,0,0.00
1386963629,1,0,0,2,0.126622,0.000000,0.126622,-144.381180,7.688568,387.666321,237.105026_30.838646i,237.105026_30.838646i,0,1,0,0.00
1386963629,1,0,0,2,0.222888,0.000000,0.222888,-144.381180,7.688568,387.666321,237.105026_30.838646i,237.105026_30.838646i,0,1,0,0.00
1386963629,1,0,0,2,0.225029,0.000000,0.225029,-144.352081,7.688568,387.666321,237.105026_30.838646i,237.105026_30.838646i,0,1,0,0.00
1386963630,1,0,0,2,0.230184,0.000000,0.230184,-144.328827,7.688568,387.666321,237.105026_30.838646i,237.105026_30.838646i,0,1,0,0.00
1386963630,1,0,0,2,0.236632,0.000000,0.236632,-144.311371,7.688568,387.666321,237.105026_30.838646i,237.105026_30.838646i,0,1,0,0.00
1386963630,1,0,0,2,0.250651,0.000000,0.250651,-144.299728,7.688568,387.666321,237.105026_30.838646i,237.105026_30.838646i,0,1,0,0.00
1386963630,1,0,0,2,-0.504526,0.000000,-0.504526,-144.288086,-1.791120,-102.568413,259.532227_-144.899384i,259.532227_-144.899384i,0,1,0,0.00
1386963631,1,0,0,2,-0.507817,0.000000,-0.507817,-144.491714,-1.791120,-102.568413,259.532227_-144.899384i,259.532227_-144.899384i,0,1,0,0.00
1386963631,1,0,0,2,-0.509793,0.000000,-0.509793,-144.666245,-1.791120,-102.568413,259.532227_-144.899384i,259.532227_-144.899384i,0,1,0,0.00
1386963631,1,0,0,2,-0.511693,0.000000,-0.511693,-144.782608,-1.791120,-102.568413,259.532227_-144.899384i,259.532227_-144.899384i,0,1,0,0.00
1386963631,1,0,0,2,-0.513618,0.000000,-0.513618,-144.864059,-1.791120,-102.568413,259.532227_-144.899384i,259.532227_-144.899384i,0,1,0,0.00
1386963632,1,0,0,2,-0.514189,0.000000,-0.514189,-144.916428,-1.791120,-102.568413,259.532227_-144.899384i,259.532227_-144.899384i,0,1,0,0.00
1386963632,1,0,0,2,-0.514663,0.000000,-0.514663,-144.951324,-1.791120,-102.568413,259.532227_-144.899384i,259.532227_-144.899384i,0,1,0,0.00
1386963632,1,0,0,2,-0.515250,0.000000,-0.515250,-144.974594,-1.791120,-102.568413,259.532227_-144.899384i,259.532227_-144.899384i,0,1,0,0.00
1386963632,1,0,0,2,-0.515738,0.000000,-0.515738,-144.992050,-1.791120,-102.568413,259.532227_-144.899384i,259.532227_-144.899384i,0,1,0,0.00
1386963633,1,0,0,2,-0.516234,0.000000,-0.516234,-145.003693,-1.791120,-102.568413,259.532227_-144.899384i,259.532227_-144.899384i,0,1,0,0.00
1386963633,1,0,0,2,-0.515417,0.000000,-0.515417,-145.009506,-1.791120,-102.568413,259.532227_-144.899384i,259.532227_-144.899384i,0,1,0,0.00
1386963633,1,0,0,2,-0.515917,0.000000,-0.515917,-145.015320,-1.791120,-102.568413,259.532227_-144.899384i,259.532227_-144.899384i,0,1,0,0.00
1386963633,1,0,0,2,-0.514976,0.000000,-0.514976,-145.021118,-1.791120,-102.568413,259.532227_-144.899384i,259.532227_-144.899384i,0,1,0,0.00
1386963634,1,0,0,2,-0.515481,0.000000,-0.515481,-145.021118,-1.791120,-102.568413,259.532227_-144.899384i,259.532227_-144.899384i,0,1,0,0.00
1386963634,1,0,0,2,-0.515993,0.000000,-0.515993,-145.021118,-1.791120,-102.568413,259.532227_-144.899384i,259.532227_-144.899384i,0,1,0,0.00
1386963634,1,0,0,2,-0.515031,0.000000,-0.515031,-145.021118,-1.791120,-102.568413,259.532227_-144.899384i,259.532227_-144.899384i,0,1,0,0.00
1386963634,1,0,0,2,-0.332791,0.000000,-0.332791,-145.021118,-1.791120,-102.568413,259.532227_-144.899384i,259.532227_-144.899384i,0,1,0,0.00
1386963635,1,0,0,2,-0.312796,0.000000,-0.312796,-144.962952,-1.791120,-102.568413,259.532227_-144.899384i,259.532227_-144.899384i,0,1,0,0.00
1386963635,1,0,0,2,-0.286096,0.000000,-0.286096,-144.916397,-1.791120,-102.568413,259.532227_-144.899384i,259.532227_-144.899384i,0,1,0,0.00
1386963635,1,0,0,2,-0.246277,0.000000,-0.246277,-144.875687,-1.791120,-102.568413,259.532227_-144.899384i,259.532227_-144.899384i,0,1,0,0.00
1386963635,1,0,0,2,-0.256723,0.000000,-0.256723,-144.834961,-1.791120,-102.568413,259.532227_-144.899384i,259.532227_-144.899384i,0,1,0,0.00
1386963636,1,0,0,2,-0.520469,0.000000,-0.520469,-144.811707,-1.690668,-98.213501,45.709938_-27.036621i,45.709938_-27.036621i,0,1,0,0.00
1386963636,1,0,0,2,-0.524339,0.000000,-0.524339,-144.887329,-1.690668,-98.213501,45.709938_-27.036621i,45.709938_-27.036621i,0,1,0,0.00
1386963636,1,0,0,2,-0.527925,0.000000,-0.527925,-144.939682,-1.690668,-98.213501,45.709938_-27.036621i,45.709938_-27.036621i,0,1,0,0.00
1386963636,1,0,0,2,-0.531180,0.000000,-0.531180,-144.974594,-1.690668,-98.213501,45.709938_-27.036621i,45.709938_-27.036621i,0,1,0,0.00
1386963637,1,0,0,2,-0.534699,0.000000,-0.534699,-144.997864,-1.690668,-98.213501,45.709938_-27.036621i,45.709938_-27.036621i,0,1,0,0.00
1386963637,1,0,0,2,-0.530618,0.000000,-0.530618,-145.015320,-1.690668,-98.213501,45.709938_-27.036621i,45.709938_-27.036621i,0,1,0,0.00
1386963637,1,0,0,2,-0.533735,0.000000,-0.533735,-145.026947,-1.690668,-98.213501,45.709938_-27.036621i,45.709938_-27.036621i,0,1,0,0.00
1386963637,1,0,0,2,-0.537878,0.000000,-0.537878,-145.032761,-1.690668,-98.213501,45.709938_-27.036621i,45.709938_-27.036621i,0,1,0,0.00
1386963638,1,0,0,2,-0.532575,0.000000,-0.532575,-145.038574,-1.690668,-98.213501,45.709938_-27.036621i,45.709938_-27.036621i,0,1,0,0.00
1386963638,1,0,0,2,-0.537102,0.000000,-0.537102,-145.038574,-1.690668,-98.213501,45.709938_-27.036621i,45.709938_-27.036621i,0,1,0,0.00
1386963638,1,0,0,2,-0.531151,0.000000,-0.531151,-145.044388,-1.690668,-98.213501,45.709938_-27.036621i,45.709938_-27.036621i,0,1,0,0.00
1386963638,1,0,0,2,-0.535221,0.000000,-0.535221,-145.044388,-1.690668,-98.213501,45.709938_-27.036621i,45.709938_-27.036621i,0,1,0,0.00
1386963639,1,0,0,2,-0.540755,0.000000,-0.540755,-145.044388,-1.690668,-98.213501,45.709938_-27.036621i,45.709938_-27.036621i,0,1,0,0.00
1386963639,1,0,0,2,-0.533873,0.000000,-0.533873,-145.050201,-1.690668,-98.213501,45.709938_-27.036621i,45.709938_-27.036621i,0,1,0,0.00
1386963639,1,0,0,2,-0.538997,0.000000,-0.538997,-145.050201,-1.690668,-98.213501,45.709938_-27.036621i,45.709938_-27.036621i,0,1,0,0.00
1386963639,1,0,0,2,-0.419520,0.000000,-0.419520,-145.050201,-1.690668,-98.213501,45.709938_-27.036621i,45.709938_-27.036621i,0,1,0,0.00
1386963640,1,0,0,2,-0.313367,0.000000,-0.313367,-145.009476,-1.690668,-98.213501,45.709938_-27.036621i,45.709938_-27.036621i,0,1,0,0.00
1386963640,1,0,0,2,-0.488904,0.000000,-0.488904,-144.951309,-1.862925,-105.717659,148.740631_-79.842522i,148.740631_-79.842522i,0,1,0,0.00
1386963640,1,0,0,2,-0.489585,0.000000,-0.489585,-144.968765,-1.862925,-105.717659,148.740631_-79.842522i,148.740631_-79.842522i,0,1,0,0.00
1386963640,1,0,0,2,-0.487875,0.000000,-0.487875,-144.980408,-1.862925,-105.717659,148.740631_-79.842522i,148.740631_-79.842522i,0,1,0,0.00
1386963641,1,0,0,2,-0.488388,0.000000,-0.488388,-144.986221,-1.862925,-105.717659,148.740631_-79.842522i,148.740631_-79.842522i,0,1,0,0.00
1386963641,1,0,0,2,-0.488912,0.000000,-0.488912,-144.992035,-1.862925,-105.717659,148.740631_-79.842522i,148.740631_-79.842522i,0,1,0,0.00
1386963641,1,0,0,2,-0.489449,0.000000,-0.489449,-144.997849,-1.862925,-105.717659,148.740631_-79.842522i,148.740631_-79.842522i,0,1,0,0.00
1386963641,1,0,0,2,-0.490000,0.000000,-0.490000,-144.997849,-1.862925,-105.717659,148.740631_-79.842522i,148.740631_-79.842522i,0,1,0,0.00
1386963642,1,0,0,2,-0.490564,0.000000,-0.490564,-144.997849,-1.862925,-105.717659,148.740631_-79.842522i,148.740631_-79.842522i,0,1,0,0.00
1386963642,1,0,0,2,-0.488736,0.000000,-0.488736,-144.997849,-1.862925,-105.717659,148.740631_-79.842522i,148.740631_-79.842522i,0,1,0,0.00
1386963642,1,0,0,2,-0.489299,0.000000,-0.489299,-144.997849,-1.862925,-105.717659,148.740631_-79.842522i,148.740631_-79.842522i,0,1,0,0.00
1386963642,1,0,0,2,-0.489877,0.000000,-0.489877,-144.997849,-1.862925,-105.717659,148.740631_-79.842522i,148.740631_-79.842522i,0,1,0,0.00
1386963643,1,0,0,2,-0.490470,0.000000,-0.490470,-144.997849,-1.862925,-105.717659,148.740631_-79.842522i,148.740631_-79.842522i,0,1,0,0.00
1386963643,1,0,0,2,-0.491079,0.000000,-0.491079,-144.997849,-1.862925,-105.717659,148.740631_-79.842522i,148.740631_-79.842522i,0,1,0,0.00
1386963643,1,0,0,2,-0.491705,0.000000,-0.491705,-144.997849,-1.862925,-105.717659,148.740631_-79.842522i,148.740631_-79.842522i,0,1,0,0.00
1386963643,1,0,0,2,-0.489740,0.000000,-0.489740,-144.997849,-1.862925,-105.717659,148.740631_-79.842522i,148.740631_-79.842522i,0,1,0,0.00
1386963644,1,0,0,2,-0.490366,0.000000,-0.490366,-144.997849,-1.862925,-105.717659,148.740631_-79.842522i,148.740631_-79.842522i,0,1,0,0.00
1386963644,1,0,0,2,-0.386221,0.000000,-0.386221,-144.997849,-1.862925,-105.717659,148.740631_-79.842522i,148.740631_-79.842522i,0,1,0,0.00
1386963644,1,0,0,2,-0.375129,0.000000,-0.375129,-144.962936,-1.862925,-105.717659,148.740631_-79.842522i,148.740631_-79.842522i,0,1,0,0.00
1386963644,1,0,0,2,-0.358877,0.000000,-0.358877,-144.939667,-1.862925,-105.717659,148.740631_-79.842522i,148.740631_-79.842522i,0,1,0,0.00
1386963645,1,0,0,2,-0.396749,0.000000,-0.396749,-144.916397,-1.862925,-105.717659,148.740631_-79.842522i,148.740631_-79.842522i,0,1,0,0.00
1386963645,1,0,0,2,-0.464397,0.000000,-0.464397,-144.916397,-1.862925,-105.717659,148.740631_-79.842522i,148.740631_-79.842522i,0,1,0,0.00
1386963645,1,2,2,7353,-3.135110,0.000000,-3.135110,-144.939667,-8165619203571712.000000,-571933312.000000,-197.933807_0.000000i,-197.933807_0.000000i,0,1,0,0.00
1386963645,2,2,2,7353,-3.135110,0.000000,-3.135110,-145.143295,-8165619203571712.000000,-571933312.000000,-197.933807_0.000000i,-197.933807_0.000000i,0,1,0,0.00
1386963646,2,2,2,7353,-3.135110,0.000000,-3.135110,-145.282928,-8165619203571712.000000,-571933312.000000,-197.933807_0.000000i,-197.933807_0.000000i,0,1,0,0.00
1386963646,2,2,2,7353,-3.135110,0.000000,-3.135110,-145.376007,-8165619203571712.000000,-571933312.000000,-197.933807_0.000000i,-197.933807_0.000000i,0,1,0,0.00
1386963646,2,2,2,7353,-3.135110,0.000000,-3.135110,-145.440002,-8165619203571712.000000,-571933312.000000,-197.933807_0.000000i,-197.933807_0.000000i,0,1,0,0.00
1386963646,2,2,2,7353,-3.135110,0.000000,-3.135110,-145.480728,-8165619203571712.000000,-571933312.000000,-197.933807_0.000000i,-197.933807_0.000000i,0,1,0,0.00
1386963647,2,2,2,7353,-3.135110,0.000000,-3.135110,-145.509811,-8165619203571712.000000,-571933312.000000,-197.933807_0.000000i,-197.933807_0.000000i,0,1,0,0.00
1386963647,2,2,2,7353,-3.135110,0.000000,-3.135110,-145.527267,-8165619203571712.000000,-571933312.000000,-197.933807_0.000000i,-197.933807_0.000000i,0,1,0,0.00
1386963647,2,2,2,7353,-3.135110,0.000000,-3.135110,-145.538910,-8165619203571712.000000,-571933312.000000,-197.933807_0.000000i,-197.933807_0.000000i,0,1,0,0.00
1386963647,2,2,2,7353,-3.135110,0.000000,-3.135110,-145.544724,-8165619203571712.000000,-571933312.000000,-197.933807_0.000000i,-197.933807_0.000000i,0,1,0,0.00
1386963648,2,2,2,7353,-3.135110,0.000000,-3.135110,-145.550537,-8165619203571712.000000,-571933312.000000,-197.933807_0.000000i,-197.933807_0.000000i,0,1,0,0.00
1386963648,2,2,2,7353,-3.135110,0.000000,-3.135110,-145.556351,-8165619203571712.000000,-571933312.000000,-197.933807_0.000000i,-197.933807_0.000000i,0,1,0,0.00
1386963648,2,2,2,7353,-3.135110,0.000000,-3.135110,-145.556351,-8165619203571712.000000,-571933312.000000,-197.933807_0.000000i,-197.933807_0.000000i,0,1,0,0.00
1386963648,2,2,2,7353,-3.135110,0.000000,-3.135110,-145.556351,-8165619203571712.000000,-571933312.000000,-197.933807_0.000000i,-197.933807_0.000000i,0,1,0,0.00
1386963649,2,2,2,7353,-3.135110,0.000000,-3.135110,-145.556351,-8165619203571712.000000,-571933312.000000,-197.933807_0.000000i,-197.933807_0.000000i,0,1,0,0.00
1386963649,2,2,2,7353,-3.135110,0.000000,-3.135110,-145.556351,-8165619203571712.000000,-571933312.000000,-197.933807_0.000000i,-197.933807_0.000000i,0,1,0,0.00
1386963649,2,2,2,7353,-3.135110,0.000000,-3.135110,-145.556351,-8165619203571712.000000,-571933312.000000,-197.933807_0.000000i,-197.933807_0.000000i,0,1,0,0.00
1386963649,2,2,2,7353,-3.135110,0.000000,-3.135110,-145.556351,-8165619203571712.000000,-571933312.000000,-197.933807_0.000000i,-197.933807_0.000000i,0,1,0,0.00
1386963650,2,2,2,7353,-3.135110,0.000000,-3.135110,-145.556351,-8165619203571712.000000,-571933312.000000,-197.933807_0.000000i,-197.933807_0.000000i,0,1,0,0.00
1386963650,2,2,2,7353,-3.135110,0.000000,-3.135110,-145.556351,-8165619203571712.000000,-571933312.000000,-197.933807_0.000000i,-197.933807_0.000000i,0,1,0,0.00
1386963650,2,2,2,7353,-3.135110,0.000000,-3.135110,-145.556351,-8165619203571712.000000,-571933312.000000,-197.933807_0.000000i,-197.933807_0.000000i,0,1,0,0.00
1386963650,2,2,2,7353,-3.135110,0.000000,-3.135110,-145.556351,-8165619203571712.000000,-571933312.000000,-197.933807_0.000000i,-197.933807_0.000000i,0,1,0,0.00
1386963651,2,2,2,7353,-3.135110,0.000000,-3.135110,-145.759979,-8165619203571712.000000,-571933312.000000,-197.933807_0.000000i,-197.933807_0.000000i,0,1,0,0.00
1386963651,2,2,2,7353,-3.135110,0.000000,-3.135110,-145.963608,-8165619203571712.000000,-571933312.000000,-197.933807_0.000000i,-197.933807_0.000000i,0,1,0,0.00
1386963651,2,2,2,7353,-3.135110,0.000000,-3.135110,-146.167236,-8165619203571712.000000,-571933312.000000,-197.933807_0.000000i,-197.933807_0.000000i,0,1,0,0.00
1386963651,2,2,2,7353,-3.135110,0.000000,-3.135110,-146.312668,-8165619203571712.000000,-571933312.000000,-197.933807_0.000000i,-197.933807_0.000000i,0,1,0,0.00
1386963652,2,2,2,7353,-3.135110,0.000000,-3.135110,-146.411575,-8165619203571712.000000,-571933312.000000,-197.933807_0.000000i,-197.933807_0.000000i,0,1,0,0.00
1386963652,2,2,2,7353,-3.135110,0.000000,-3.135110,-146.475571,-8165619203571712.000000,-571933312.000000,-197.933807_0.000000i,-197.933807_0.000000i,0,1,0,0.00
1386963652,2,2,2,7353,-3.135110,0.000000,-3.135110,-146.522125,-8165619203571712.000000,-571933312.000000,-197.933807_0.000000i,-197.933807_0.000000i,0,1,0,0.00
1386963652,2,2,2,7353,-3.135110,0.000000,-3.135110,-146.551224,-8165619203571712.000000,-571933312.000000,-197.933807_0.000000i,-197.933807_0.000000i,0,1,0,0.00
1386963653,2,2,2,7353,-3.135110,0.000000,-3.135110,-146.568680,-8165619203571712.000000,-571933312.000000,-197.933807_0.000000i,-197.933807_0.000000i,0,1,0,0.00
1386963653,2,2,2,7353,-3.135110,0.000000,-3.135110,-146.580307,-8165619203571712.000000,-571933312.000000,-197.933807_0.000000i,-197.933807_0.000000i,0,1,0,0.00
1386963653,2,2,2,7353,-3.135110,0.000000,-3.135110,-146.591949,-8165619203571712.000000,-571933312.000000,-197.933807_0.000000i,-197.933807_0.000000i,0,1,0,0.00
1386963653,2,2,2,7353,-3.135110,0.000000,-3.135110,-146.597763,-8165619203571712.000000,-571933312.000000,-197.933807_0.000000i,-197.933807_0.000000i,0,1,0,0.00
1386963654,2,2,2,7353,-3.135110,0.000000,-3.135110,-146.603577,-8165619203571712.000000,-571933312.000000,-197.933807_0.000000i,-197.933807_0.000000i,0,1,0,0.00
1386963654,2,2,2,7353,-3.135110,0.000000,-3.135110,-146.603577,-8165619203571712.000000,-571933312.000000,-197.933807_0.000000i,-197.933807_0.000000i,0,1,0,0.00
1386963654,2,2,0,7353,-3.135110,0.000000,-3.135110,-146.603577,-8165619203571712.000000,-571933312.000000,-197.933807_0.000000i,-197.933807_0.000000i,0,1,0,0.00
1386963654,1,0,0,7,2.530727,0.000000,2.530727,-146.807205,-8165619203571712.000000,-571933312.000000,-197.933807_0.000000i,-197.933807_0.000000i,0,1,0,0.00
1386963655,1,0,0,3,0.610865,0.000000,0.610865,-147.010834,-8165619203571712.000000,-571933312.000000,-197.933807_0.000000i,-197.933807_0.000000i,0,1,0,0.00
1386963655,0,0,0,6,0.610865,0.000000,0.610865,-146.807205,-8165619203571712.000000,-571933312.000000,-197.933807_0.000000i,-197.933807_0.000000i,0,1,0,0.00
1386963655,0,0,0,6,0.610865,0.000000,0.610865,-146.603577,-8165619203571712.000000,-571933312.000000,-197.933807_0.000000i,-197.933807_0.000000i,0,1,0,0.00
1386963655,0,0,0,6,0.610865,0.000000,0.610865,-146.399948,-8165619203571712.000000,-571933312.000000,-197.933807_0.000000i,-197.933807_0.000000i,0,1,0,0.00
1386963656,0,0,0,6,0.610865,0.000000,0.610865,-146.196320,-8165619203571712.000000,-571933312.000000,-197.933807_0.000000i,-197.933807_0.000000i,0,1,0,0.00
1386963656,0,0,0,6,0.610865,0.000000,0.610865,-145.992691,-8165619203571712.000000,-571933312.000000,-197.933807_0.000000i,-197.933807_0.000000i,0,1,0,0.00
1386963656,0,0,0,6,0.610865,0.000000,0.610865,-145.789062,-8165619203571712.000000,-571933312.000000,-197.933807_0.000000i,-197.933807_0.000000i,0,1,0,0.00
1386963656,0,0,0,6,0.610865,0.000000,0.610865,-145.585449,-8165619203571712.000000,-571933312.000000,-197.933807_0.000000i,-197.933807_0.000000i,0,1,0,0.00
1386963657,0,0,0,6,0.610865,0.000000,0.610865,-145.381821,-8165619203571712.000000,-571933312.000000,-197.933807_0.000000i,-197.933807_0.000000i,0,1,0,0.00
1386963657,0,0,0,6,0.610865,0.000000,0.610865,-145.178192,-8165619203571712.000000,-571933312.000000,-197.933807_0.000000i,-197.933807_0.000000i,0,1,0,0.00
1386963657,0,0,0,6,0.610865,0.000000,0.610865,-144.974564,-8165619203571712.000000,-571933312.000000,-197.933807_0.000000i,-197.933807_0.000000i,0,1,0,0.00
1386963658,0,0,0,6,0.610865,0.000000,0.610865,-144.770935,-8165619203571712.000000,-571933312.000000,-197.933807_0.000000i,-197.933807_0.000000i,0,1,0,0.00
1386963658,0,0,0,6,0.610865,0.000000,0.610865,-144.567307,-8165619203571712.000000,-571933312.000000,-197.933807_0.000000i,-197.933807_0.000000i,0,1,0,0.00
1386963658,0,0,0,6,0.610865,0.000000,0.610865,-144.363678,-8165619203571712.000000,-571933312.000000,-197.933807_0.000000i,-197.933807_0.000000i,0,1,0,0.00
1386963658,0,0,0,6,0.610865,0.000000,0.610865,-144.212402,-8165619203571712.000000,-571933312.000000,-197.933807_0.000000i,-197.933807_0.000000i,0,1,0,0.00
1386963659,0,0,0,6,0.610865,0.000000,0.610865,-144.107697,-8165619203571712.000000,-571933312.000000,-197.933807_0.000000i,-197.933807_0.000000i,0,1,0,0.00
1386963659,0,0,0,6,0.610865,0.000000,0.610865,-144.037872,-8165619203571712.000000,-571933312.000000,-197.933807_0.000000i,-197.933807_0.000000i,0,1,0,0.00
1386963659,0,0,0,6,0.610865,0.000000,0.610865,-143.991333,-8165619203571712.000000,-571933312.000000,-197.933807_0.000000i,-197.933807_0.000000i,0,1,0,0.00
1386963659,0,0,0,6,0.610865,0.000000,0.610865,-143.962234,-8165619203571712.000000,-571933312.000000,-197.933807_0.000000i,-197.933807_0.000000i,0,1,0,0.00
1386963660,0,0,0,6,0.610865,0.000000,0.610865,-143.944778,-8165619203571712.000000,-571933312.000000,-197.933807_0.000000i,-197.933807_0.000000i,0,1,0,0.00
1386963660,0,0,0,6,0.610865,0.000000,0.610865,-143.933136,-8165619203571712.000000,-571933312.000000,-197.933807_0.000000i,-197.933807_0.000000i,0,1,0,0.00
1386963660,0,0,0,6,0.610865,0.000000,0.610865,-143.921494,-8165619203571712.000000,-571933312.000000,-197.933807_0.000000i,-197.933807_0.000000i,0,1,0,0.00
1386963660,0,0,0,6,0.610865,0.000000,0.610865,-143.915680,-8165619203571712.000000,-571933312.000000,-197.933807_0.000000i,-197.933807_0.000000i,0,1,0,0.00
1386963661,0,0,0,6,0.610865,0.000000,0.610865,-143.909882,-8165619203571712.000000,-571933312.000000,-197.933807_0.000000i,-197.933807_0.000000i,0,1,0,0.00
1386963661,0,0,0,6,0.610865,0.000000,0.610865,-143.909882,-8165619203571712.000000,-571933312.000000,-197.933807_0.000000i,-197.933807_0.000000i,0,1,0,0.00
1386963661,0,0,0,6,0.610865,0.000000,0.610865,-143.909882,-8165619203571712.000000,-571933312.000000,-197.933807_0.000000i,-197.933807_0.000000i,0,1,0,0.00
1386963661,0,0,0,6,0.610865,0.000000,0.610865,-143.909882,-8165619203571712.000000,-571933312.000000,-197.933807_0.000000i,-197.933807_0.000000i,0,1,0,0.00
1386963662,0,0,0,6,0.610865,0.000000,0.610865,-143.909882,-8165619203571712.000000,-571933312.000000,-197.933807_0.000000i,-197.933807_0.000000i,0,1,0,0.00
1386963662,0,0,0,6,0.610865,0.000000,0.610865,-143.909882,-8165619203571712.000000,-571933312.000000,-197.933807_0.000000i,-197.933807_0.000000i,0,1,0,0.00
1386963662,1,0,0,2,2.882349,0.000000,2.882349,-143.909882,-8165619203571712.000000,-571933312.000000,-197.933807_0.000000i,-197.933807_0.000000i,0,1,0,0.00
1386963662,1,0,0,2,2.888652,0.000000,2.888652,-143.706253,-8165619203571712.000000,-571933312.000000,-197.933807_0.000000i,-197.933807_0.000000i,0,1,0,0.00
1386963663,1,0,0,2,2.896173,0.000000,2.896173,-143.502625,-8165619203571712.000000,-571933312.000000,-197.933807_0.000000i,-197.933807_0.000000i,0,1,0,0.00
1386963663,1,0,0,2,2.903372,0.000000,2.903372,-143.298996,-8165619203571712.000000,-571933312.000000,-197.933807_0.000000i,-197.933807_0.000000i,0,1,0,0.00
1386963663,1,0,0,2,2.910166,0.000000,2.910166,-143.095367,-8165619203571712.000000,-571933312.000000,-197.933807_0.000000i,-197.933807_0.000000i,0,1,0,0.00
1386963663,1,0,0,2,2.918275,0.000000,2.918275,-142.891739,-8165619203571712.000000,-571933312.000000,-197.933807_0.000000i,-197.933807_0.000000i,0,1,0,0.00
1386963664,1,0,0,2,2.924410,0.000000,2.924410,-142.688110,-8165619203571712.000000,-571933312.000000,-197.933807_0.000000i,-197.933807_0.000000i,0,1,0,0.00
1386963664,1,0,0,2,2.930279,0.000000,2.930279,-142.484482,-8165619203571712.000000,-571933312.000000,-197.933807_0.000000i,-197.933807_0.000000i,0,1,0,0.00
1386963664,1,0,0,2,2.935903,0.000000,2.935903,-142.280853,-8165619203571712.000000,-571933312.000000,-197.933807_0.000000i,-197.933807_0.000000i,0,1,0,0.00
1386963664,1,0,0,2,2.939671,0.000000,2.939671,-142.077225,-8165619203571712.000000,-571933312.000000,-197.933807_0.000000i,-197.933807_0.000000i,0,1,0,0.00
1386963665,1,0,0,2,2.943345,0.000000,2.943345,-141.908508,-8165619203571712.000000,-571933312.000000,-197.933807_0.000000i,-197.933807_0.000000i,0,1,0,0.00
1386963665,1,0,0,2,2.945321,0.000000,2.945321,-141.797974,-8165619203571712.000000,-571933312.000000,-197.933807_0.000000i,-197.933807_0.000000i,0,1,0,0.00
1386963665,1,0,0,2,2.947230,0.000000,2.947230,-141.722351,-8165619203571712.000000,-571933312.000000,-197.933807_0.000000i,-197.933807_0.000000i,0,1,0,0.00
1386963665,1,0,0,2,2.949171,0.000000,2.949171,-141.669983,-8165619203571712.000000,-571933312.000000,-197.933807_0.000000i,-197.933807_0.000000i,0,1,0,0.00
1386963666,1,0,0,2,2.949392,0.000000,2.949392,-141.635086,-8165619203571712.000000,-571933312.000000,-197.933807_0.000000i,-197.933807_0.000000i,0,1,0,0.00
1386963666,1,0,0,2,2.949567,0.000000,2.949567,-141.611816,-8165619203571712.000000,-571933312.000000,-197.933807_0.000000i,-197.933807_0.000000i,0,1,0,0.00
1386963666,1,0,0,2,2.949746,0.000000,2.949746,-141.594360,-8165619203571712.000000,-571933312.000000,-197.933807_0.000000i,-197.933807_0.000000i,0,1,0,0.00
1386963666,1,0,0,2,2.949927,0.000000,2.949927,-141.582718,-8165619203571712.000000,-571933312.000000,-197.933807_0.000000i,-197.933807_0.000000i,0,1,0,0.00
1386963667,1,0,0,2,2.950111,0.000000,2.950111,-141.576904,-8165619203571712.000000,-571933312.000000,-197.933807_0.000000i,-197.933807_0.000000i,0,1,0,0.00
1386963667,1,0,0,2,2.950299,0.000000,2.950299,-141.571106,-8165619203571712.000000,-571933312.000000,-197.933807_0.000000i,-197.933807_0.000000i,0,1,0,0.00
1386963667,1,0,0,2,2.948645,0.000000,2.948645,-141.571106,-8165619203571712.000000,-571933312.000000,-197.933807_0.000000i,-197.933807_0.000000i,0,1,0,0.00
1386963667,1,0,0,2,2.946962,0.000000,2.946962,-141.571106,-8165619203571712.000000,-571933312.000000,-197.933807_0.000000i,-197.933807_0.000000i,0,1,0,0.00
1386963668,1,0,0,2,2.945250,0.000000,2.945250,-141.571106,-8165619203571712.000000,-571933312.000000,-197.933807_0.000000i,-197.933807_0.000000i,0,1,0,0.00
1386963668,1,0,0,2,2.943507,0.000000,2.943507,-141.571106,-8165619203571712.000000,-571933312.000000,-197.933807_0.000000i,-197.933807_0.000000i,0,1,0,0.00
1386963668,1,0,0,2,2.941734,0.000000,2.941734,-141.571106,-8165619203571712.000000,-571933312.000000,-197.933807_0.000000i,-197.933807_0.000000i,0,1,0,0.00
1386963668,1,0,0,2,2.939873,0.000000,2.939873,-141.571106,-8165619203571712.000000,-571933312.000000,-197.933807_0.000000i,-197.933807_0.000000i,0,1,0,0.00
1386963669,1,0,0,2,2.938035,0.000000,2.938035,-141.571106,-8165619203571712.000000,-571933312.000000,-197.933807_0.000000i,-197.933807_0.000000i,0,1,0,0.00
1386963669,1,0,0,2,2.936163,0.000000,2.936163,-141.571106,-8165619203571712.000000,-571933312.000000,-197.933807_0.000000i,-197.933807_0.000000i,0,1,0,0.00
1386963669,1,0,0,2,2.934257,0.000000,2.934257,-141.571106,-8165619203571712.000000,-571933312.000000,-197.933807_0.000000i,-197.933807_0.000000i,0,1,0,0.00
1386963669,1,0,0,2,2.932317,0.000000,2.932317,-141.571106,-8165619203571712.000000,-571933312.000000,-197.933807_0.000000i,-197.933807_0.000000i,0,1,0,0.00
1386963670,1,0,0,2,2.930340,0.000000,2.930340,-141.576904,-8165619203571712.000000,-571933312.000000,-197.933807_0.000000i,-197.933807_0.000000i,0,1,0,0.00
1386963670,1,0,0,2,2.928325,0.000000,2.928325,-141.576904,-8165619203571712.000000,-571933312.000000,-197.933807_0.000000i,-197.933807_0.000000i,0,1,0,0.00
1386963670,1,0,0,2,2.926208,0.000000,2.926208,-141.576904,-8165619203571712.000000,-571933312.000000,-197.933807_0.000000i,-197.933807_0.000000i,0,1,0,0.00
1386963670,1,0,0,2,2.924116,0.000000,2.924116,-141.582718,-8165619203571712.000000,-571933312.000000,-197.933807_0.000000i,-197.933807_0.000000i,0,1,0,0.00
1386963671,1,0,0,2,2.921983,0.000000,2.921983,-141.582718,-8165619203571712.000000,-571933312.000000,-197.933807_0.000000i,-197.933807_0.000000i,0,1,0,0.00
1386963671,1,0,0,2,2.919808,0.000000,2.919808,-141.582718,-8165619203571712.000000,-571933312.000000,-197.933807_0.000000i,-197.933807_0.000000i,0,1,0,0.00
1386963671,1,0,0,2,2.919715,0.000000,2.919715,-141.588531,-8165619203571712.000000,-571933312.000000,-197.933807_0.000000i,-197.933807_0.000000i,0,1,0,0.00
1386963671,1,0,0,2,2.919620,0.000000,2.919620,-141.588531,-8165619203571712.000000,-571933312.000000,-197.933807_0.000000i,-197.933807_0.000000i,0,1,0,0.00
1386963672,1,0,0,2,2.919523,0.000000,2.919523,-141.588531,-8165619203571712.000000,-571933312.000000,-197.933807_0.000000i,-197.933807_0.000000i,0,1,0,0.00
1386963672,1,0,0,2,2.919495,0.000000,2.919495,-141.588531,-8165619203571712.000000,-571933312.000000,-197.933807_0.000000i,-197.933807_0.000000i,0,1,0,0.00
1386963672,1,0,0,2,2.919394,0.000000,2.919394,-141.588531,-8165619203571712.000000,-571933312.000000,-197.933807_0.000000i,-197.933807_0.000000i,0,1,0,0.00
1386963672,1,0,0,2,2.919292,0.000000,2.919292,-141.588531,-8165619203571712.000000,-571933312.000000,-197.933807_0.000000i,-197.933807_0.000000i,0,1,0,0.00
1386963673,1,0,0,2,2.916924,0.000000,2.916924,-141.588531,-8165619203571712.000000,-571933312.000000,-197.933807_0.000000i,-197.933807_0.000000i,0,1,0,0.00
1386963673,1,0,0,2,2.914505,0.000000,2.914505,-141.588531,-8165619203571712.000000,-571933312.000000,-197.933807_0.000000i,-197.933807_0.000000i,0,1,0,0.00
1386963673,1,0,0,2,2.912035,0.000000,2.912035,-141.594345,-8165619203571712.000000,-571933312.000000,-197.933807_0.000000i,-197.933807_0.000000i,0,1,0,0.00
1386963673,1,0,0,2,2.909511,0.000000,2.909511,-141.594345,-8165619203571712.000000,-571933312.000000,-197.933807_0.000000i,-197.933807_0.000000i,0,1,0,0.00
1386963674,1,0,0,2,2.906932,0.000000,2.906932,-141.600159,-8165619203571712.000000,-571933312.000000,-197.933807_0.000000i,-197.933807_0.000000i,0,1,0,0.00
1386963674,1,0,0,2,2.904297,0.000000,2.904297,-141.600159,-8165619203571712.000000,-571933312.000000,-197.933807_0.000000i,-197.933807_0.000000i,0,1,0,0.00
1386963674,1,0,0,2,2.904009,0.000000,2.904009,-141.605972,-8165619203571712.000000,-571933312.000000,-197.933807_0.000000i,-197.933807_0.000000i,0,1,0,0.00
1386963674,1,0,0,2,2.903800,0.000000,2.903800,-141.605972,-8165619203571712.000000,-571933312.000000,-197.933807_0.000000i,-197.933807_0.000000i,0,1,0,0.00
1386963675,1,0,0,2,2.903499,0.000000,2.903499,-141.605972,-8165619203571712.000000,-571933312.000000,-197.933807_0.000000i,-197.933807_0.000000i,0,1,0,0.00
1386963675,1,0,0,2,2.903191,0.000000,2.903191,-141.605972,-8165619203571712.000000,-571933312.000000,-197.933807_0.000000i,-197.933807_0.000000i,0,1,0,0.00
1386963675,1,0,0,2,2.902876,0.000000,2.902876,-141.605972,-8165619203571712.000000,-571933312.000000,-197.933807_0.000000i,-197.933807_0.000000i,0,1,0,0.00
1386963675,1,0,0,2,2.902552,0.000000,2.902552,-141.605972,-8165619203571712.000000,-571933312.000000,-197.933807_0.000000i,-197.933807_0.000000i,0,1,0,0.00
1386963676,1,0,0,2,2.904810,0.000000,2.904810,-141.605972,-8165619203571712.000000,-571933312.000000,-197.933807_0.000000i,-197.933807_0.000000i,0,1,0,0.00
1386963676,1,0,0,2,2.904503,0.000000,2.904503,-141.605972,-8165619203571712.000000,-571933312.000000,-197.933807_0.000000i,-197.933807_0.000000i,0,1,0,0.00
1386963676,1,0,0,2,2.904281,0.000000,2.904281,-141.605972,-8165619203571712.000000,-571933312.000000,-197.933807_0.000000i,-197.933807_0.000000i,0,1,0,0.00
1386963676,1,0,0,2,2.903959,0.000000,2.903959,-141.605972,-8165619203571712.000000,-571933312.000000,-197.933807_0.000000i,-197.933807_0.000000i,0,1,0,0.00
1386963677,1,0,0,2,2.903629,0.000000,2.903629,-141.605972,-8165619203571712.000000,-571933312.000000,-197.933807_0.000000i,-197.933807_0.000000i,0,1,0,0.00
1386963677,1,0,0,2,2.906055,0.000000,2.906055,-141.605972,-8165619203571712.000000,-571933312.000000,-197.933807_0.000000i,-197.933807_0.000000i,0,1,0,0.00
1386963677,1,0,0,2,2.905744,0.000000,2.905744,-141.605972,-8165619203571712.000000,-571933312.000000,-197.933807_0.000000i,-197.933807_0.000000i,0,1,0,0.00
1386963677,1,0,0,2,2.905424,0.000000,2.905424,-141.605972,-8165619203571712.000000,-571933312.000000,-197.933807_0.000000i,-197.933807_0.000000i,0,1,0,0.00
1386963678,1,0,0,2,2.905095,0.000000,2.905095,-141.605972,-8165619203571712.000000,-571933312.000000,-197.933807_0.000000i,-197.933807_0.000000i,0,1,0,0.00
1386963678,1,0,0,2,2.904859,0.000000,2.904859,-141.605972,-8165619203571712.000000,-571933312.000000,-197.933807_0.000000i,-197.933807_0.000000i,0,1,0,0.00
1386963678,1,0,0,2,2.904513,0.000000,2.904513,-141.605972,-8165619203571712.000000,-571933312.000000,-197.933807_0.000000i,-197.933807_0.000000i,0,1,0,0.00
1386963678,1,0,0,2,2.907167,0.000000,2.907167,-141.605972,-8165619203571712.000000,-571933312.000000,-197.933807_0.000000i,-197.933807_0.000000i,0,1,0,0.00
1386963679,1,0,0,2,2.906950,0.000000,2.906950,-141.605972,-8165619203571712.000000,-571933312.000000,-197.933807_0.000000i,-197.933807_0.000000i,0,1,0,0.00
1386963679,1,0,0,2,2.906620,0.000000,2.906620,-141.605972,-8165619203571712.000000,-571933312.000000,-197.933807_0.000000i,-197.933807_0.000000i,0,1,0,0.00
1386963679,1,0,0,2,2.906279,0.000000,2.906279,-141.605972,-8165619203571712.000000,-571933312.000000,-197.933807_0.000000i,-197.933807_0.000000i,0,1,0,0.00
1386963679,1,0,0,2,2.905928,0.000000,2.905928,-141.605972,-8165619203571712.000000,-571933312.000000,-197.933807_0.000000i,-197.933807_0.000000i,0,1,0,0.00
1386963680,1,0,0,2,2.908816,0.000000,2.908816,-141.605972,-8165619203571712.000000,-571933312.000000,-197.933807_0.000000i,-197.933807_0.000000i,0,1,0,0.00
1386963680,1,0,0,2,2.908494,0.000000,2.908494,-141.605972,-8165619203571712.000000,-571933312.000000,-197.933807_0.000000i,-197.933807_0.000000i,0,1,0,0.00
1386963680,1,0,0,2,2.908161,0.000000,2.908161,-141.605972,-8165619203571712.000000,-571933312.000000,-197.933807_0.000000i,-197.933807_0.000000i,0,1,0,0.00
1386963680,1,0,0,2,2.907935,0.000000,2.907935,-141.605972,-8165619203571712.000000,-571933312.000000,-197.933807_0.000000i,-197.933807_0.000000i,0,1,0,0.00
1386963681,1,0,0,2,2.907582,0.000000,2.907582,-141.605972,-8165619203571712.000000,-571933312.000000,-197.933807_0.000000i,-197.933807_0.000000i,0,1,0,0.00
1386963681,1,0,0,2,2.907217,0.000000,2.907217,-141.605972,-8165619203571712.000000,-571933312.000000,-197.933807_0.000000i,-197.933807_0.000000i,0,1,0,0.00
1386963681,1,0,0,2,2.910433,0.000000,2.910433,-141.605972,-8165619203571712.000000,-571933312.000000,-197.933807_0.000000i,-197.933807_0.000000i,0,1,0,0.00
1386963681,1,0,0,2,2.910105,0.000000,2.910105,-141.605972,-8165619203571712.000000,-571933312.000000,-197.933807_0.000000i,-197.933807_0.000000i,0,1,0,0.00
1386963682,1,0,0,2,2.909766,0.000000,2.909766,-141.605972,-8165619203571712.000000,-571933312.000000,-197.933807_0.000000i,-197.933807_0.000000i,0,1,0,0.00
1386963682,1,0,0,2,2.909414,0.000000,2.909414,-141.605972,-8165619203571712.000000,-571933312.000000,-197.933807_0.000000i,-197.933807_0.000000i,0,1,0,0.00
1386963682,1,0,0,2,2.909181,0.000000,2.909181,-141.605972,-8165619203571712.000000,-571933312.000000,-197.933807_0.000000i,-197.933807_0.000000i,0,1,0,0.00
1386963682,1,0,0,2,2.912746,0.000000,2.912746,-141.605972,-8165619203571712.000000,-571933312.000000,-197.933807_0.000000i,-197.933807_0.000000i,0,1,0,0.00
1386963683,1,0,0,2,2.912431,0.000000,2.912431,-141.605972,-8165619203571712.000000,-571933312.000000,-197.933807_0.000000i,-197.933807_0.000000i,0,1,0,0.00
1386963683,1,0,0,2,2.912242,0.000000,2.912242,-141.605972,-8165619203571712.000000,-571933312.000000,-197.933807_0.000000i,-197.933807_0.000000i,0,1,0,0.00
1386963683,1,0,0,2,2.911905,0.000000,2.911905,-141.605972,-8165619203571712.000000,-571933312.000000,-197.933807_0.000000i,-197.933807_0.000000i,0,1,0,0.00
1386963683,1,0,0,2,2.911554,0.000000,2.911554,-141.605972,-8165619203571712.000000,-571933312.000000,-197.933807_0.000000i,-197.933807_0.000000i,0,1,0,0.00
1386963684,1,0,0,2,2.911187,0.000000,2.911187,-141.605972,-8165619203571712.000000,-571933312.000000,-197.933807_0.000000i,-197.933807_0.000000i,0,1,0,0.00
1386963684,1,0,0,2,2.915263,0.000000,2.915263,-141.605972,-8165619203571712.000000,-571933312.000000,-197.933807_0.000000i,-197.933807_0.000000i,0,1,0,0.00
1386963684,1,0,0,2,2.914962,0.000000,2.914962,-141.605972,-8165619203571712.000000,-571933312.000000,-197.933807_0.000000i,-197.933807_0.000000i,0,1,0,0.00
1386963684,1,0,0,2,2.914648,0.000000,2.914648,-141.605972,-8165619203571712.000000,-571933312.000000,-197.933807_0.000000i,-197.933807_0.000000i,0,1,0,0.00
1386963685,1,0,0,2,2.914478,0.000000,2.914478,-141.605972,-8165619203571712.000000,-571933312.000000,-197.933807_0.000000i,-197.933807_0.000000i,0,1,0,0.00
1386963685,1,0,0,2,2.914138,0.000000,2.914138,-141.605972,-8165619203571712.000000,-571933312.000000,-197.933807_0.000000i,-197.933807_0.000000i,0,1,0,0.00
1386963685,1,0,0,2,2.918787,0.000000,2.918787,-141.605972,-8165619203571712.000000,-571933312.000000,-197.933807_0.000000i,-197.933807_0.000000i,0,1,0,0.00
1386963685,1,0,0,2,2.918536,0.000000,2.918536,-141.600159,-8165619203571712.000000,-571933312.000000,-197.933807_0.000000i,-197.933807_0.000000i,0,1,0,0.00
1386963686,1,0,0,2,2.918272,0.000000,2.918272,-141.600159,-8165619203571712.000000,-571933312.000000,-197.933807_0.000000i,-197.933807_0.000000i,0,1,0,0.00
1386963686,1,0,0,2,2.917995,0.000000,2.917995,-141.600159,-8165619203571712.000000,-571933312.000000,-197.933807_0.000000i,-197.933807_0.000000i,0,1,0,0.00
1386963686,1,0,0,2,2.917703,0.000000,2.917703,-141.600159,-8165619203571712.000000,-571933312.000000,-197.933807_0.000000i,-197.933807_0.000000i,0,1,0,0.00
1386963686,1,0,0,2,2.917583,0.000000,2.917583,-141.600159,-8165619203571712.000000,-571933312.000000,-197.933807_0.000000i,-197.933807_0.000000i,0,1,0,0.00
1386963687,1,0,0,2,2.923132,0.000000,2.923132,-141.600159,-8165619203571712.000000,-571933312.000000,-197.933807_0.000000i,-197.933807_0.000000i,0,1,0,0.00
1386963687,1,0,0,2,2.922965,0.000000,2.922965,-141.594345,-8165619203571712.000000,-571933312.000000,-197.933807_0.000000i,-197.933807_0.000000i,0,1,0,0.00
1386963687,1,0,0,2,2.922787,0.000000,2.922787,-141.594345,-8165619203571712.000000,-571933312.000000,-197.933807_0.000000i,-197.933807_0.000000i,0,1,0,0.00
1386963687,1,0,0,2,2.922599,0.000000,2.922599,-141.594345,-8165619203571712.000000,-571933312.000000,-197.933807_0.000000i,-197.933807_0.000000i,0,1,0,0.00
1386963688,1,0,0,2,2.922398,0.000000,2.922398,-141.594345,-8165619203571712.000000,-571933312.000000,-197.933807_0.000000i,-197.933807_0.000000i,0,1,0,0.00
1386963688,1,0,0,2,2.929047,0.000000,2.929047,-141.594345,-8165619203571712.000000,-571933312.000000,-197.933807_0.000000i,-197.933807_0.000000i,0,1,0,0.00
1386963688,1,0,0,2,2.929055,0.000000,2.929055,-141.588531,-8165619203571712.000000,-571933312.000000,-197.933807_0.000000i,-197.933807_0.000000i,0,1,0,0.00
1386963688,1,0,0,2,2.929063,0.000000,2.929063,-141.588531,-8165619203571712.000000,-571933312.000000,-197.933807_0.000000i,-197.933807_0.000000i,0,1,0,0.00
1386963689,1,0,0,2,2.929071,0.000000,2.929071,-141.588531,-8165619203571712.000000,-571933312.000000,-197.933807_0.000000i,-197.933807_0.000000i,0,1,0,0.00
1386963689,1,0,0,2,2.929080,0.000000,2.929080,-141.588531,-8165619203571712.000000,-571933312.000000,-197.933807_0.000000i,-197.933807_0.000000i,0,1,0,0.00
1386963689,1,0,0,2,2.929090,0.000000,2.929090,-141.588531,-8165619203571712.000000,-571933312.000000,-197.933807_0.000000i,-197.933807_0.000000i,0,1,0,0.00
1386963689,1,0,0,2,2.920527,0.000000,2.920527,-141.588531,-8165619203571712.000000,-571933312.000000,-197.933807_0.000000i,-197.933807_0.000000i,0,1,0,0.00
1386963690,1,0,0,2,2.911258,0.000000,2.911258,-141.588531,-8165619203571712.000000,-571933312.000000,-197.933807_0.000000i,-197.933807_0.000000i,0,1,0,0.00
1386963690,1,0,0,2,2.901521,0.000000,2.901521,-141.594345,-8165619203571712.000000,-571933312.000000,-197.933807_0.000000i,-197.933807_0.000000i,0,1,0,0.00
1386963690,1,0,0,2,2.890585,0.000000,2.890585,-141.600159,-8165619203571712.000000,-571933312.000000,-197.933807_0.000000i,-197.933807_0.000000i,0,1,0,0.00
1386963690,1,0,0,2,2.888698,0.000000,2.888698,-141.605972,-8165619203571712.000000,-571933312.000000,-197.933807_0.000000i,-197.933807_0.000000i,0,1,0,0.00
1386963691,1,0,0,2,2.887013,0.000000,2.887013,-141.611786,-8165619203571712.000000,-571933312.000000,-197.933807_0.000000i,-197.933807_0.000000i,0,1,0,0.00
1386963691,1,0,0,2,2.884727,0.000000,2.884727,-141.617599,-8165619203571712.000000,-571933312.000000,-197.933807_0.000000i,-197.933807_0.000000i,0,1,0,0.00
1386963691,1,0,0,2,2.882176,0.000000,2.882176,-141.623413,-8165619203571712.000000,-571933312.000000,-197.933807_0.000000i,-197.933807_0.000000i,0,1,0,0.00
1386963691,1,0,0,2,2.879798,0.000000,2.879798,-141.623413,-8165619203571712.000000,-571933312.000000,-197.933807_0.000000i,-197.933807_0.000000i,0,1,0,0.00
1386963692,1,0,0,2,2.889949,0.000000,2.889949,-141.629227,-8165619203571712.000000,-571933312.000000,-197.933807_0.000000i,-197.933807_0.000000i,0,1,0,0.00
1386963692,1,0,0,2,2.887224,0.000000,2.887224,-141.629227,-8165619203571712.000000,-571933312.000000,-197.933807_0.000000i,-197.933807_0.000000i,0,1,0,0.00
1386963692,1,0,0,2,2.884089,0.000000,2.884089,-141.629227,-8165619203571712.000000,-571933312.000000,-197.933807_0.000000i,-197.933807_0.000000i,0,1,0,0.00
1386963692,1,0,0,2,2.881084,0.000000,2.881084,-141.629227,-8165619203571712.000000,-571933312.000000,-197.933807_0.000000i,-197.933807_0.000000i,0,1,0,0.00
1386963693,1,0,0,7,2.530727,0.000000,2.530727,-141.629227,-8165619203571712.000000,-571933312.000000,-197.933807_0.000000i,-197.933807_0.000000i,0,1,0,0.00
1386963693,1,0,0,2,2.893148,0.000000,2.893148,-141.745575,-8165619203571712.000000,-571933312.000000,-197.933807_0.000000i,-197.933807_0.000000i,0,1,0,0.00
1386963693,1,0,0,2,2.890130,0.000000,2.890130,-141.704865,-8165619203571712.000000,-571933312.000000,-197.933807_0.000000i,-197.933807_0.000000i,0,1,0,0.00
1386963693,1,0,0,2,2.885489,0.000000,2.885489,-141.675766,-8165619203571712.000000,-571933312.000000,-197.933807_0.000000i,-197.933807_0.000000i,0,1,0,0.00
1386963694,1,0,0,2,2.880657,0.000000,2.880657,-141.658310,-8165619203571712.000000,-571933312.000000,-197.933807_0.000000i,-197.933807_0.000000i,0,1,0,0.00
1386963694,1,0,0,7,2.530727,0.000000,2.530727,-141.652496,-8165619203571712.000000,-571933312.000000,-197.933807_0.000000i,-197.933807_0.000000i,0,1,0,0.00
1386963694,1,0,0,2,2.903629,0.000000,2.903629,-141.763031,-8165619203571712.000000,-571933312.000000,-197.933807_0.000000i,-197.933807_0.000000i,0,1,0,0.00
1386963694,1,0,0,2,2.946589,0.000000,2.946589,-141.710678,-8165619203571712.000000,-571933312.000000,-197.933807_0.000000i,-197.933807_0.000000i,0,1,0,0.00
1386963695,1,0,0,2,2.953575,0.000000,2.953575,-141.664124,-8165619203571712.000000,-571933312.000000,-197.933807_0.000000i,-197.933807_0.000000i,0,1,0,0.00
1386963695,1,0,0,2,2.966160,0.000000,2.966160,-141.629227,-8165619203571712.000000,-571933312.000000,-197.933807_0.000000i,-197.933807_0.000000i,0,1,0,0.00
1386963695,1,0,0,2,-2.148647,0.000000,-2.148647,-141.600128,0.613646,-58.663479,-49.254292_-80.264969i,-49.254292_-80.264969i,0,1,0,0.00
1386963696,1,0,0,2,-2.130720,0.000000,-2.130720,-141.396500,0.613646,-58.663479,-49.254292_-80.264969i,-49.254292_-80.264969i,0,1,0,0.00
1386963696,1,0,0,2,-2.115290,0.000000,-2.115290,-141.192886,0.613646,-58.663479,-49.254292_-80.264969i,-49.254292_-80.264969i,0,1,0,0.00
1386963696,1,0,0,2,-2.102314,0.000000,-2.102314,-140.989273,0.613646,-58.663479,-49.254292_-80.264969i,-49.254292_-80.264969i,0,1,0,0.00
1386963696,0,0,0,14,-2.102314,0.000000,-2.102314,-140.785645,0.613646,-58.663479,-49.254292_-80.264969i,-49.254292_-80.264969i,0,1,0,0.00
1386963697,0,0,0,14,-2.102314,0.000000,-2.102314,-140.634384,0.613646,-58.663479,-49.254292_-80.264969i,-49.254292_-80.264969i,0,1,0,0.00
1386963697,0,0,0,14,-2.102314,0.000000,-2.102314,-140.535492,0.613646,-58.663479,-49.254292_-80.264969i,-49.254292_-80.264969i,0,1,0,0.00
1386963697,0,0,0,14,-2.102314,0.000000,-2.102314,-140.465683,0.613646,-58.663479,-49.254292_-80.264969i,-49.254292_-80.264969i,0,1,0,0.00
1386963697,0,0,0,14,-2.102314,0.000000,-2.102314,-140.419144,0.613646,-58.663479,-49.254292_-80.264969i,-49.254292_-80.264969i,0,1,0,0.00
1386963698,0,0,0,14,-2.102314,0.000000,-2.102314,-140.390060,0.613646,-58.663479,-49.254292_-80.264969i,-49.254292_-80.264969i,0,1,0,0.00
1386963698,0,0,0,14,-2.102314,0.000000,-2.102314,-140.372604,0.613646,-58.663479,-49.254292_-80.264969i,-49.254292_-80.264969i,0,1,0,0.00
1386963698,0,0,0,14,-2.102314,0.000000,-2.102314,-140.360962,0.613646,-58.663479,-49.254292_-80.264969i,-49.254292_-80.264969i,0,1,0,0.00
1386963698,0,0,0,14,-2.102314,0.000000,-2.102314,-140.349335,0.613646,-58.663479,-49.254292_-80.264969i,-49.254292_-80.264969i,0,1,0,0.00
1386963699,0,0,0,14,-2.102314,0.000000,-2.102314,-140.343521,0.613646,-58.663479,-49.254292_-80.264969i,-49.254292_-80.264969i,0,1,0,0.00
1386963699,0,0,0,14,-2.102314,0.000000,-2.102314,-140.337692,0.613646,-58.663479,-49.254292_-80.264969i,-49.254292_-80.264969i,0,1,0,0.00
1386963699,0,0,0,14,-2.102314,0.000000,-2.102314,-140.337692,0.613646,-58.663479,-49.254292_-80.264969i,-49.254292_-80.264969i,0,1,0,0.00
1386963699,0,0,0,14,-2.102314,0.000000,-2.102314,-140.337692,0.613646,-58.663479,-49.254292_-80.264969i,-49.254292_-80.264969i,0,1,0,0.00
1386963700,0,0,0,14,-2.102314,0.000000,-2.102314,-140.337692,0.613646,-58.663479,-49.254292_-80.264969i,-49.254292_-80.264969i,0,1,0,0.00
1386963700,0,0,0,14,-2.102314,0.000000,-2.102314,-140.337692,0.613646,-58.663479,-49.254292_-80.264969i,-49.254292_-80.264969i,0,1,0,0.00
1386963700,0,0,0,14,-2.102314,0.000000,-2.102314,-140.337692,0.613646,-58.663479,-49.254292_-80.264969i,-49.254292_-80.264969i,0,1,0,0.00
1386963700,0,0,0,14,-2.102314,0.000000,-2.102314,-140.337692,0.613646,-58.663479,-49.254292_-80.264969i,-49.254292_-80.264969i,0,1,0,0.00
1386963701,0,0,0,14,-2.102314,0.000000,-2.102314,-140.337692,0.613646,-58.663479,-49.254292_-80.264969i,-49.254292_-80.264969i,0,1,0,0.00
1386963701,0,0,0,14,-2.102314,0.000000,-2.102314,-140.337692,0.613646,-58.663479,-49.254292_-80.264969i,-49.254292_-80.264969i,0,1,0,0.00
1386963701,0,0,0,14,-2.102314,0.000000,-2.102314,-140.337692,0.613646,-58.663479,-49.254292_-80.264969i,-49.254292_-80.264969i,0,1,0,0.00
1386963701,0,0,0,14,-2.102314,0.000000,-2.102314,-140.337692,0.613646,-58.663479,-49.254292_-80.264969i,-49.254292_-80.264969i,0,1,0,0.00
1386963702,0,0,0,14,-2.102314,0.000000,-2.102314,-140.337692,0.613646,-58.663479,-49.254292_-80.264969i,-49.254292_-80.264969i,0,1,0,0.00
1386963702,0,0,0,14,-2.102314,0.000000,-2.102314,-140.337692,0.613646,-58.663479,-49.254292_-80.264969i,-49.254292_-80.264969i,0,1,0,0.00
1386963702,0,0,0,14,-2.102314,0.000000,-2.102314,-140.337692,0.613646,-58.663479,-49.254292_-80.264969i,-49.254292_-80.264969i,0,1,0,0.00
1386963702,0,0,0,14,-2.102314,0.000000,-2.102314,-140.337692,0.613646,-58.663479,-49.254292_-80.264969i,-49.254292_-80.264969i,0,1,0,0.00
1386963703,0,0,0,14,-2.102314,0.000000,-2.102314,-140.337692,0.613646,-58.663479,-49.254292_-80.264969i,-49.254292_-80.264969i,0,1,0,0.00
1386963703,0,0,0,14,-2.102314,0.000000,-2.102314,-140.337692,0.613646,-58.663479,-49.254292_-80.264969i,-49.254292_-80.264969i,0,1,0,0.00
1386963703,0,0,0,14,-2.102314,0.000000,-2.102314,-140.337692,0.613646,-58.663479,-49.254292_-80.264969i,-49.254292_-80.264969i,0,1,0,0.00
1386963703,0,0,0,14,-2.102314,0.000000,-2.102314,-140.337692,0.613646,-58.663479,-49.254292_-80.264969i,-49.254292_-80.264969i,0,1,0,0.00
1386963704,0,0,0,14,-2.102314,0.000000,-2.102314,-140.337692,0.613646,-58.663479,-49.254292_-80.264969i,-49.254292_-80.264969i,0,1,0,0.00
1386963704,0,0,0,14,-2.102314,0.000000,-2.102314,-140.337692,0.613646,-58.663479,-49.254292_-80.264969i,-49.254292_-80.264969i,0,1,0,0.00
1386963704,0,0,0,14,-2.102314,0.000000,-2.102314,-140.337692,0.613646,-58.663479,-49.254292_-80.264969i,-49.254292_-80.264969i,0,1,0,0.00
1386963704,0,0,0,14,-2.102314,0.000000,-2.102314,-140.337692,0.613646,-58.663479,-49.254292_-80.264969i,-49.254292_-80.264969i,0,1,0,0.00
1386963705,0,0,0,14,-2.102314,0.000000,-2.102314,-140.337692,0.613646,-58.663479,-49.254292_-80.264969i,-49.254292_-80.264969i,0,1,0,0.00
1386963705,0,0,0,14,-2.102314,0.000000,-2.102314,-140.337692,0.613646,-58.663479,-49.254292_-80.264969i,-49.254292_-80.264969i,0,1,0,0.00
1386963705,0,0,0,14,-2.102314,0.000000,-2.102314,-140.337692,0.613646,-58.663479,-49.254292_-80.264969i,-49.254292_-80.264969i,0,1,0,0.00
1386963705,0,0,0,14,-2.102314,0.000000,-2.102314,-140.337692,0.613646,-58.663479,-49.254292_-80.264969i,-49.254292_-80.264969i,0,1,0,0.00
1386963706,0,0,0,14,-2.102314,0.000000,-2.102314,-140.337692,0.613646,-58.663479,-49.254292_-80.264969i,-49.254292_-80.264969i,0,1,0,0.00
1386963706,0,0,0,14,-2.102314,0.000000,-2.102314,-140.337692,0.613646,-58.663479,-49.254292_-80.264969i,-49.254292_-80.264969i,0,1,0,0.00
1386963706,0,0,0,14,-2.102314,0.000000,-2.102314,-140.337692,0.613646,-58.663479,-49.254292_-80.264969i,-49.254292_-80.264969i,0,1,0,0.00
1386963706,0,0,0,14,-2.102314,0.000000,-2.102314,-140.337692,0.613646,-58.663479,-49.254292_-80.264969i,-49.254292_-80.264969i,0,1,0,0.00
1386963707,0,0,0,14,-2.102314,0.000000,-2.102314,-140.337692,0.613646,-58.663479,-49.254292_-80.264969i,-49.254292_-80.264969i,0,1,0,0.00
1386963707,0,0,0,14,-2.102314,0.000000,-2.102314,-140.337692,0.613646,-58.663479,-49.254292_-80.264969i,-49.254292_-80.264969i,0,1,0,0.00
1386963707,0,0,0,14,-2.102314,0.000000,-2.102314,-140.337692,0.613646,-58.663479,-49.254292_-80.264969i,-49.254292_-80.264969i,0,1,0,0.00
1386963707,1,1,1,7353,-0.004247,0.000000,-0.004247,-140.337692,inf,inf,395.989838_0.000000i,395.989838_0.000000i,0,1,0,0.00
1386963708,1,1,1,7353,-0.004247,0.000000,-0.004247,-140.331879,inf,inf,395.989838_0.000000i,395.989838_0.000000i,0,1,0,0.00
1386963708,1,1,1,7353,-0.004247,0.000000,-0.004247,-140.331879,inf,inf,395.989838_0.000000i,395.989838_0.000000i,0,1,0,0.00
1386963708,1,1,1,7353,-0.004247,0.000000,-0.004247,-140.331879,inf,inf,395.989838_0.000000i,395.989838_0.000000i,0,1,0,0.00
1386963708,1,1,1,7353,-0.004247,0.000000,-0.004247,-140.331879,inf,inf,395.989838_0.000000i,395.989838_0.000000i,0,1,0,0.00
1386963709,1,1,1,7353,-0.004247,0.000000,-0.004247,-140.331879,inf,inf,395.989838_0.000000i,395.989838_0.000000i,0,1,0,0.00
1386963709,1,1,1,7353,-0.004247,0.000000,-0.004247,-140.331879,inf,inf,395.989838_0.000000i,395.989838_0.000000i,0,1,0,0.00
1386963709,1,1,1,7353,-0.004247,0.000000,-0.004247,-140.331879,inf,inf,395.989838_0.000000i,395.989838_0.000000i,0,1,0,0.00
1386963709,1,1,1,7353,-0.004247,0.000000,-0.004247,-140.331879,inf,inf,395.989838_0.000000i,395.989838_0.000000i,0,1,0,0.00
1386963710,1,1,1,7353,-0.004247,0.000000,-0.004247,-140.331879,inf,inf,395.989838_0.000000i,395.989838_0.000000i,0,1,0,0.00
1386963710,1,1,1,7353,-0.004247,0.000000,-0.004247,-140.331879,inf,inf,395.989838_0.000000i,395.989838_0.000000i,0,1,0,0.00
1386963710,1,1,1,7353,-0.004247,0.000000,-0.004247,-140.331879,inf,inf,395.989838_0.000000i,395.989838_0.000000i,0,1,0,0.00
1386963710,1,1,1,7353,-0.004247,0.000000,-0.004247,-140.331879,inf,inf,395.989838_0.000000i,395.989838_0.000000i,0,1,0,0.00
1386963711,1,1,1,7353,-0.004247,0.000000,-0.004247,-140.331879,inf,inf,395.989838_0.000000i,395.989838_0.000000i,0,1,0,0.00
1386963711,1,1,1,7353,-0.004247,0.000000,-0.004247,-140.331879,inf,inf,395.989838_0.000000i,395.989838_0.000000i,0,1,0,0.00
1386963711,1,1,1,7353,-0.004247,0.000000,-0.004247,-140.331879,inf,inf,395.989838_0.000000i,395.989838_0.000000i,0,1,0,0.00
1386963711,1,1,1,7353,-0.004247,0.000000,-0.004247,-140.331879,inf,inf,395.989838_0.000000i,395.989838_0.000000i,0,1,0,0.00
1386963712,1,1,1,7353,-0.004247,0.000000,-0.004247,-140.331879,inf,inf,395.989838_0.000000i,395.989838_0.000000i,0,1,0,0.00
1386963712,1,1,1,7353,-0.004247,0.000000,-0.004247,-140.128250,inf,inf,395.989838_0.000000i,395.989838_0.000000i,0,1,0,0.00
1386963712,1,1,1,7353,-0.004247,0.000000,-0.004247,-139.924637,inf,inf,395.989838_0.000000i,395.989838_0.000000i,0,1,0,0.00
1386963712,1,1,1,7353,-0.004247,0.000000,-0.004247,-139.721024,inf,inf,395.989838_0.000000i,395.989838_0.000000i,0,1,0,0.00
1386963713,1,1,1,7353,-0.004247,0.000000,-0.004247,-139.575577,inf,inf,395.989838_0.000000i,395.989838_0.000000i,0,1,0,0.00
1386963713,1,1,1,7353,-0.004247,0.000000,-0.004247,-139.476669,inf,inf,395.989838_0.000000i,395.989838_0.000000i,0,1,0,0.00
1386963713,1,1,1,7353,-0.004247,0.000000,-0.004247,-139.412674,inf,inf,395.989838_0.000000i,395.989838_0.000000i,0,1,0,0.00
1386963713,1,1,1,7353,-0.004247,0.000000,-0.004247,-139.366135,inf,inf,395.989838_0.000000i,395.989838_0.000000i,0,1,0,0.00
1386963714,1,1,1,7353,-0.004247,0.000000,-0.004247,-139.337051,inf,inf,395.989838_0.000000i,395.989838_0.000000i,0,1,0,0.00
1386963714,1,1,1,7353,-0.004247,0.000000,-0.004247,-139.319595,inf,inf,395.989838_0.000000i,395.989838_0.000000i,0,1,0,0.00
1386963714,1,1,1,7353,-0.004247,0.000000,-0.004247,-139.307968,inf,inf,395.989838_0.000000i,395.989838_0.000000i,0,1,0,0.00
1386963714,1,1,1,7353,-0.004247,0.000000,-0.004247,-139.296341,inf,inf,395.989838_0.000000i,395.989838_0.000000i,0,1,0,0.00
1386963715,1,1,1,7353,-0.004247,0.000000,-0.004247,-139.290512,inf,inf,395.989838_0.000000i,395.989838_0.000000i,0,1,0,0.00
1386963715,1,1,1,7353,-0.004247,0.000000,-0.004247,-139.284698,inf,inf,395.989838_0.000000i,395.989838_0.000000i,0,1,0,0.00
1386963715,1,1,1,7353,-0.004247,0.000000,-0.004247,-139.284698,inf,inf,395.989838_0.000000i,395.989838_0.000000i,0,1,0,0.00
1386963715,1,1,1,7353,-0.004247,0.000000,-0.004247,-139.284698,inf,inf,395.989838_0.000000i,395.989838_0.000000i,0,1,0,0.00
1386963716,1,1,0,7353,-0.004247,0.000000,-0.004247,-139.284698,inf,inf,395.989838_0.000000i,395.989838_0.000000i,0,1,0,0.00
1386963716,1,0,0,2,0.148675,0.000000,0.148675,-139.081070,inf,inf,395.989838_0.000000i,395.989838_0.000000i,0,1,0,0.00
1386963716,1,0,0,2,0.152361,0.000000,0.152361,-138.877457,inf,inf,395.989838_0.000000i,395.989838_0.000000i,0,1,0,0.00
1386963716,1,0,0,2,0.155112,0.000000,0.155112,-138.673828,inf,inf,395.989838_0.000000i,395.989838_0.000000i,0,1,0,0.00
1386963717,1,0,0,2,0.156874,0.000000,0.156874,-138.476028,inf,inf,395.989838_0.000000i,395.989838_0.000000i,0,1,0,0.00
1386963717,1,0,0,2,0.158701,0.000000,0.158701,-138.342224,inf,inf,395.989838_0.000000i,395.989838_0.000000i,0,1,0,0.00
1386963717,1,0,0,2,0.159500,0.000000,0.159500,-138.249130,inf,inf,395.989838_0.000000i,395.989838_0.000000i,0,1,0,0.00
1386963717,1,0,0,2,0.160306,0.000000,0.160306,-138.190948,inf,inf,395.989838_0.000000i,395.989838_0.000000i,0,1,0,0.00
1386963718,1,0,0,2,0.161096,0.000000,0.161096,-138.150223,inf,inf,395.989838_0.000000i,395.989838_0.000000i,0,1,0,0.00
1386963718,1,0,0,2,0.161919,0.000000,0.161919,-138.121140,inf,inf,395.989838_0.000000i,395.989838_0.000000i,0,1,0,0.00
1386963718,1,0,0,2,0.162751,0.000000,0.162751,-138.103683,inf,inf,395.989838_0.000000i,395.989838_0.000000i,0,1,0,0.00
1386963718,1,0,0,2,0.163565,0.000000,0.163565,-138.092056,inf,inf,395.989838_0.000000i,395.989838_0.000000i,0,1,0,0.00
1386963719,1,0,0,2,0.164387,0.000000,0.164387,-138.086243,inf,inf,395.989838_0.000000i,395.989838_0.000000i,0,1,0,0.00
1386963719,1,0,0,2,0.165244,0.000000,0.165244,-138.080414,inf,inf,395.989838_0.000000i,395.989838_0.000000i,0,1,0,0.00
1386963719,1,0,0,2,0.166083,0.000000,0.166083,-138.074600,inf,inf,395.989838_0.000000i,395.989838_0.000000i,0,1,0,0.00
1386963719,1,0,0,2,0.166931,0.000000,0.166931,-138.068771,inf,inf,395.989838_0.000000i,395.989838_0.000000i,0,1,0,0.00
1386963720,1,0,0,2,0.167814,0.000000,0.167814,-138.068771,inf,inf,395.989838_0.000000i,395.989838_0.000000i,0,1,0,0.00
1386963720,1,0,0,2,0.168679,0.000000,0.168679,-138.068771,inf,inf,395.989838_0.000000i,395.989838_0.000000i,0,1,0,0.00
1386963720,1,0,0,2,0.169554,0.000000,0.169554,-138.068771,inf,inf,395.989838_0.000000i,395.989838_0.000000i,0,1,0,0.00
1386963720,1,0,0,2,0.170437,0.000000,0.170437,-138.068771,inf,inf,395.989838_0.000000i,395.989838_0.000000i,0,1,0,0.00
1386963721,1,0,0,2,0.171357,0.000000,0.171357,-138.062958,inf,inf,395.989838_0.000000i,395.989838_0.000000i,0,1,0,0.00
1386963721,1,0,0,2,0.172259,0.000000,0.172259,-138.062958,inf,inf,395.989838_0.000000i,395.989838_0.000000i,0,1,0,0.00
1386963721,1,0,0,2,0.173171,0.000000,0.173171,-138.062958,inf,inf,395.989838_0.000000i,395.989838_0.000000i,0,1,0,0.00
1386963721,1,0,0,2,0.174121,0.000000,0.174121,-138.062958,inf,inf,395.989838_0.000000i,395.989838_0.000000i,0,1,0,0.00
1386963722,1,0,0,2,0.175052,0.000000,0.175052,-138.062958,inf,inf,395.989838_0.000000i,395.989838_0.000000i,0,1,0,0.00
1386963722,1,0,0,2,0.175993,0.000000,0.175993,-138.062958,inf,inf,395.989838_0.000000i,395.989838_0.000000i,0,1,0,0.00
1386963722,1,0,0,2,0.176944,0.000000,0.176944,-138.057129,inf,inf,395.989838_0.000000i,395.989838_0.000000i,0,1,0,0.00
1386963722,1,0,0,2,0.177935,0.000000,0.177935,-138.057129,inf,inf,395.989838_0.000000i,395.989838_0.000000i,0,1,0,0.00
1386963723,1,0,0,2,0.178907,0.000000,0.178907,-138.057129,inf,inf,395.989838_0.000000i,395.989838_0.000000i,0,1,0,0.00
1386963723,1,0,0,2,0.179890,0.000000,0.179890,-138.057129,inf,inf,395.989838_0.000000i,395.989838_0.000000i,0,1,0,0.00
1386963723,1,0,0,2,0.180915,0.000000,0.180915,-138.057129,inf,inf,395.989838_0.000000i,395.989838_0.000000i,0,1,0,0.00
1386963723,1,0,0,2,0.181919,0.000000,0.181919,-138.057129,inf,inf,395.989838_0.000000i,395.989838_0.000000i,0,1,0,0.00
1386963724,1,0,0,2,0.182935,0.000000,0.182935,-138.051315,inf,inf,395.989838_0.000000i,395.989838_0.000000i,0,1,0,0.00
1386963724,1,0,0,2,0.183962,0.000000,0.183962,-138.051315,inf,inf,395.989838_0.000000i,395.989838_0.000000i,0,1,0,0.00
1386963724,1,0,0,2,0.185033,0.000000,0.185033,-138.051315,inf,inf,395.989838_0.000000i,395.989838_0.000000i,0,1,0,0.00
1386963724,1,0,0,2,0.186083,0.000000,0.186083,-138.051315,inf,inf,395.989838_0.000000i,395.989838_0.000000i,0,1,0,0.00
1386963725,1,0,0,2,0.187145,0.000000,0.187145,-138.051315,inf,inf,395.989838_0.000000i,395.989838_0.000000i,0,1,0,0.00
1386963725,1,0,0,2,0.188254,0.000000,0.188254,-138.051315,inf,inf,395.989838_0.000000i,395.989838_0.000000i,0,1,0,0.00
1386963725,1,0,0,2,0.189340,0.000000,0.189340,-138.045486,inf,inf,395.989838_0.000000i,395.989838_0.000000i,0,1,0,0.00
1386963725,1,0,0,2,0.190440,0.000000,0.190440,-138.045486,inf,inf,395.989838_0.000000i,395.989838_0.000000i,0,1,0,0.00
1386963726,1,0,0,2,0.191552,0.000000,0.191552,-138.045486,inf,inf,395.989838_0.000000i,395.989838_0.000000i,0,1,0,0.00
1386963726,1,0,0,2,0.192712,0.000000,0.192712,-138.045486,inf,inf,395.989838_0.000000i,395.989838_0.000000i,0,1,0,0.00
1386963726,1,0,0,2,0.193851,0.000000,0.193851,-138.045486,inf,inf,395.989838_0.000000i,395.989838_0.000000i,0,1,0,0.00
1386963727,1,0,0,2,0.195003,0.000000,0.195003,-138.039673,inf,inf,395.989838_0.000000i,395.989838_0.000000i,0,1,0,0.00
1386963727,1,0,0,2,0.196205,0.000000,0.196205,-138.039673,inf,inf,395.989838_0.000000i,395.989838_0.000000i,0,1,0,0.00
1386963727,1,0,0,2,0.197385,0.000000,0.197385,-138.039673,inf,inf,395.989838_0.000000i,395.989838_0.000000i,0,1,0,0.00
1386963727,1,0,0,2,0.198579,0.000000,0.198579,-138.039673,inf,inf,395.989838_0.000000i,395.989838_0.000000i,0,1,0,0.00
1386963728,1,0,0,0,0.198579,0.000000,0.198579,-138.039673,inf,inf,395.989838_0.000000i,395.989838_0.000000i,0,1,0,0.00
1386963728,1,0,0,0,0.198579,0.000000,0.198579,-138.039673,inf,inf,395.989838_0.000000i,395.989838_0.000000i,0,1,0,0.00
1386963728,1,0,0,0,0.198579,0.000000,0.198579,-138.039673,inf,inf,395.989838_0.000000i,395.989838_0.000000i,0,1,0,0.00
1386963728,1,0,0,0,0.198579,0.000000,0.198579,-138.039673,inf,inf,395.989838_0.000000i,395.989838_0.000000i,0,1,0,0.00
1386963729,1,0,0,0,0.198579,0.000000,0.198579,-138.039673,inf,inf,395.989838_0.000000i,395.989838_0.000000i,0,1,0,0.00
1386963729,1,0,0,0,0.198579,0.000000,0.198579,-138.039673,inf,inf,395.989838_0.000000i,395.989838_0.000000i,0,1,0,0.00
1386963729,1,0,0,0,0.198579,0.000000,0.198579,-138.039673,inf,inf,395.989838_0.000000i,395.989838_0.000000i,0,1,0,0.00
1386963729,1,0,0,0,0.198579,0.000000,0.198579,-138.039673,inf,inf,395.989838_0.000000i,395.989838_0.000000i,0,1,0,0.00
