MCU_timestamp,sig1,sig2,sig3,fa_debug,theta_d1,theta_d,theta_d1_b,theta_b,a_x,b_x,X_b,X_T_b,sail_hc_periods,sail_hc_direction,sail_hc_val,sail_hc_MEAN_V
1386956875,1,2,2,7353,-2.094395,0.000000,-2.094395,-91.339371,0.103248,-50.265797,-627659.375000_-6079167.000000i,-627659.375000_-6079167.000000i,0,1,0,0.00
1386956875,2,2,2,7353,-2.094395,0.000000,-2.094395,-91.176476,0.103248,-50.265797,-627659.375000_-6079167.000000i,-627659.375000_-6079167.000000i,0,1,0,0.00
1386956876,2,2,2,7353,-2.094395,0.000000,-2.094395,-91.013573,0.103248,-50.265797,-627659.375000_-6079167.000000i,-627659.375000_-6079167.000000i,0,1,0,0.00
1386956876,2,2,2,7353,-2.094395,0.000000,-2.094395,-90.850670,0.103248,-50.265797,-627659.375000_-6079167.000000i,-627659.375000_-6079167.000000i,0,1,0,0.00
1386956876,2,2,2,7353,-2.094395,0.000000,-2.094395,-90.687775,0.103248,-50.265797,-627659.375000_-6079167.000000i,-627659.375000_-6079167.000000i,0,1,0,0.00
1386956876,2,2,2,7353,-2.094395,0.000000,-2.094395,-90.524872,0.103248,-50.265797,-627659.375000_-6079167.000000i,-627659.375000_-6079167.000000i,0,1,0,0.00
1386956877,2,2,2,7353,-2.094395,0.000000,-2.094395,-90.361969,0.103248,-50.265797,-627659.375000_-6079167.000000i,-627659.375000_-6079167.000000i,0,1,0,0.00
1386956877,2,2,2,7353,-2.094395,0.000000,-2.094395,-90.199074,0.103248,-50.265797,-627659.375000_-6079167.000000i,-627659.375000_-6079167.000000i,0,1,0,0.00
1386956877,2,2,2,7353,-2.094395,0.000000,-2.094395,-90.036171,0.103248,-50.265797,-627659.375000_-6079167.000000i,-627659.375000_-6079167.000000i,0,1,0,0.00
1386956877,2,2,2,7353,-2.094395,0.000000,-2.094395,-89.873268,0.103248,-50.265797,-627659.375000_-6079167.000000i,-627659.375000_-6079167.000000i,0,1,0,0.00
1386956878,2,2,2,7353,-2.094395,0.000000,-2.094395,-89.710373,0.103248,-50.265797,-627659.375000_-6079167.000000i,-627659.375000_-6079167.000000i,0,1,0,0.00
1386956878,2,2,2,7353,-2.094395,0.000000,-2.094395,-89.547470,0.103248,-50.265797,-627659.375000_-6079167.000000i,-627659.375000_-6079167.000000i,0,1,0,0.00
1386956878,2,2,2,7353,-2.094395,0.000000,-2.094395,-89.403191,0.103248,-50.265797,-627659.375000_-6079167.000000i,-627659.375000_-6079167.000000i,0,1,0,0.00
1386956878,2,2,2,7353,-2.094395,0.000000,-2.094395,-89.300797,0.103248,-50.265797,-627659.375000_-6079167.000000i,-627659.375000_-6079167.000000i,0,1,0,0.00
1386956879,2,2,2,7353,-2.094395,0.000000,-2.094395,-89.221680,0.103248,-50.265797,-627659.375000_-6079167.000000i,-627659.375000_-6079167.000000i,0,1,0,0.00
1386956879,2,2,2,7353,-2.094395,0.000000,-2.094395,-89.165825,0.103248,-50.265797,-627659.375000_-6079167.000000i,-627659.375000_-6079167.000000i,0,1,0,0.00
1386956879,2,2,2,7353,-2.094395,0.000000,-2.094395,-89.123940,0.103248,-50.265797,-627659.375000_-6079167.000000i,-627659.375000_-6079167.000000i,0,1,0,0.00
1386956879,2,2,2,7353,-2.094395,0.000000,-2.094395,-89.096008,0.103248,-50.265797,-627659.375000_-6079167.000000i,-627659.375000_-6079167.000000i,0,1,0,0.00
1386956880,2,2,2,7353,-2.094395,0.000000,-2.094395,-89.072739,0.103248,-50.265797,-627659.375000_-6079167.000000i,-627659.375000_-6079167.000000i,0,1,0,0.00
1386956880,2,2,2,7353,-2.094395,0.000000,-2.094395,-89.058777,0.103248,-50.265797,-627659.375000_-6079167.000000i,-627659.375000_-6079167.000000i,0,1,0,0.00
1386956880,2,2,2,7353,-2.094395,0.000000,-2.094395,-89.044815,0.103248,-50.265797,-627659.375000_-6079167.000000i,-627659.375000_-6079167.000000i,0,1,0,0.00
1386956880,2,2,2,7353,-2.094395,0.000000,-2.094395,-89.035515,0.103248,-50.265797,-627659.375000_-6079167.000000i,-627659.375000_-6079167.000000i,0,1,0,0.00
1386956881,2,2,2,7353,-2.094395,0.000000,-2.094395,-89.030861,0.103248,-50.265797,-627659.375000_-6079167.000000i,-627659.375000_-6079167.000000i,0,1,0,0.00
1386956881,2,2,2,7353,-2.094395,0.000000,-2.094395,-89.026207,0.103248,-50.265797,-627659.375000_-6079167.000000i,-627659.375000_-6079167.000000i,0,1,0,0.00
1386956881,2,2,2,7353,-2.094395,0.000000,-2.094395,-89.021553,0.103248,-50.265797,-627659.375000_-6079167.000000i,-627659.375000_-6079167.000000i,0,1,0,0.00
1386956881,2,2,2,7353,-2.094395,0.000000,-2.094395,-89.016899,0.103248,-50.265797,-627659.375000_-6079167.000000i,-627659.375000_-6079167.000000i,0,1,0,0.00
1386956882,2,2,2,7353,-2.094395,0.000000,-2.094395,-89.016899,0.103248,-50.265797,-627659.375000_-6079167.000000i,-627659.375000_-6079167.000000i,0,1,0,0.00
1386956882,2,2,2,7353,-2.094395,0.000000,-2.094395,-89.016899,0.103248,-50.265797,-627659.375000_-6079167.000000i,-627659.375000_-6079167.000000i,0,1,0,0.00
1386956882,2,2,2,7353,-2.094395,0.000000,-2.094395,-89.016899,0.103248,-50.265797,-627659.375000_-6079167.000000i,-627659.375000_-6079167.000000i,0,1,0,0.00
1386956882,2,2,2,7353,-2.094395,0.000000,-2.094395,-89.016899,0.103248,-50.265797,-627659.375000_-6079167.000000i,-627659.375000_-6079167.000000i,0,1,0,0.00
1386956883,2,2,2,7353,-2.094395,0.000000,-2.094395,-89.016899,0.103248,-50.265797,-627659.375000_-6079167.000000i,-627659.375000_-6079167.000000i,0,1,0,0.00
1386956883,2,2,2,7353,-2.094395,0.000000,-2.094395,-89.016899,0.103248,-50.265797,-627659.375000_-6079167.000000i,-627659.375000_-6079167.000000i,0,1,0,0.00
1386956883,2,2,2,7353,-2.094395,0.000000,-2.094395,-89.016899,0.103248,-50.265797,-627659.375000_-6079167.000000i,-627659.375000_-6079167.000000i,0,1,0,0.00
1386956883,2,2,2,7353,-2.094395,0.000000,-2.094395,-89.016899,0.103248,-50.265797,-627659.375000_-6079167.000000i,-627659.375000_-6079167.000000i,0,1,0,0.00
1386956884,2,2,2,7353,-2.094395,0.000000,-2.094395,-89.179802,0.103248,-50.265797,-627659.375000_-6079167.000000i,-627659.375000_-6079167.000000i,0,1,0,0.00
1386956884,2,2,2,7353,-2.094395,0.000000,-2.094395,-89.342697,0.103248,-50.265797,-627659.375000_-6079167.000000i,-627659.375000_-6079167.000000i,0,1,0,0.00
1386956884,2,2,2,7353,-2.094395,0.000000,-2.094395,-89.505600,0.103248,-50.265797,-627659.375000_-6079167.000000i,-627659.375000_-6079167.000000i,0,1,0,0.00
1386956884,2,2,2,7353,-2.094395,0.000000,-2.094395,-89.654533,0.103248,-50.265797,-627659.375000_-6079167.000000i,-627659.375000_-6079167.000000i,0,1,0,0.00
1386956885,2,2,2,7353,-2.094395,0.000000,-2.094395,-89.761581,0.103248,-50.265797,-627659.375000_-6079167.000000i,-627659.375000_-6079167.000000i,0,1,0,0.00
1386956885,2,2,2,7353,-2.094395,0.000000,-2.094395,-89.840698,0.103248,-50.265797,-627659.375000_-6079167.000000i,-627659.375000_-6079167.000000i,0,1,0,0.00
1386956885,2,2,2,7353,-2.094395,0.000000,-2.094395,-89.901207,0.103248,-50.265797,-627659.375000_-6079167.000000i,-627659.375000_-6079167.000000i,0,1,0,0.00
1386956885,2,2,2,7353,-2.094395,0.000000,-2.094395,-89.943092,0.103248,-50.265797,-627659.375000_-6079167.000000i,-627659.375000_-6079167.000000i,0,1,0,0.00
1386956886,2,2,2,7353,-2.094395,0.000000,-2.094395,-89.975670,0.103248,-50.265797,-627659.375000_-6079167.000000i,-627659.375000_-6079167.000000i,0,1,0,0.00
1386956886,2,2,2,7353,-2.094395,0.000000,-2.094395,-89.998947,0.103248,-50.265797,-627659.375000_-6079167.000000i,-627659.375000_-6079167.000000i,0,1,0,0.00
1386956886,2,2,2,7353,-2.094395,0.000000,-2.094395,-90.012901,0.103248,-50.265797,-627659.375000_-6079167.000000i,-627659.375000_-6079167.000000i,0,1,0,0.00
1386956886,2,2,2,7353,-2.094395,0.000000,-2.094395,-90.026863,0.103248,-50.265797,-627659.375000_-6079167.000000i,-627659.375000_-6079167.000000i,0,1,0,0.00
1386956887,2,2,2,7353,-2.094395,0.000000,-2.094395,-90.036171,0.103248,-50.265797,-627659.375000_-6079167.000000i,-627659.375000_-6079167.000000i,0,1,0,0.00
1386956887,2,2,2,7353,-2.094395,0.000000,-2.094395,-90.040825,0.103248,-50.265797,-627659.375000_-6079167.000000i,-627659.375000_-6079167.000000i,0,1,0,0.00
1386956887,2,2,2,7353,-2.094395,0.000000,-2.094395,-90.045479,0.103248,-50.265797,-627659.375000_-6079167.000000i,-627659.375000_-6079167.000000i,0,1,0,0.00
1386956887,2,2,2,7353,-2.094395,0.000000,-2.094395,-90.050133,0.103248,-50.265797,-627659.375000_-6079167.000000i,-627659.375000_-6079167.000000i,0,1,0,0.00
1386956888,2,2,0,7353,-2.094395,0.000000,-2.094395,-90.054779,0.103248,-50.265797,-627659.375000_-6079167.000000i,-627659.375000_-6079167.000000i,0,1,0,0.00
1386956888,0,0,0,14,-2.094395,0.000000,-2.094395,-90.054779,0.103248,-50.265797,-627659.375000_-6079167.000000i,-627659.375000_-6079167.000000i,0,1,0,0.00
1386956888,0,0,0,14,-2.094395,0.000000,-2.094395,-90.054779,0.103248,-50.265797,-627659.375000_-6079167.000000i,-627659.375000_-6079167.000000i,0,1,0,0.00
1386956888,0,0,0,14,-2.094395,0.000000,-2.094395,-90.054779,0.103248,-50.265797,-627659.375000_-6079167.000000i,-627659.375000_-6079167.000000i,0,1,0,0.00
1386956889,0,0,0,14,-2.094395,0.000000,-2.094395,-90.054779,0.103248,-50.265797,-627659.375000_-6079167.000000i,-627659.375000_-6079167.000000i,0,1,0,0.00
1386956889,0,0,0,14,-2.094395,0.000000,-2.094395,-90.054779,0.103248,-50.265797,-627659.375000_-6079167.000000i,-627659.375000_-6079167.000000i,0,1,0,0.00
1386956889,0,0,0,14,-2.094395,0.000000,-2.094395,-90.054779,0.103248,-50.265797,-627659.375000_-6079167.000000i,-627659.375000_-6079167.000000i,0,1,0,0.00
1386956889,0,0,0,14,-2.094395,0.000000,-2.094395,-90.054779,0.103248,-50.265797,-627659.375000_-6079167.000000i,-627659.375000_-6079167.000000i,0,1,0,0.00
1386956890,0,0,0,14,-2.094395,0.000000,-2.094395,-90.054779,0.103248,-50.265797,-627659.375000_-6079167.000000i,-627659.375000_-6079167.000000i,0,1,0,0.00
1386956890,0,0,0,14,-2.094395,0.000000,-2.094395,-90.054779,0.103248,-50.265797,-627659.375000_-6079167.000000i,-627659.375000_-6079167.000000i,0,1,0,0.00
1386956890,0,0,0,14,-2.094395,0.000000,-2.094395,-90.054779,0.103248,-50.265797,-627659.375000_-6079167.000000i,-627659.375000_-6079167.000000i,0,1,0,0.00
1386956890,0,0,0,14,-2.094395,0.000000,-2.094395,-90.054779,0.103248,-50.265797,-627659.375000_-6079167.000000i,-627659.375000_-6079167.000000i,0,1,0,0.00
1386956891,0,0,0,14,-2.094395,0.000000,-2.094395,-90.054779,0.103248,-50.265797,-627659.375000_-6079167.000000i,-627659.375000_-6079167.000000i,0,1,0,0.00
