MCU_timestamp,sig1,sig2,sig3,fa_debug,theta_d1,theta_d,theta_d1_b,theta_b,a_x,b_x,X_b,X_T_b,sail_hc_periods,sail_hc_direction,sail_hc_val,sail_hc_MEAN_V
1386876595,1,2,2,7353,-7.957750,0.000000,-2.094395,-1.053255,0.576525,-57.714401,-629118.750000_-6077490.500000i,-3051705.250000_-5293276.500000i,0,1,0,0.00
1386876595,2,2,2,7353,-7.957750,0.000000,-2.094395,-1.053255,0.576525,-57.714401,-629118.750000_-6077490.500000i,-3051705.250000_-5293276.500000i,0,1,0,0.00
1386876596,2,2,2,7353,-7.957750,0.000000,-2.094395,-1.053255,0.576525,-57.714401,-629118.750000_-6077490.500000i,-3051705.250000_-5293276.500000i,0,1,0,0.00
1386876596,2,2,2,7353,-7.957750,0.000000,-2.094395,-1.053255,0.576525,-57.714401,-629118.750000_-6077490.500000i,-3051705.250000_-5293276.500000i,0,1,0,0.00
1386876596,2,2,2,7353,-7.957750,0.000000,-2.094395,-1.053255,0.576525,-57.714401,-629118.750000_-6077490.500000i,-3051705.250000_-5293276.500000i,0,1,0,0.00
1386876596,2,2,2,7353,-7.957750,0.000000,-2.094395,-1.053255,0.576525,-57.714401,-629118.750000_-6077490.500000i,-3051705.250000_-5293276.500000i,0,1,0,0.00
1386876597,2,2,2,7353,-7.957750,0.000000,-2.094395,-1.053255,0.576525,-57.714401,-629118.750000_-6077490.500000i,-3051705.250000_-5293276.500000i,0,1,0,0.00
1386876597,2,2,2,7353,-7.957750,0.000000,-2.094395,-1.053255,0.576525,-57.714401,-629118.750000_-6077490.500000i,-3051705.250000_-5293276.500000i,0,1,0,0.00
1386876597,2,2,2,7353,-7.957750,0.000000,-2.094395,-1.053255,0.576525,-57.714401,-629118.750000_-6077490.500000i,-3051705.250000_-5293276.500000i,0,1,0,0.00
1386876597,2,2,2,7353,-7.957750,0.000000,-2.094395,-1.053255,0.576525,-57.714401,-629118.750000_-6077490.500000i,-3051705.250000_-5293276.500000i,0,1,0,0.00
1386876598,2,2,2,7353,-7.957750,0.000000,-2.094395,-1.053255,0.576525,-57.714401,-629118.750000_-6077490.500000i,-3051705.250000_-5293276.500000i,0,1,0,0.00
1386876598,2,2,2,7353,-7.957750,0.000000,-2.094395,-1.053255,0.576525,-57.714401,-629118.750000_-6077490.500000i,-3051705.250000_-5293276.500000i,0,1,0,0.00
1386876598,2,2,2,7353,-7.957750,0.000000,-2.094395,-1.053255,0.576525,-57.714401,-629118.750000_-6077490.500000i,-3051705.250000_-5293276.500000i,0,1,0,0.00
1386876598,2,2,2,7353,-7.957750,0.000000,-2.094395,-1.053255,0.576525,-57.714401,-629118.750000_-6077490.500000i,-3051705.250000_-5293276.500000i,0,1,0,0.00
1386876599,2,2,2,7353,-7.957750,0.000000,-2.094395,-1.053255,0.576525,-57.714401,-629118.750000_-6077490.500000i,-3051705.250000_-5293276.500000i,0,1,0,0.00
1386876599,2,2,2,7353,-7.957750,0.000000,-2.094395,-1.053255,0.576525,-57.714401,-629118.750000_-6077490.500000i,-3051705.250000_-5293276.500000i,0,1,0,0.00
1386876599,2,2,2,7353,-7.957750,0.000000,-2.094395,-1.053255,0.576525,-57.714401,-629118.750000_-6077490.500000i,-3051705.250000_-5293276.500000i,0,1,0,0.00
1386876599,2,2,2,7353,-7.957750,0.000000,-2.094395,-1.053255,0.576525,-57.714401,-629118.750000_-6077490.500000i,-3051705.250000_-5293276.500000i,0,1,0,0.00
1386876600,2,2,2,7353,-7.957750,0.000000,-2.094395,-1.053255,0.576525,-57.714401,-629118.750000_-6077490.500000i,-3051705.250000_-5293276.500000i,0,1,0,0.00
1386876600,2,2,2,7353,-7.957750,0.000000,-2.094395,-1.053255,0.576525,-57.714401,-629118.750000_-6077490.500000i,-3051705.250000_-5293276.500000i,0,1,0,0.00
1386876600,2,2,2,7353,-7.957750,0.000000,-2.094395,-1.053255,0.576525,-57.714401,-629118.750000_-6077490.500000i,-3051705.250000_-5293276.500000i,0,1,0,0.00
1386876600,2,2,2,7353,-7.957750,0.000000,-2.094395,-1.053255,0.576525,-57.714401,-629118.750000_-6077490.500000i,-3051705.250000_-5293276.500000i,0,1,0,0.00
1386876601,2,2,2,7353,-7.957750,0.000000,-2.094395,-1.053255,0.576525,-57.714401,-629118.750000_-6077490.500000i,-3051705.250000_-5293276.500000i,0,1,0,0.00
1386876601,2,2,2,7353,-7.957750,0.000000,-2.094395,-1.053255,0.576525,-57.714401,-629118.750000_-6077490.500000i,-3051705.250000_-5293276.500000i,0,1,0,0.00
1386876601,2,2,2,7353,-7.957750,0.000000,-2.094395,-1.053255,0.576525,-57.714401,-629118.750000_-6077490.500000i,-3051705.250000_-5293276.500000i,0,1,0,0.00
1386876601,2,2,2,7353,-7.957750,0.000000,-2.094395,-1.053255,0.576525,-57.714401,-629118.750000_-6077490.500000i,-3051705.250000_-5293276.500000i,0,1,0,0.00
1386876602,2,2,2,7353,-7.957750,0.000000,-2.094395,-1.053255,0.576525,-57.714401,-629118.750000_-6077490.500000i,-3051705.250000_-5293276.500000i,0,1,0,0.00
1386876602,2,2,2,7353,-7.957750,0.000000,-2.094395,-1.053255,0.576525,-57.714401,-629118.750000_-6077490.500000i,-3051705.250000_-5293276.500000i,0,1,0,0.00
1386876602,2,2,2,7353,-7.957750,0.000000,-2.094395,-1.053255,0.576525,-57.714401,-629118.750000_-6077490.500000i,-3051705.250000_-5293276.500000i,0,1,0,0.00
1386876602,2,2,2,7353,-7.957750,0.000000,-2.094395,-1.053255,0.576525,-57.714401,-629118.750000_-6077490.500000i,-3051705.250000_-5293276.500000i,0,1,0,0.00
1386876603,2,2,2,7353,-7.957750,0.000000,-2.094395,-1.053255,0.576525,-57.714401,-629118.750000_-6077490.500000i,-3051705.250000_-5293276.500000i,0,1,0,0.00
1386876603,2,2,2,7353,-7.957750,0.000000,-2.094395,-1.053255,0.576525,-57.714401,-629118.750000_-6077490.500000i,-3051705.250000_-5293276.500000i,0,1,0,0.00
1386876603,2,2,2,7353,-7.957750,0.000000,-2.094395,-1.053255,0.576525,-57.714401,-629118.750000_-6077490.500000i,-3051705.250000_-5293276.500000i,0,1,0,0.00
1386876603,2,2,2,7353,-7.957750,0.000000,-2.094395,-1.053255,0.576525,-57.714401,-629118.750000_-6077490.500000i,-3051705.250000_-5293276.500000i,0,1,0,0.00
1386876604,2,2,2,7353,-7.957750,0.000000,-2.094395,-1.053255,0.576525,-57.714401,-629118.750000_-6077490.500000i,-3051705.250000_-5293276.500000i,0,1,0,0.00
1386876604,2,2,2,7353,-7.957750,0.000000,-2.094395,-1.053255,0.576525,-57.714401,-629118.750000_-6077490.500000i,-3051705.250000_-5293276.500000i,0,1,0,0.00
1386876604,2,2,2,7353,-7.957750,0.000000,-2.094395,-1.053255,0.576525,-57.714401,-629118.750000_-6077490.500000i,-3051705.250000_-5293276.500000i,0,1,0,0.00
1386876604,2,2,2,7353,-7.957750,0.000000,-2.094395,-1.053255,0.576525,-57.714401,-629118.750000_-6077490.500000i,-3051705.250000_-5293276.500000i,0,1,0,0.00
1386876605,2,2,2,7353,-7.957750,0.000000,-2.094395,-1.053255,0.576525,-57.714401,-629118.750000_-6077490.500000i,-3051705.250000_-5293276.500000i,0,1,0,0.00
1386876605,2,2,2,7353,-7.957750,0.000000,-2.094395,-1.216152,0.576525,-57.714401,-629118.750000_-6077490.500000i,-3051705.250000_-5293276.500000i,0,1,0,0.00
1386876605,2,2,2,7353,-7.957750,0.000000,-2.094395,-1.379050,0.576525,-57.714401,-629118.750000_-6077490.500000i,-3051705.250000_-5293276.500000i,0,1,0,0.00
1386876605,2,2,2,7353,-7.957750,0.000000,-2.094395,-1.541947,0.576525,-57.714401,-629118.750000_-6077490.500000i,-3051705.250000_-5293276.500000i,0,1,0,0.00
1386876606,2,2,2,7353,-7.957750,0.000000,-2.094395,-1.690881,0.576525,-57.714401,-629118.750000_-6077490.500000i,-3051705.250000_-5293276.500000i,0,1,0,0.00
1386876606,2,2,2,7353,-7.957750,0.000000,-2.094395,-1.797929,0.576525,-57.714401,-629118.750000_-6077490.500000i,-3051705.250000_-5293276.500000i,0,1,0,0.00
1386876606,2,2,2,7353,-7.957750,0.000000,-2.094395,-1.877051,0.576525,-57.714401,-629118.750000_-6077490.500000i,-3051705.250000_-5293276.500000i,0,1,0,0.00
1386876606,2,2,2,7353,-7.957750,0.000000,-2.094395,-1.932901,0.576525,-57.714401,-629118.750000_-6077490.500000i,-3051705.250000_-5293276.500000i,0,1,0,0.00
1386876607,2,2,2,7353,-7.957750,0.000000,-2.094395,-1.974789,0.576525,-57.714401,-629118.750000_-6077490.500000i,-3051705.250000_-5293276.500000i,0,1,0,0.00
1386876607,2,2,2,7353,-7.957750,0.000000,-2.094395,-2.007369,0.576525,-57.714401,-629118.750000_-6077490.500000i,-3051705.250000_-5293276.500000i,0,1,0,0.00
1386876607,2,2,2,7353,-7.957750,0.000000,-2.094395,-2.030639,0.576525,-57.714401,-629118.750000_-6077490.500000i,-3051705.250000_-5293276.500000i,0,1,0,0.00
1386876607,2,2,2,7353,-7.957750,0.000000,-2.094395,-2.049256,0.576525,-57.714401,-629118.750000_-6077490.500000i,-3051705.250000_-5293276.500000i,0,1,0,0.00
1386876608,2,2,2,7353,-7.957750,0.000000,-2.094395,-2.063219,0.576525,-57.714401,-629118.750000_-6077490.500000i,-3051705.250000_-5293276.500000i,0,1,0,0.00
1386876608,2,2,2,7353,-7.957750,0.000000,-2.094395,-2.072527,0.576525,-57.714401,-629118.750000_-6077490.500000i,-3051705.250000_-5293276.500000i,0,1,0,0.00
1386876608,2,2,2,7353,-7.957750,0.000000,-2.094395,-2.077181,0.576525,-57.714401,-629118.750000_-6077490.500000i,-3051705.250000_-5293276.500000i,0,1,0,0.00
1386876608,2,2,2,7353,-7.957750,0.000000,-2.094395,-2.081835,0.576525,-57.714401,-629118.750000_-6077490.500000i,-3051705.250000_-5293276.500000i,0,1,0,0.00
1386876609,2,2,2,7353,-7.957750,0.000000,-2.094395,-2.086489,0.576525,-57.714401,-629118.750000_-6077490.500000i,-3051705.250000_-5293276.500000i,0,1,0,0.00
1386876609,2,2,2,7353,-7.957750,0.000000,-2.094395,-2.086489,0.576525,-57.714401,-629118.750000_-6077490.500000i,-3051705.250000_-5293276.500000i,0,1,0,0.00
1386876609,2,2,2,7353,-7.957750,0.000000,-2.094395,-2.086489,0.576525,-57.714401,-629118.750000_-6077490.500000i,-3051705.250000_-5293276.500000i,0,1,0,0.00
1386876609,2,2,2,7353,-7.957750,0.000000,-2.094395,-2.086489,0.576525,-57.714401,-629118.750000_-6077490.500000i,-3051705.250000_-5293276.500000i,0,1,0,0.00
1386876610,2,2,0,7353,-7.957750,0.000000,-2.094395,-2.086489,0.576525,-57.714401,-629118.750000_-6077490.500000i,-3051705.250000_-5293276.500000i,0,1,0,0.00
1386876610,1,1,1,7353,-6.910552,0.000000,-1.047198,-2.086489,0.576525,-57.714798,-629118.750000_-6077490.500000i,-3051705.250000_-5293276.500000i,0,1,0,0.00
1386876610,1,1,1,7353,-6.910552,0.000000,-1.047198,-2.086489,0.576525,-57.714798,-629118.750000_-6077490.500000i,-3051705.250000_-5293276.500000i,0,1,0,0.00
1386876610,1,1,1,7353,-6.910552,0.000000,-1.047198,-2.086489,0.576525,-57.714798,-629118.750000_-6077490.500000i,-3051705.250000_-5293276.500000i,0,1,0,0.00
1386876611,1,1,1,7353,-6.910552,0.000000,-1.047198,-2.086489,0.576525,-57.714798,-629118.750000_-6077490.500000i,-3051705.250000_-5293276.500000i,0,1,0,0.00
1386876611,1,1,1,7353,-6.910552,0.000000,-1.047198,-2.086489,0.576525,-57.714798,-629118.750000_-6077490.500000i,-3051705.250000_-5293276.500000i,0,1,0,0.00
1386876611,1,1,1,7353,-6.910552,0.000000,-1.047198,-2.086489,0.576525,-57.714798,-629118.750000_-6077490.500000i,-3051705.250000_-5293276.500000i,0,1,0,0.00
1386876611,1,1,1,7353,-6.910552,0.000000,-1.047198,-2.086489,0.576525,-57.714798,-629118.750000_-6077490.500000i,-3051705.250000_-5293276.500000i,0,1,0,0.00
1386876612,1,1,1,7353,-6.910552,0.000000,-1.047198,-2.086489,0.576525,-57.714798,-629118.750000_-6077490.500000i,-3051705.250000_-5293276.500000i,0,1,0,0.00
1386876612,1,1,1,7353,-6.910552,0.000000,-1.047198,-2.086489,0.576525,-57.714798,-629118.750000_-6077490.500000i,-3051705.250000_-5293276.500000i,0,1,0,0.00
1386876612,1,1,1,7353,-6.910552,0.000000,-1.047198,-2.086489,0.576525,-57.714798,-629118.750000_-6077490.500000i,-3051705.250000_-5293276.500000i,0,1,0,0.00
1386876612,1,1,1,7353,-6.910552,0.000000,-1.047198,-2.086489,0.576525,-57.714798,-629118.750000_-6077490.500000i,-3051705.250000_-5293276.500000i,0,1,0,0.00
1386876613,1,1,1,7353,-6.910552,0.000000,-1.047198,-2.086489,0.576525,-57.714798,-629118.750000_-6077490.500000i,-3051705.250000_-5293276.500000i,0,1,0,0.00
1386876613,1,1,1,7353,-6.910552,0.000000,-1.047198,-2.086489,0.576525,-57.714798,-629118.750000_-6077490.500000i,-3051705.250000_-5293276.500000i,0,1,0,0.00
1386876613,1,1,1,7353,-6.910552,0.000000,-1.047198,-2.086489,0.576525,-57.714798,-629118.750000_-6077490.500000i,-3051705.250000_-5293276.500000i,0,1,0,0.00
1386876614,1,1,1,7353,-6.910552,0.000000,-1.047198,-2.086489,0.576525,-57.714798,-629118.750000_-6077490.500000i,-3051705.250000_-5293276.500000i,0,1,0,0.00
1386876614,1,1,1,7353,-6.910552,0.000000,-1.047198,-2.086489,0.576525,-57.714798,-629118.750000_-6077490.500000i,-3051705.250000_-5293276.500000i,0,1,0,0.00
1386876614,1,1,1,7353,-6.910552,0.000000,-1.047198,-2.086489,0.576525,-57.714798,-629118.750000_-6077490.500000i,-3051705.250000_-5293276.500000i,0,1,0,0.00
1386876614,1,1,1,7353,-6.910552,0.000000,-1.047198,-2.086489,0.576525,-57.714798,-629118.750000_-6077490.500000i,-3051705.250000_-5293276.500000i,0,1,0,0.00
1386876615,1,1,1,7353,-6.910552,0.000000,-1.047198,-1.923592,0.576525,-57.714798,-629118.750000_-6077490.500000i,-3051705.250000_-5293276.500000i,0,1,0,0.00
1386876615,1,1,1,7353,-6.910552,0.000000,-1.047198,-1.760695,0.576525,-57.714798,-629118.750000_-6077490.500000i,-3051705.250000_-5293276.500000i,0,1,0,0.00
1386876615,1,1,1,7353,-6.910552,0.000000,-1.047198,-1.597798,0.576525,-57.714798,-629118.750000_-6077490.500000i,-3051705.250000_-5293276.500000i,0,1,0,0.00
1386876615,1,1,1,7353,-6.910552,0.000000,-1.047198,-1.448864,0.576525,-57.714798,-629118.750000_-6077490.500000i,-3051705.250000_-5293276.500000i,0,1,0,0.00
1386876616,1,1,1,7353,-6.910552,0.000000,-1.047198,-1.341817,0.576525,-57.714798,-629118.750000_-6077490.500000i,-3051705.250000_-5293276.500000i,0,1,0,0.00
1386876616,1,1,1,7353,-6.910552,0.000000,-1.047198,-1.262695,0.576525,-57.714798,-629118.750000_-6077490.500000i,-3051705.250000_-5293276.500000i,0,1,0,0.00
1386876616,1,1,1,7353,-6.910552,0.000000,-1.047198,-1.206844,0.576525,-57.714798,-629118.750000_-6077490.500000i,-3051705.250000_-5293276.500000i,0,1,0,0.00
1386876616,1,1,1,7353,-6.910552,0.000000,-1.047198,-1.164957,0.576525,-57.714798,-629118.750000_-6077490.500000i,-3051705.250000_-5293276.500000i,0,1,0,0.00
1386876617,1,1,1,7353,-6.910552,0.000000,-1.047198,-1.132377,0.576525,-57.714798,-629118.750000_-6077490.500000i,-3051705.250000_-5293276.500000i,0,1,0,0.00
1386876617,1,1,1,7353,-6.910552,0.000000,-1.047198,-1.109106,0.576525,-57.714798,-629118.750000_-6077490.500000i,-3051705.250000_-5293276.500000i,0,1,0,0.00
1386876617,1,1,1,7353,-6.910552,0.000000,-1.047198,-1.090489,0.576525,-57.714798,-629118.750000_-6077490.500000i,-3051705.250000_-5293276.500000i,0,1,0,0.00
1386876617,1,1,1,7353,-6.910552,0.000000,-1.047198,-1.081180,0.576525,-57.714798,-629118.750000_-6077490.500000i,-3051705.250000_-5293276.500000i,0,1,0,0.00
1386876618,1,1,1,7353,-6.910552,0.000000,-1.047198,-1.071872,0.576525,-57.714798,-629118.750000_-6077490.500000i,-3051705.250000_-5293276.500000i,0,1,0,0.00
1386876618,1,1,1,7353,-6.910552,0.000000,-1.047198,-1.067217,0.576525,-57.714798,-629118.750000_-6077490.500000i,-3051705.250000_-5293276.500000i,0,1,0,0.00
1386876618,1,1,1,7353,-6.910552,0.000000,-1.047198,-1.062564,0.576525,-57.714798,-629118.750000_-6077490.500000i,-3051705.250000_-5293276.500000i,0,1,0,0.00
1386876618,1,1,1,7353,-6.910552,0.000000,-1.047198,-1.057910,0.576525,-57.714798,-629118.750000_-6077490.500000i,-3051705.250000_-5293276.500000i,0,1,0,0.00
1386876619,1,1,1,7353,-6.910552,0.000000,-1.047198,-1.053256,0.576525,-57.714798,-629118.750000_-6077490.500000i,-3051705.250000_-5293276.500000i,0,1,0,0.00
1386876619,1,1,1,7353,-6.910552,0.000000,-1.047198,-1.053256,0.576525,-57.714798,-629118.750000_-6077490.500000i,-3051705.250000_-5293276.500000i,0,1,0,0.00
1386876619,1,1,1,7353,-6.910552,0.000000,-1.047198,-1.053256,0.576525,-57.714798,-629118.750000_-6077490.500000i,-3051705.250000_-5293276.500000i,0,1,0,0.00
1386876619,1,1,0,7353,-6.910552,0.000000,-1.047198,-1.053256,0.576525,-57.714798,-629118.750000_-6077490.500000i,-3051705.250000_-5293276.500000i,0,1,0,0.00
