MCU_timestamp,sig1,sig2,sig3,fa_debug,theta_d1,theta_d,theta_d1_b,theta_b,a_x,b_x,X_b,X_T_b,sail_hc_periods,sail_hc_direction,sail_hc_val,sail_hc_MEAN_V
1386961617,1,2,2,7353,-2.094395,0.000000,-2.094395,-90.054840,0.103216,-50.265633,-627436.250000_-6078889.500000i,-627436.250000_-6078889.500000i,0,1,0,0.00
1386961617,2,2,2,7353,-2.094395,0.000000,-2.094395,-89.891945,0.103216,-50.265633,-627436.250000_-6078889.500000i,-627436.250000_-6078889.500000i,0,1,0,0.00
1386961618,2,2,2,7353,-2.094395,0.000000,-2.094395,-89.729042,0.103216,-50.265633,-627436.250000_-6078889.500000i,-627436.250000_-6078889.500000i,0,1,0,0.00
1386961618,2,2,2,7353,-2.094395,0.000000,-2.094395,-89.566139,0.103216,-50.265633,-627436.250000_-6078889.500000i,-627436.250000_-6078889.500000i,0,1,0,0.00
1386961618,2,2,2,7353,-2.094395,0.000000,-2.094395,-89.417206,0.103216,-50.265633,-627436.250000_-6078889.500000i,-627436.250000_-6078889.500000i,0,1,0,0.00
1386961618,2,2,2,7353,-2.094395,0.000000,-2.094395,-89.310165,0.103216,-50.265633,-627436.250000_-6078889.500000i,-627436.250000_-6078889.500000i,0,1,0,0.00
1386961619,2,2,2,7353,-2.094395,0.000000,-2.094395,-89.231041,0.103216,-50.265633,-627436.250000_-6078889.500000i,-627436.250000_-6078889.500000i,0,1,0,0.00
1386961619,2,2,2,7353,-2.094395,0.000000,-2.094395,-89.170540,0.103216,-50.265633,-627436.250000_-6078889.500000i,-627436.250000_-6078889.500000i,0,1,0,0.00
1386961619,2,2,2,7353,-2.094395,0.000000,-2.094395,-89.128647,0.103216,-50.265633,-627436.250000_-6078889.500000i,-627436.250000_-6078889.500000i,0,1,0,0.00
1386961619,2,2,2,7353,-2.094395,0.000000,-2.094395,-89.096069,0.103216,-50.265633,-627436.250000_-6078889.500000i,-627436.250000_-6078889.500000i,0,1,0,0.00
1386961620,2,2,2,7353,-2.094395,0.000000,-2.094395,-89.072800,0.103216,-50.265633,-627436.250000_-6078889.500000i,-627436.250000_-6078889.500000i,0,1,0,0.00
1386961620,2,2,2,7353,-2.094395,0.000000,-2.094395,-89.058838,0.103216,-50.265633,-627436.250000_-6078889.500000i,-627436.250000_-6078889.500000i,0,1,0,0.00
1386961620,2,2,2,7353,-2.094395,0.000000,-2.094395,-89.044876,0.103216,-50.265633,-627436.250000_-6078889.500000i,-627436.250000_-6078889.500000i,0,1,0,0.00
1386961620,2,2,2,7353,-2.094395,0.000000,-2.094395,-89.035568,0.103216,-50.265633,-627436.250000_-6078889.500000i,-627436.250000_-6078889.500000i,0,1,0,0.00
1386961621,2,2,2,7353,-2.094395,0.000000,-2.094395,-89.030922,0.103216,-50.265633,-627436.250000_-6078889.500000i,-627436.250000_-6078889.500000i,0,1,0,0.00
1386961621,2,2,2,7353,-2.094395,0.000000,-2.094395,-89.026268,0.103216,-50.265633,-627436.250000_-6078889.500000i,-627436.250000_-6078889.500000i,0,1,0,0.00
1386961621,2,2,2,7353,-2.094395,0.000000,-2.094395,-89.021614,0.103216,-50.265633,-627436.250000_-6078889.500000i,-627436.250000_-6078889.500000i,0,1,0,0.00
1386961621,2,2,2,7353,-2.094395,0.000000,-2.094395,-89.016960,0.103216,-50.265633,-627436.250000_-6078889.500000i,-627436.250000_-6078889.500000i,0,1,0,0.00
1386961622,2,2,2,7353,-2.094395,0.000000,-2.094395,-89.016960,0.103216,-50.265633,-627436.250000_-6078889.500000i,-627436.250000_-6078889.500000i,0,1,0,0.00
1386961622,2,2,2,7353,-2.094395,0.000000,-2.094395,-89.016960,0.103216,-50.265633,-627436.250000_-6078889.500000i,-627436.250000_-6078889.500000i,0,1,0,0.00
1386961622,2,2,2,7353,-2.094395,0.000000,-2.094395,-89.016960,0.103216,-50.265633,-627436.250000_-6078889.500000i,-627436.250000_-6078889.500000i,0,1,0,0.00
1386961622,2,2,2,7353,-2.094395,0.000000,-2.094395,-89.016960,0.103216,-50.265633,-627436.250000_-6078889.500000i,-627436.250000_-6078889.500000i,0,1,0,0.00
1386961623,2,2,2,7353,-2.094395,0.000000,-2.094395,-89.016960,0.103216,-50.265633,-627436.250000_-6078889.500000i,-627436.250000_-6078889.500000i,0,1,0,0.00
1386961623,2,2,2,7353,-2.094395,0.000000,-2.094395,-89.016960,0.103216,-50.265633,-627436.250000_-6078889.500000i,-627436.250000_-6078889.500000i,0,1,0,0.00
1386961623,2,2,2,7353,-2.094395,0.000000,-2.094395,-89.016960,0.103216,-50.265633,-627436.250000_-6078889.500000i,-627436.250000_-6078889.500000i,0,1,0,0.00
1386961623,2,2,2,7353,-2.094395,0.000000,-2.094395,-89.179863,0.103216,-50.265633,-627436.250000_-6078889.500000i,-627436.250000_-6078889.500000i,0,1,0,0.00
1386961624,2,2,2,7353,-2.094395,0.000000,-2.094395,-89.342758,0.103216,-50.265633,-627436.250000_-6078889.500000i,-627436.250000_-6078889.500000i,0,1,0,0.00
1386961624,2,2,2,7353,-2.094395,0.000000,-2.094395,-89.505661,0.103216,-50.265633,-627436.250000_-6078889.500000i,-627436.250000_-6078889.500000i,0,1,0,0.00
1386961624,2,2,2,7353,-2.094395,0.000000,-2.094395,-89.654594,0.103216,-50.265633,-627436.250000_-6078889.500000i,-627436.250000_-6078889.500000i,0,1,0,0.00
1386961624,2,2,2,7353,-2.094395,0.000000,-2.094395,-89.761642,0.103216,-50.265633,-627436.250000_-6078889.500000i,-627436.250000_-6078889.500000i,0,1,0,0.00
1386961625,2,2,2,7353,-2.094395,0.000000,-2.094395,-89.840759,0.103216,-50.265633,-627436.250000_-6078889.500000i,-627436.250000_-6078889.500000i,0,1,0,0.00
1386961625,2,2,2,7353,-2.094395,0.000000,-2.094395,-89.901268,0.103216,-50.265633,-627436.250000_-6078889.500000i,-627436.250000_-6078889.500000i,0,1,0,0.00
1386961625,2,2,2,7353,-2.094395,0.000000,-2.094395,-89.943153,0.103216,-50.265633,-627436.250000_-6078889.500000i,-627436.250000_-6078889.500000i,0,1,0,0.00
1386961625,2,2,2,7353,-2.094395,0.000000,-2.094395,-89.975731,0.103216,-50.265633,-627436.250000_-6078889.500000i,-627436.250000_-6078889.500000i,0,1,0,0.00
1386961626,2,2,2,7353,-2.094395,0.000000,-2.094395,-89.999008,0.103216,-50.265633,-627436.250000_-6078889.500000i,-627436.250000_-6078889.500000i,0,1,0,0.00
1386961626,2,2,2,7353,-2.094395,0.000000,-2.094395,-90.012962,0.103216,-50.265633,-627436.250000_-6078889.500000i,-627436.250000_-6078889.500000i,0,1,0,0.00
1386961626,2,2,2,7353,-2.094395,0.000000,-2.094395,-90.026924,0.103216,-50.265633,-627436.250000_-6078889.500000i,-627436.250000_-6078889.500000i,0,1,0,0.00
1386961626,2,2,2,0,-2.094395,0.000000,-2.094395,-90.026924,0.103216,-50.265633,-627436.250000_-6078889.500000i,-627436.250000_-6078889.500000i,0,1,0,0.00
1386961627,2,2,2,0,-2.094395,0.000000,-2.094395,-90.026924,0.103216,-50.265633,-627436.250000_-6078889.500000i,-627436.250000_-6078889.500000i,0,1,0,0.00
1386961627,2,2,2,0,-2.094395,0.000000,-2.094395,-90.026924,0.103216,-50.265633,-627436.250000_-6078889.500000i,-627436.250000_-6078889.500000i,0,1,0,0.00
1386961627,2,2,2,0,-2.094395,0.000000,-2.094395,-90.026924,0.103216,-50.265633,-627436.250000_-6078889.500000i,-627436.250000_-6078889.500000i,0,1,0,0.00
1386961627,2,2,2,0,-2.094395,0.000000,-2.094395,-90.026924,0.103216,-50.265633,-627436.250000_-6078889.500000i,-627436.250000_-6078889.500000i,0,1,0,0.00
1386961628,2,2,2,0,-2.094395,0.000000,-2.094395,-90.026924,0.103216,-50.265633,-627436.250000_-6078889.500000i,-627436.250000_-6078889.500000i,0,1,0,0.00
1386961628,2,2,2,0,-2.094395,0.000000,-2.094395,-90.026924,0.103216,-50.265633,-627436.250000_-6078889.500000i,-627436.250000_-6078889.500000i,0,1,0,0.00
1386961628,2,2,2,0,-2.094395,0.000000,-2.094395,-90.026924,0.103216,-50.265633,-627436.250000_-6078889.500000i,-627436.250000_-6078889.500000i,0,1,0,0.00
1386961628,2,2,2,0,-2.094395,0.000000,-2.094395,-90.026924,0.103216,-50.265633,-627436.250000_-6078889.500000i,-627436.250000_-6078889.500000i,0,1,0,0.00
1386961629,2,2,2,0,-2.094395,0.000000,-2.094395,-90.026924,0.103216,-50.265633,-627436.250000_-6078889.500000i,-627436.250000_-6078889.500000i,0,1,0,0.00
1386961629,2,2,2,0,-2.094395,0.000000,-2.094395,-90.026924,0.103216,-50.265633,-627436.250000_-6078889.500000i,-627436.250000_-6078889.500000i,0,1,0,0.00
1386961629,2,2,2,0,-2.094395,0.000000,-2.094395,-90.026924,0.103216,-50.265633,-627436.250000_-6078889.500000i,-627436.250000_-6078889.500000i,0,1,0,0.00
1386961629,2,2,2,0,-2.094395,0.000000,-2.094395,-90.026924,0.103216,-50.265633,-627436.250000_-6078889.500000i,-627436.250000_-6078889.500000i,0,1,0,0.00
1386961630,2,2,2,0,-2.094395,0.000000,-2.094395,-90.026924,0.103216,-50.265633,-627436.250000_-6078889.500000i,-627436.250000_-6078889.500000i,0,1,0,0.00
1386961630,2,2,2,0,-2.094395,0.000000,-2.094395,-90.026924,0.103216,-50.265633,-627436.250000_-6078889.500000i,-627436.250000_-6078889.500000i,0,1,0,0.00
1386961630,2,2,2,0,-2.094395,0.000000,-2.094395,-90.026924,0.103216,-50.265633,-627436.250000_-6078889.500000i,-627436.250000_-6078889.500000i,0,1,0,0.00
1386961630,2,2,2,0,-2.094395,0.000000,-2.094395,-90.026924,0.103216,-50.265633,-627436.250000_-6078889.500000i,-627436.250000_-6078889.500000i,0,1,0,0.00
1386961631,2,2,2,0,-2.094395,0.000000,-2.094395,-90.026924,0.103216,-50.265633,-627436.250000_-6078889.500000i,-627436.250000_-6078889.500000i,0,1,0,0.00
1386961631,2,2,2,0,-2.094395,0.000000,-2.094395,-90.026924,0.103216,-50.265633,-627436.250000_-6078889.500000i,-627436.250000_-6078889.500000i,0,1,0,0.00
1386961631,2,2,2,0,-2.094395,0.000000,-2.094395,-90.026924,0.103216,-50.265633,-627436.250000_-6078889.500000i,-627436.250000_-6078889.500000i,0,1,0,0.00
1386961631,2,2,2,0,-2.094395,0.000000,-2.094395,-90.026924,0.103216,-50.265633,-627436.250000_-6078889.500000i,-627436.250000_-6078889.500000i,0,1,0,0.00
1386961632,2,2,2,0,-2.094395,0.000000,-2.094395,-90.026924,0.103216,-50.265633,-627436.250000_-6078889.500000i,-627436.250000_-6078889.500000i,0,1,0,0.00
1386961632,2,2,2,0,-2.094395,0.000000,-2.094395,-90.026924,0.103216,-50.265633,-627436.250000_-6078889.500000i,-627436.250000_-6078889.500000i,0,1,0,0.00
1386961632,2,2,2,0,-2.094395,0.000000,-2.094395,-90.026924,0.103216,-50.265633,-627436.250000_-6078889.500000i,-627436.250000_-6078889.500000i,0,1,0,0.00
1386961632,2,2,2,7353,-2.094395,0.000000,-2.094395,-90.036232,0.103216,-50.265633,119.224716_369.641296i,119.224716_369.641296i,0,1,0,0.00
1386961633,2,2,2,7353,-2.094395,0.000000,-2.094395,-90.040886,0.103216,-50.265633,119.224716_369.641296i,119.224716_369.641296i,0,1,0,0.00
1386961633,2,2,2,7353,-2.094395,0.000000,-2.094395,-90.045540,0.103216,-50.265633,119.224716_369.641296i,119.224716_369.641296i,0,1,0,0.00
1386961633,2,2,2,7353,-2.094395,0.000000,-2.094395,-90.050186,0.103216,-50.265633,119.224716_369.641296i,119.224716_369.641296i,0,1,0,0.00
1386961633,2,2,0,7353,-2.094395,0.000000,-2.094395,-90.054840,0.103216,-50.265633,119.224716_369.641296i,119.224716_369.641296i,0,1,0,0.00
1386961634,1,1,1,7353,0.610865,0.000000,0.610865,-90.054840,0.322542,52.536491,119.224716_369.641296i,119.224716_369.641296i,0,1,0,0.00
1386961634,1,1,1,7353,0.610865,0.000000,0.610865,-90.054840,0.322542,52.536491,119.224716_369.641296i,119.224716_369.641296i,0,1,0,0.00
1386961634,1,1,1,7353,0.610865,0.000000,0.610865,-90.054840,0.322542,52.536491,119.224716_369.641296i,119.224716_369.641296i,0,1,0,0.00
1386961634,1,1,1,7353,0.610865,0.000000,0.610865,-90.054840,0.322542,52.536491,119.224716_369.641296i,119.224716_369.641296i,0,1,0,0.00
1386961635,1,1,1,7353,0.610865,0.000000,0.610865,-90.054840,0.322542,52.536491,119.224716_369.641296i,119.224716_369.641296i,0,1,0,0.00
1386961635,1,1,1,7353,0.610865,0.000000,0.610865,-90.054840,0.322542,52.536491,119.224716_369.641296i,119.224716_369.641296i,0,1,0,0.00
1386961635,1,1,1,7353,0.610865,0.000000,0.610865,-90.054840,0.322542,52.536491,119.224716_369.641296i,119.224716_369.641296i,0,1,0,0.00
1386961635,1,1,1,7353,0.610865,0.000000,0.610865,-90.054840,0.322542,52.536491,119.224716_369.641296i,119.224716_369.641296i,0,1,0,0.00
1386961636,1,1,1,0,0.610865,0.000000,0.610865,-90.054840,0.322542,52.536491,119.224716_369.641296i,119.224716_369.641296i,0,1,0,0.00
1386961636,1,1,1,0,0.610865,0.000000,0.610865,-90.054840,0.322542,52.536491,119.224716_369.641296i,119.224716_369.641296i,0,1,0,0.00
1386961636,1,1,1,0,0.610865,0.000000,0.610865,-90.054840,0.322542,52.536491,119.224716_369.641296i,119.224716_369.641296i,0,1,0,0.00
1386961636,1,1,1,0,0.610865,0.000000,0.610865,-90.054840,0.322542,52.536491,119.224716_369.641296i,119.224716_369.641296i,0,1,0,0.00
1386961637,1,1,1,0,0.610865,0.000000,0.610865,-90.054840,0.322542,52.536491,119.224716_369.641296i,119.224716_369.641296i,0,1,0,0.00
1386961637,1,1,1,0,0.610865,0.000000,0.610865,-90.054840,0.322542,52.536491,119.224716_369.641296i,119.224716_369.641296i,0,1,0,0.00
1386961637,1,1,1,0,0.610865,0.000000,0.610865,-90.054840,0.322542,52.536491,119.224716_369.641296i,119.224716_369.641296i,0,1,0,0.00
1386961637,1,1,1,0,0.610865,0.000000,0.610865,-90.054840,0.322542,52.536491,119.224716_369.641296i,119.224716_369.641296i,0,1,0,0.00
1386961638,1,1,1,0,0.610865,0.000000,0.610865,-90.054840,0.322542,52.536491,119.224716_369.641296i,119.224716_369.641296i,0,1,0,0.00
1386961638,1,1,1,0,0.610865,0.000000,0.610865,-90.054840,0.322542,52.536491,119.224716_369.641296i,119.224716_369.641296i,0,1,0,0.00
1386961638,1,1,1,0,0.610865,0.000000,0.610865,-90.054840,0.322542,52.536491,119.224716_369.641296i,119.224716_369.641296i,0,1,0,0.00
1386961638,1,1,1,0,0.610865,0.000000,0.610865,-90.054840,0.322542,52.536491,119.224716_369.641296i,119.224716_369.641296i,0,1,0,0.00
1386961639,1,1,1,0,0.610865,0.000000,0.610865,-90.054840,0.322542,52.536491,119.224716_369.641296i,119.224716_369.641296i,0,1,0,0.00
1386961639,1,1,1,0,0.610865,0.000000,0.610865,-90.054840,0.322542,52.536491,119.224716_369.641296i,119.224716_369.641296i,0,1,0,0.00
1386961639,1,1,1,0,0.610865,0.000000,0.610865,-90.054840,0.322542,52.536491,119.224716_369.641296i,119.224716_369.641296i,0,1,0,0.00
1386961639,1,1,1,0,0.610865,0.000000,0.610865,-90.054840,0.322542,52.536491,119.224716_369.641296i,119.224716_369.641296i,0,1,0,0.00
1386961640,1,1,1,0,0.610865,0.000000,0.610865,-90.054840,0.322542,52.536491,119.224716_369.641296i,119.224716_369.641296i,0,1,0,0.00
1386961640,1,1,1,0,0.610865,0.000000,0.610865,-90.054840,0.322542,52.536491,119.224716_369.641296i,119.224716_369.641296i,0,1,0,0.00
1386961640,1,1,1,0,0.610865,0.000000,0.610865,-90.054840,0.322542,52.536491,119.224716_369.641296i,119.224716_369.641296i,0,1,0,0.00
1386961640,1,1,1,0,0.610865,0.000000,0.610865,-90.054840,0.322542,52.536491,119.224716_369.641296i,119.224716_369.641296i,0,1,0,0.00
1386961641,1,1,1,0,0.610865,0.000000,0.610865,-90.054840,0.322542,52.536491,119.224716_369.641296i,119.224716_369.641296i,0,1,0,0.00
1386961641,1,1,1,0,0.610865,0.000000,0.610865,-90.054840,0.322542,52.536491,119.224716_369.641296i,119.224716_369.641296i,0,1,0,0.00
1386961641,1,1,1,0,0.610865,0.000000,0.610865,-90.054840,0.322542,52.536491,119.224716_369.641296i,119.224716_369.641296i,0,1,0,0.00
1386961641,1,1,1,0,0.610865,0.000000,0.610865,-90.054840,0.322542,52.536491,119.224716_369.641296i,119.224716_369.641296i,0,1,0,0.00
1386961642,1,1,1,0,0.610865,0.000000,0.610865,-90.054840,0.322542,52.536491,119.224716_369.641296i,119.224716_369.641296i,0,1,0,0.00
1386961642,1,1,1,0,0.610865,0.000000,0.610865,-90.054840,0.322542,52.536491,119.224716_369.641296i,119.224716_369.641296i,0,1,0,0.00
1386961642,1,1,1,0,0.610865,0.000000,0.610865,-90.054840,0.322542,52.536491,119.224716_369.641296i,119.224716_369.641296i,0,1,0,0.00
1386961642,1,1,1,0,0.610865,0.000000,0.610865,-90.054840,0.322542,52.536491,119.224716_369.641296i,119.224716_369.641296i,0,1,0,0.00
1386961643,1,1,1,0,0.610865,0.000000,0.610865,-90.054840,0.322542,52.536491,119.224716_369.641296i,119.224716_369.641296i,0,1,0,0.00
1386961643,1,1,1,0,0.610865,0.000000,0.610865,-90.054840,0.322542,52.536491,119.224716_369.641296i,119.224716_369.641296i,0,1,0,0.00
1386961643,1,1,1,0,0.610865,0.000000,0.610865,-90.054840,0.322542,52.536491,119.224716_369.641296i,119.224716_369.641296i,0,1,0,0.00
1386961643,1,1,1,0,0.610865,0.000000,0.610865,-90.054840,0.322542,52.536491,119.224716_369.641296i,119.224716_369.641296i,0,1,0,0.00
1386961644,1,1,1,0,0.610865,0.000000,0.610865,-90.054840,0.322542,52.536491,119.224716_369.641296i,119.224716_369.641296i,0,1,0,0.00
1386961644,1,1,1,0,0.610865,0.000000,0.610865,-90.054840,0.322542,52.536491,119.224716_369.641296i,119.224716_369.641296i,0,1,0,0.00
1386961644,1,1,1,0,0.610865,0.000000,0.610865,-90.054840,0.322542,52.536491,119.224716_369.641296i,119.224716_369.641296i,0,1,0,0.00
1386961644,1,1,1,0,0.610865,0.000000,0.610865,-90.054840,0.322542,52.536491,119.224716_369.641296i,119.224716_369.641296i,0,1,0,0.00
1386961645,1,1,1,0,0.610865,0.000000,0.610865,-90.054840,0.322542,52.536491,119.224716_369.641296i,119.224716_369.641296i,0,1,0,0.00
1386961645,1,1,1,0,0.610865,0.000000,0.610865,-90.054840,0.322542,52.536491,119.224716_369.641296i,119.224716_369.641296i,0,1,0,0.00
1386961645,1,1,1,0,0.610865,0.000000,0.610865,-90.054840,0.322542,52.536491,119.224716_369.641296i,119.224716_369.641296i,0,1,0,0.00
1386961645,1,1,1,0,0.610865,0.000000,0.610865,-90.054840,0.322542,52.536491,119.224716_369.641296i,119.224716_369.641296i,0,1,0,0.00
1386961646,1,1,1,0,0.610865,0.000000,0.610865,-90.054840,0.322542,52.536491,119.224716_369.641296i,119.224716_369.641296i,0,1,0,0.00
1386961646,1,1,1,0,0.610865,0.000000,0.610865,-90.054840,0.322542,52.536491,119.224716_369.641296i,119.224716_369.641296i,0,1,0,0.00
1386961646,1,1,1,0,0.610865,0.000000,0.610865,-90.054840,0.322542,52.536491,119.224716_369.641296i,119.224716_369.641296i,0,1,0,0.00
1386961646,1,1,1,0,0.610865,0.000000,0.610865,-90.054840,0.322542,52.536491,119.224716_369.641296i,119.224716_369.641296i,0,1,0,0.00
1386961647,1,1,1,0,0.610865,0.000000,0.610865,-90.054840,0.322542,52.536491,119.224716_369.641296i,119.224716_369.641296i,0,1,0,0.00
1386961647,1,1,1,0,0.610865,0.000000,0.610865,-90.054840,0.322542,52.536491,119.224716_369.641296i,119.224716_369.641296i,0,1,0,0.00
1386961647,1,1,1,0,0.610865,0.000000,0.610865,-90.054840,0.322542,52.536491,119.224716_369.641296i,119.224716_369.641296i,0,1,0,0.00
1386961647,1,1,1,0,0.610865,0.000000,0.610865,-90.054840,0.322542,52.536491,119.224716_369.641296i,119.224716_369.641296i,0,1,0,0.00
1386961648,1,1,1,0,0.610865,0.000000,0.610865,-90.054840,0.322542,52.536491,119.224716_369.641296i,119.224716_369.641296i,0,1,0,0.00
1386961648,1,1,1,0,0.610865,0.000000,0.610865,-90.054840,0.322542,52.536491,119.224716_369.641296i,119.224716_369.641296i,0,1,0,0.00
1386961648,1,1,1,0,0.610865,0.000000,0.610865,-90.054840,0.322542,52.536491,119.224716_369.641296i,119.224716_369.641296i,0,1,0,0.00
1386961648,1,1,1,0,0.610865,0.000000,0.610865,-90.054840,0.322542,52.536491,119.224716_369.641296i,119.224716_369.641296i,0,1,0,0.00
1386961649,1,1,1,0,0.610865,0.000000,0.610865,-90.054840,0.322542,52.536491,119.224716_369.641296i,119.224716_369.641296i,0,1,0,0.00
1386961649,1,1,1,0,0.610865,0.000000,0.610865,-90.054840,0.322542,52.536491,119.224716_369.641296i,119.224716_369.641296i,0,1,0,0.00
1386961649,1,1,1,0,0.610865,0.000000,0.610865,-90.054840,0.322542,52.536491,119.224716_369.641296i,119.224716_369.641296i,0,1,0,0.00
1386961649,1,1,1,0,0.610865,0.000000,0.610865,-90.054840,0.322542,52.536491,119.224716_369.641296i,119.224716_369.641296i,0,1,0,0.00
1386961650,1,1,1,0,0.610865,0.000000,0.610865,-90.054840,0.322542,52.536491,119.224716_369.641296i,119.224716_369.641296i,0,1,0,0.00
1386961650,1,1,1,0,0.610865,0.000000,0.610865,-90.054840,0.322542,52.536491,119.224716_369.641296i,119.224716_369.641296i,0,1,0,0.00
1386961650,1,1,1,0,0.610865,0.000000,0.610865,-90.054840,0.322542,52.536491,119.224716_369.641296i,119.224716_369.641296i,0,1,0,0.00
1386961651,1,1,1,0,0.610865,0.000000,0.610865,-90.054840,0.322542,52.536491,119.224716_369.641296i,119.224716_369.641296i,0,1,0,0.00
1386961651,1,1,1,0,0.610865,0.000000,0.610865,-90.054840,0.322542,52.536491,119.224716_369.641296i,119.224716_369.641296i,0,1,0,0.00
1386961651,1,1,1,0,0.610865,0.000000,0.610865,-90.054840,0.322542,52.536491,119.224716_369.641296i,119.224716_369.641296i,0,1,0,0.00
1386961651,1,1,1,7353,0.610865,0.000000,0.610865,-90.054840,0.322542,52.536491,132.118835_393.298340i,132.118835_393.298340i,0,1,0,0.00
1386961652,1,1,1,7353,0.610865,0.000000,0.610865,-90.054840,0.322542,52.536491,132.118835_393.298340i,132.118835_393.298340i,0,1,0,0.00
1386961652,1,1,1,7353,0.610865,0.000000,0.610865,-90.054840,0.322542,52.536491,132.118835_393.298340i,132.118835_393.298340i,0,1,0,0.00
1386961652,1,1,1,7353,0.610865,0.000000,0.610865,-90.054840,0.322542,52.536491,132.118835_393.298340i,132.118835_393.298340i,0,1,0,0.00
1386961652,1,1,1,7353,0.610865,0.000000,0.610865,-89.891945,0.322542,52.536491,132.118835_393.298340i,132.118835_393.298340i,0,1,0,0.00
1386961653,1,1,1,7353,0.610865,0.000000,0.610865,-89.729042,0.322542,52.536491,132.118835_393.298340i,132.118835_393.298340i,0,1,0,0.00
1386961653,1,1,1,7353,0.610865,0.000000,0.610865,-89.566139,0.322542,52.536491,132.118835_393.298340i,132.118835_393.298340i,0,1,0,0.00
1386961653,1,1,1,7353,0.610865,0.000000,0.610865,-89.417206,0.322542,52.536491,132.118835_393.298340i,132.118835_393.298340i,0,1,0,0.00
1386961653,1,1,1,7353,0.610865,0.000000,0.610865,-89.310165,0.322542,52.536491,132.118835_393.298340i,132.118835_393.298340i,0,1,0,0.00
1386961654,1,1,1,7353,0.610865,0.000000,0.610865,-89.231041,0.322542,52.536491,132.118835_393.298340i,132.118835_393.298340i,0,1,0,0.00
1386961654,1,1,1,7353,0.610865,0.000000,0.610865,-89.170540,0.322542,52.536491,132.118835_393.298340i,132.118835_393.298340i,0,1,0,0.00
1386961654,1,1,1,7353,0.610865,0.000000,0.610865,-89.128647,0.322542,52.536491,132.118835_393.298340i,132.118835_393.298340i,0,1,0,0.00
1386961654,1,1,1,7353,0.610865,0.000000,0.610865,-89.096069,0.322542,52.536491,132.118835_393.298340i,132.118835_393.298340i,0,1,0,0.00
1386961655,1,1,1,7353,0.610865,0.000000,0.610865,-89.072800,0.322542,52.536491,132.118835_393.298340i,132.118835_393.298340i,0,1,0,0.00
1386961655,1,1,1,7353,0.610865,0.000000,0.610865,-89.058838,0.322542,52.536491,132.118835_393.298340i,132.118835_393.298340i,0,1,0,0.00
1386961655,1,1,1,7353,0.610865,0.000000,0.610865,-89.044876,0.322542,52.536491,132.118835_393.298340i,132.118835_393.298340i,0,1,0,0.00
1386961655,1,1,1,7353,0.610865,0.000000,0.610865,-89.035568,0.322542,52.536491,132.118835_393.298340i,132.118835_393.298340i,0,1,0,0.00
1386961656,1,1,1,7353,0.610865,0.000000,0.610865,-89.030922,0.322542,52.536491,132.118835_393.298340i,132.118835_393.298340i,0,1,0,0.00
1386961656,1,1,1,7353,0.610865,0.000000,0.610865,-89.026268,0.322542,52.536491,132.118835_393.298340i,132.118835_393.298340i,0,1,0,0.00
1386961656,1,1,1,7353,0.610865,0.000000,0.610865,-89.021614,0.322542,52.536491,132.118835_393.298340i,132.118835_393.298340i,0,1,0,0.00
1386961656,1,1,0,7353,0.610865,0.000000,0.610865,-89.016960,0.322542,52.536491,132.118835_393.298340i,132.118835_393.298340i,0,1,0,0.00
1386961657,0,0,0,6,0.610865,0.000000,0.610865,-88.854057,0.335925,52.745754,132.118835_393.298340i,132.118835_393.298340i,0,1,0,0.00
1386961657,0,0,0,6,0.610865,0.000000,0.610865,-88.691162,0.335925,52.745754,132.118835_393.298340i,132.118835_393.298340i,0,1,0,0.00
1386961657,0,0,0,6,0.610865,0.000000,0.610865,-88.528259,0.335925,52.745754,132.118835_393.298340i,132.118835_393.298340i,0,1,0,0.00
1386961657,0,0,0,6,0.610865,0.000000,0.610865,-88.365356,0.335925,52.745754,132.118835_393.298340i,132.118835_393.298340i,0,1,0,0.00
1386961658,0,0,0,6,0.610865,0.000000,0.610865,-88.202461,0.335925,52.745754,132.118835_393.298340i,132.118835_393.298340i,0,1,0,0.00
1386961658,0,0,0,6,0.610865,0.000000,0.610865,-88.039558,0.335925,52.745754,132.118835_393.298340i,132.118835_393.298340i,0,1,0,0.00
1386961658,0,0,0,6,0.610865,0.000000,0.610865,-87.876656,0.335925,52.745754,132.118835_393.298340i,132.118835_393.298340i,0,1,0,0.00
1386961658,0,0,0,6,0.610865,0.000000,0.610865,-87.737030,0.335925,52.745754,132.118835_393.298340i,132.118835_393.298340i,0,1,0,0.00
1386961659,0,0,0,6,0.610865,0.000000,0.610865,-87.634636,0.335925,52.745754,132.118835_393.298340i,132.118835_393.298340i,0,1,0,0.00
1386961659,0,0,0,6,0.610865,0.000000,0.610865,-87.560173,0.335925,52.745754,132.118835_393.298340i,132.118835_393.298340i,0,1,0,0.00
1386961659,0,0,0,6,0.610865,0.000000,0.610865,-87.504318,0.335925,52.745754,132.118835_393.298340i,132.118835_393.298340i,0,1,0,0.00
1386961659,0,0,0,6,0.610865,0.000000,0.610865,-87.462433,0.335925,52.745754,132.118835_393.298340i,132.118835_393.298340i,0,1,0,0.00
1386961660,0,0,0,6,0.610865,0.000000,0.610865,-87.434502,0.335925,52.745754,132.118835_393.298340i,132.118835_393.298340i,0,1,0,0.00
1386961660,0,0,0,6,0.610865,0.000000,0.610865,-87.411232,0.335925,52.745754,132.118835_393.298340i,132.118835_393.298340i,0,1,0,0.00
1386961660,0,0,0,6,0.610865,0.000000,0.610865,-87.397270,0.335925,52.745754,132.118835_393.298340i,132.118835_393.298340i,0,1,0,0.00
1386961660,0,0,0,6,0.610865,0.000000,0.610865,-87.387962,0.335925,52.745754,132.118835_393.298340i,132.118835_393.298340i,0,1,0,0.00
1386961661,0,0,0,6,0.610865,0.000000,0.610865,-87.378662,0.335925,52.745754,132.118835_393.298340i,132.118835_393.298340i,0,1,0,0.00
1386961661,0,0,0,6,0.610865,0.000000,0.610865,-87.374008,0.335925,52.745754,132.118835_393.298340i,132.118835_393.298340i,0,1,0,0.00
1386961661,0,0,0,6,0.610865,0.000000,0.610865,-87.369354,0.335925,52.745754,132.118835_393.298340i,132.118835_393.298340i,0,1,0,0.00
1386961661,0,0,0,6,0.610865,0.000000,0.610865,-87.364700,0.335925,52.745754,132.118835_393.298340i,132.118835_393.298340i,0,1,0,0.00
1386961662,1,0,0,5,2.530727,0.000000,2.530727,-87.360046,0.335925,52.745754,132.118835_393.298340i,132.118835_393.298340i,0,1,0,0.00
1386961662,0,0,0,4,2.530727,0.000000,2.530727,-87.197144,0.335925,52.745754,132.118835_393.298340i,132.118835_393.298340i,0,1,0,0.00
1386961662,0,0,0,4,2.530727,0.000000,2.530727,-87.034248,0.335925,52.745754,132.118835_393.298340i,132.118835_393.298340i,0,1,0,0.00
1386961662,0,0,0,4,2.530727,0.000000,2.530727,-86.871346,0.335925,52.745754,132.118835_393.298340i,132.118835_393.298340i,0,1,0,0.00
1386961663,0,0,0,4,2.530727,0.000000,2.530727,-86.708443,0.335925,52.745754,132.118835_393.298340i,132.118835_393.298340i,0,1,0,0.00
1386961663,0,0,0,4,2.530727,0.000000,2.530727,-86.545547,0.335925,52.745754,132.118835_393.298340i,132.118835_393.298340i,0,1,0,0.00
1386961663,0,0,0,4,2.530727,0.000000,2.530727,-86.382645,0.335925,52.745754,132.118835_393.298340i,132.118835_393.298340i,0,1,0,0.00
1386961663,0,0,0,4,2.530727,0.000000,2.530727,-86.219742,0.335925,52.745754,132.118835_393.298340i,132.118835_393.298340i,0,1,0,0.00
1386961664,0,0,0,4,2.530727,0.000000,2.530727,-86.056847,0.335925,52.745754,132.118835_393.298340i,132.118835_393.298340i,0,1,0,0.00
1386961664,0,0,0,4,2.530727,0.000000,2.530727,-85.893944,0.335925,52.745754,132.118835_393.298340i,132.118835_393.298340i,0,1,0,0.00
1386961664,0,0,0,4,2.530727,0.000000,2.530727,-85.772942,0.335925,52.745754,132.118835_393.298340i,132.118835_393.298340i,0,1,0,0.00
1386961664,0,0,0,4,2.530727,0.000000,2.530727,-85.684502,0.335925,52.745754,132.118835_393.298340i,132.118835_393.298340i,0,1,0,0.00
1386961665,0,0,0,4,2.530727,0.000000,2.530727,-85.619347,0.335925,52.745754,132.118835_393.298340i,132.118835_393.298340i,0,1,0,0.00
1386961665,0,0,0,4,2.530727,0.000000,2.530727,-85.568153,0.335925,52.745754,132.118835_393.298340i,132.118835_393.298340i,0,1,0,0.00
1386961665,0,0,0,4,2.530727,0.000000,2.530727,-85.530922,0.335925,52.745754,132.118835_393.298340i,132.118835_393.298340i,0,1,0,0.00
1386961665,0,0,0,4,2.530727,0.000000,2.530727,-85.502991,0.335925,52.745754,132.118835_393.298340i,132.118835_393.298340i,0,1,0,0.00
1386961666,0,0,0,4,2.530727,0.000000,2.530727,-85.484375,0.335925,52.745754,132.118835_393.298340i,132.118835_393.298340i,0,1,0,0.00
1386961666,0,0,0,4,2.530727,0.000000,2.530727,-85.470413,0.335925,52.745754,132.118835_393.298340i,132.118835_393.298340i,0,1,0,0.00
1386961666,0,0,0,4,2.530727,0.000000,2.530727,-85.461105,0.335925,52.745754,132.118835_393.298340i,132.118835_393.298340i,0,1,0,0.00
1386961666,0,0,0,4,2.530727,0.000000,2.530727,-85.451797,0.335925,52.745754,132.118835_393.298340i,132.118835_393.298340i,0,1,0,0.00
1386961667,0,0,0,4,2.530727,0.000000,2.530727,-85.447151,0.335925,52.745754,132.118835_393.298340i,132.118835_393.298340i,0,1,0,0.00
1386961667,0,0,0,4,2.530727,0.000000,2.530727,-85.442497,0.335925,52.745754,132.118835_393.298340i,132.118835_393.298340i,0,1,0,0.00
1386961667,0,0,0,4,2.530727,0.000000,2.530727,-85.442497,0.335925,52.745754,132.118835_393.298340i,132.118835_393.298340i,0,1,0,0.00
1386961667,0,0,0,4,2.530727,0.000000,2.530727,-85.442497,0.335925,52.745754,132.118835_393.298340i,132.118835_393.298340i,0,1,0,0.00
1386961668,0,0,0,4,2.530727,0.000000,2.530727,-85.442497,0.335925,52.745754,132.118835_393.298340i,132.118835_393.298340i,0,1,0,0.00
1386961668,0,0,0,4,2.530727,0.000000,2.530727,-85.442497,0.335925,52.745754,132.118835_393.298340i,132.118835_393.298340i,0,1,0,0.00
1386961668,0,0,0,4,2.530727,0.000000,2.530727,-85.442497,0.335925,52.745754,132.118835_393.298340i,132.118835_393.298340i,0,1,0,0.00
1386961668,0,0,0,4,2.530727,0.000000,2.530727,-85.442497,0.335925,52.745754,132.118835_393.298340i,132.118835_393.298340i,0,1,0,0.00
1386961669,0,0,0,4,2.530727,0.000000,2.530727,-85.442497,0.335925,52.745754,132.118835_393.298340i,132.118835_393.298340i,0,1,0,0.00
1386961669,0,0,0,4,2.530727,0.000000,2.530727,-85.442497,0.335925,52.745754,132.118835_393.298340i,132.118835_393.298340i,0,1,0,0.00
1386961669,0,0,0,4,2.530727,0.000000,2.530727,-85.442497,0.335925,52.745754,132.118835_393.298340i,132.118835_393.298340i,0,1,0,0.00
1386961669,0,0,0,4,2.530727,0.000000,2.530727,-85.442497,0.335925,52.745754,132.118835_393.298340i,132.118835_393.298340i,0,1,0,0.00
1386961670,0,0,0,4,2.530727,0.000000,2.530727,-85.442497,0.335925,52.745754,132.118835_393.298340i,132.118835_393.298340i,0,1,0,0.00
1386961670,0,0,0,4,2.530727,0.000000,2.530727,-85.442497,0.335925,52.745754,132.118835_393.298340i,132.118835_393.298340i,0,1,0,0.00
1386961670,0,0,0,4,2.530727,0.000000,2.530727,-85.442497,0.335925,52.745754,132.118835_393.298340i,132.118835_393.298340i,0,1,0,0.00
1386961670,0,0,0,4,2.530727,0.000000,2.530727,-85.442497,0.335925,52.745754,132.118835_393.298340i,132.118835_393.298340i,0,1,0,0.00
1386961671,0,0,0,4,2.530727,0.000000,2.530727,-85.442497,0.335925,52.745754,132.118835_393.298340i,132.118835_393.298340i,0,1,0,0.00
1386961671,0,0,0,4,2.530727,0.000000,2.530727,-85.442497,0.335925,52.745754,132.118835_393.298340i,132.118835_393.298340i,0,1,0,0.00
1386961671,0,0,0,4,2.530727,0.000000,2.530727,-85.442497,0.335925,52.745754,132.118835_393.298340i,132.118835_393.298340i,0,1,0,0.00
1386961671,0,0,0,4,2.530727,0.000000,2.530727,-85.442497,0.335925,52.745754,132.118835_393.298340i,132.118835_393.298340i,0,1,0,0.00
1386961672,0,0,0,4,2.530727,0.000000,2.530727,-85.442497,0.335925,52.745754,132.118835_393.298340i,132.118835_393.298340i,0,1,0,0.00
1386961672,0,0,0,4,2.530727,0.000000,2.530727,-85.442497,0.335925,52.745754,132.118835_393.298340i,132.118835_393.298340i,0,1,0,0.00
1386961672,0,0,0,4,2.530727,0.000000,2.530727,-85.442497,0.335925,52.745754,132.118835_393.298340i,132.118835_393.298340i,0,1,0,0.00
1386961672,0,0,0,4,2.530727,0.000000,2.530727,-85.442497,0.335925,52.745754,132.118835_393.298340i,132.118835_393.298340i,0,1,0,0.00
1386961673,0,0,0,4,2.530727,0.000000,2.530727,-85.442497,0.335925,52.745754,132.118835_393.298340i,132.118835_393.298340i,0,1,0,0.00
1386961673,0,0,0,4,2.530727,0.000000,2.530727,-85.442497,0.335925,52.745754,132.118835_393.298340i,132.118835_393.298340i,0,1,0,0.00
1386961673,0,0,0,4,2.530727,0.000000,2.530727,-85.442497,0.335925,52.745754,132.118835_393.298340i,132.118835_393.298340i,0,1,0,0.00
1386961673,0,0,0,4,2.530727,0.000000,2.530727,-85.442497,0.335925,52.745754,132.118835_393.298340i,132.118835_393.298340i,0,1,0,0.00
1386961674,0,0,0,4,2.530727,0.000000,2.530727,-85.442497,0.335925,52.745754,132.118835_393.298340i,132.118835_393.298340i,0,1,0,0.00
1386961674,0,0,0,4,2.530727,0.000000,2.530727,-85.442497,0.335925,52.745754,132.118835_393.298340i,132.118835_393.298340i,0,1,0,0.00
1386961674,0,0,0,4,2.530727,0.000000,2.530727,-85.442497,0.335925,52.745754,132.118835_393.298340i,132.118835_393.298340i,0,1,0,0.00
1386961674,0,0,0,4,2.530727,0.000000,2.530727,-85.442497,0.335925,52.745754,132.118835_393.298340i,132.118835_393.298340i,0,1,0,0.00
1386961675,0,0,0,4,2.530727,0.000000,2.530727,-85.442497,0.335925,52.745754,132.118835_393.298340i,132.118835_393.298340i,0,1,0,0.00
1386961675,0,0,0,4,2.530727,0.000000,2.530727,-85.442497,0.335925,52.745754,132.118835_393.298340i,132.118835_393.298340i,0,1,0,0.00
1386961675,0,0,0,4,2.530727,0.000000,2.530727,-85.442497,0.335925,52.745754,132.118835_393.298340i,132.118835_393.298340i,0,1,0,0.00
1386961675,0,0,0,4,2.530727,0.000000,2.530727,-85.442497,0.335925,52.745754,132.118835_393.298340i,132.118835_393.298340i,0,1,0,0.00
1386961676,0,0,0,4,2.530727,0.000000,2.530727,-85.442497,0.335925,52.745754,132.118835_393.298340i,132.118835_393.298340i,0,1,0,0.00
1386961676,0,0,0,4,2.530727,0.000000,2.530727,-85.442497,0.335925,52.745754,132.118835_393.298340i,132.118835_393.298340i,0,1,0,0.00
1386961676,0,0,0,4,2.530727,0.000000,2.530727,-85.442497,0.335925,52.745754,132.118835_393.298340i,132.118835_393.298340i,0,1,0,0.00
1386961676,0,0,0,4,2.530727,0.000000,2.530727,-85.442497,0.335925,52.745754,132.118835_393.298340i,132.118835_393.298340i,0,1,0,0.00
1386961677,0,0,0,4,2.530727,0.000000,2.530727,-85.442497,0.335925,52.745754,132.118835_393.298340i,132.118835_393.298340i,0,1,0,0.00
1386961677,1,0,0,3,0.610865,0.000000,0.610865,-85.442497,0.335925,52.745754,132.118835_393.298340i,132.118835_393.298340i,0,1,0,0.00
1386961677,0,0,0,6,0.610865,0.000000,0.610865,-85.605392,0.335925,52.745754,132.118835_393.298340i,132.118835_393.298340i,0,1,0,0.00
1386961677,0,0,0,6,0.610865,0.000000,0.610865,-85.768295,0.335925,52.745754,132.118835_393.298340i,132.118835_393.298340i,0,1,0,0.00
1386961678,0,0,0,6,0.610865,0.000000,0.610865,-85.931198,0.335925,52.745754,132.118835_393.298340i,132.118835_393.298340i,0,1,0,0.00
1386961678,0,0,0,6,0.610865,0.000000,0.610865,-86.094093,0.335925,52.745754,132.118835_393.298340i,132.118835_393.298340i,0,1,0,0.00
1386961678,0,0,0,6,0.610865,0.000000,0.610865,-86.256996,0.335925,52.745754,132.118835_393.298340i,132.118835_393.298340i,0,1,0,0.00
1386961678,0,0,0,6,0.610865,0.000000,0.610865,-86.419899,0.335925,52.745754,132.118835_393.298340i,132.118835_393.298340i,0,1,0,0.00
1386961679,0,0,0,6,0.610865,0.000000,0.610865,-86.582794,0.335925,52.745754,132.118835_393.298340i,132.118835_393.298340i,0,1,0,0.00
1386961679,0,0,0,6,0.610865,0.000000,0.610865,-86.745697,0.335925,52.745754,132.118835_393.298340i,132.118835_393.298340i,0,1,0,0.00
1386961679,0,0,0,6,0.610865,0.000000,0.610865,-86.908600,0.335925,52.745754,132.118835_393.298340i,132.118835_393.298340i,0,1,0,0.00
1386961679,0,0,0,6,0.610865,0.000000,0.610865,-87.029602,0.335925,52.745754,132.118835_393.298340i,132.118835_393.298340i,0,1,0,0.00
1386961680,0,0,0,6,0.610865,0.000000,0.610865,-87.118034,0.335925,52.745754,132.118835_393.298340i,132.118835_393.298340i,0,1,0,0.00
1386961680,0,0,0,6,0.610865,0.000000,0.610865,-87.183197,0.335925,52.745754,132.118835_393.298340i,132.118835_393.298340i,0,1,0,0.00
1386961680,0,0,0,6,0.610865,0.000000,0.610865,-87.229736,0.335925,52.745754,132.118835_393.298340i,132.118835_393.298340i,0,1,0,0.00
1386961680,0,0,0,6,0.610865,0.000000,0.610865,-87.262314,0.335925,52.745754,132.118835_393.298340i,132.118835_393.298340i,0,1,0,0.00
1386961681,0,0,0,6,0.610865,0.000000,0.610865,-87.285591,0.335925,52.745754,132.118835_393.298340i,132.118835_393.298340i,0,1,0,0.00
