MCU_timestamp,sig1,sig2,sig3,fa_debug,theta_d1,theta_d,theta_d1_b,theta_b,a_x,b_x,X_b,X_T_b,sail_hc_periods,sail_hc_direction,sail_hc_val,sail_hc_MEAN_V
1386958433,1,2,2,7353,-2.094395,0.000000,-2.094395,-88.425850,0.103346,-50.266300,-628236.875000_-6078979.000000i,-628236.875000_-6078979.000000i,0,1,0,0.00
1386958433,2,2,2,7353,-2.094395,0.000000,-2.094395,-88.584099,0.103346,-50.266300,-628236.875000_-6078979.000000i,-628236.875000_-6078979.000000i,0,1,0,0.00
1386958433,2,2,2,7353,-2.094395,0.000000,-2.094395,-88.700447,0.103346,-50.266300,-628236.875000_-6078979.000000i,-628236.875000_-6078979.000000i,0,1,0,0.00
1386958433,2,2,2,7353,-2.094395,0.000000,-2.094395,-88.784218,0.103346,-50.266300,-628236.875000_-6078979.000000i,-628236.875000_-6078979.000000i,0,1,0,0.00
1386958434,2,2,2,7353,-2.094395,0.000000,-2.094395,-88.844727,0.103346,-50.266300,-628236.875000_-6078979.000000i,-628236.875000_-6078979.000000i,0,1,0,0.00
1386958434,2,2,2,7353,-2.094395,0.000000,-2.094395,-88.891266,0.103346,-50.266300,-628236.875000_-6078979.000000i,-628236.875000_-6078979.000000i,0,1,0,0.00
1386958434,2,2,2,7353,-2.094395,0.000000,-2.094395,-88.923843,0.103346,-50.266300,-628236.875000_-6078979.000000i,-628236.875000_-6078979.000000i,0,1,0,0.00
1386958434,2,2,2,7353,-2.094395,0.000000,-2.094395,-88.947121,0.103346,-50.266300,-628236.875000_-6078979.000000i,-628236.875000_-6078979.000000i,0,1,0,0.00
1386958435,2,2,2,7353,-2.094395,0.000000,-2.094395,-88.965744,0.103346,-50.266300,-628236.875000_-6078979.000000i,-628236.875000_-6078979.000000i,0,1,0,0.00
1386958435,2,2,2,7353,-2.094395,0.000000,-2.094395,-88.979698,0.103346,-50.266300,-628236.875000_-6078979.000000i,-628236.875000_-6078979.000000i,0,1,0,0.00
1386958435,2,2,2,7353,-2.094395,0.000000,-2.094395,-88.989006,0.103346,-50.266300,-628236.875000_-6078979.000000i,-628236.875000_-6078979.000000i,0,1,0,0.00
1386958435,2,2,2,7353,-2.094395,0.000000,-2.094395,-88.993660,0.103346,-50.266300,-628236.875000_-6078979.000000i,-628236.875000_-6078979.000000i,0,1,0,0.00
1386958436,2,2,2,7353,-2.094395,0.000000,-2.094395,-88.998314,0.103346,-50.266300,-628236.875000_-6078979.000000i,-628236.875000_-6078979.000000i,0,1,0,0.00
1386958436,2,2,2,7353,-2.094395,0.000000,-2.094395,-89.002968,0.103346,-50.266300,-628236.875000_-6078979.000000i,-628236.875000_-6078979.000000i,0,1,0,0.00
1386958436,2,2,2,7353,-2.094395,0.000000,-2.094395,-89.007622,0.103346,-50.266300,-628236.875000_-6078979.000000i,-628236.875000_-6078979.000000i,0,1,0,0.00
1386958436,2,2,2,7353,-2.094395,0.000000,-2.094395,-89.007622,0.103346,-50.266300,-628236.875000_-6078979.000000i,-628236.875000_-6078979.000000i,0,1,0,0.00
1386958437,2,2,2,7353,-2.094395,0.000000,-2.094395,-89.007622,0.103346,-50.266300,-628236.875000_-6078979.000000i,-628236.875000_-6078979.000000i,0,1,0,0.00
1386958437,2,2,2,7353,-2.094395,0.000000,-2.094395,-89.007622,0.103346,-50.266300,-628236.875000_-6078979.000000i,-628236.875000_-6078979.000000i,0,1,0,0.00
1386958437,2,2,2,7353,-2.094395,0.000000,-2.094395,-89.007622,0.103346,-50.266300,-628236.875000_-6078979.000000i,-628236.875000_-6078979.000000i,0,1,0,0.00
1386958437,2,2,2,7353,-2.094395,0.000000,-2.094395,-89.007622,0.103346,-50.266300,-628236.875000_-6078979.000000i,-628236.875000_-6078979.000000i,0,1,0,0.00
1386958438,2,2,2,7353,-2.094395,0.000000,-2.094395,-89.007622,0.103346,-50.266300,-628236.875000_-6078979.000000i,-628236.875000_-6078979.000000i,0,1,0,0.00
1386958438,2,2,2,7353,-2.094395,0.000000,-2.094395,-89.007622,0.103346,-50.266300,-628236.875000_-6078979.000000i,-628236.875000_-6078979.000000i,0,1,0,0.00
1386958438,2,2,2,7353,-2.094395,0.000000,-2.094395,-89.007622,0.103346,-50.266300,-628236.875000_-6078979.000000i,-628236.875000_-6078979.000000i,0,1,0,0.00
1386958438,2,2,2,7353,-2.094395,0.000000,-2.094395,-89.007622,0.103346,-50.266300,-628236.875000_-6078979.000000i,-628236.875000_-6078979.000000i,0,1,0,0.00
1386958439,2,2,2,7353,-2.094395,0.000000,-2.094395,-89.170517,0.103346,-50.266300,-628236.875000_-6078979.000000i,-628236.875000_-6078979.000000i,0,1,0,0.00
1386958439,2,2,2,7353,-2.094395,0.000000,-2.094395,-89.333420,0.103346,-50.266300,-628236.875000_-6078979.000000i,-628236.875000_-6078979.000000i,0,1,0,0.00
1386958439,2,2,2,7353,-2.094395,0.000000,-2.094395,-89.496323,0.103346,-50.266300,-628236.875000_-6078979.000000i,-628236.875000_-6078979.000000i,0,1,0,0.00
1386958440,2,2,2,7353,-2.094395,0.000000,-2.094395,-89.645256,0.103346,-50.266300,-628236.875000_-6078979.000000i,-628236.875000_-6078979.000000i,0,1,0,0.00
1386958440,2,2,2,7353,-2.094395,0.000000,-2.094395,-89.756950,0.103346,-50.266300,-628236.875000_-6078979.000000i,-628236.875000_-6078979.000000i,0,1,0,0.00
1386958440,2,2,2,7353,-2.094395,0.000000,-2.094395,-89.836067,0.103346,-50.266300,-628236.875000_-6078979.000000i,-628236.875000_-6078979.000000i,0,1,0,0.00
1386958440,2,2,2,7353,-2.094395,0.000000,-2.094395,-89.896576,0.103346,-50.266300,-628236.875000_-6078979.000000i,-628236.875000_-6078979.000000i,0,1,0,0.00
1386958441,2,2,2,7353,-2.094395,0.000000,-2.094395,-89.938461,0.103346,-50.266300,-628236.875000_-6078979.000000i,-628236.875000_-6078979.000000i,0,1,0,0.00
1386958441,2,2,2,7353,-2.094395,0.000000,-2.094395,-89.971046,0.103346,-50.266300,-628236.875000_-6078979.000000i,-628236.875000_-6078979.000000i,0,1,0,0.00
1386958441,2,2,2,7353,-2.094395,0.000000,-2.094395,-89.994316,0.103346,-50.266300,-628236.875000_-6078979.000000i,-628236.875000_-6078979.000000i,0,1,0,0.00
1386958441,2,2,2,7353,-2.094395,0.000000,-2.094395,-90.012939,0.103346,-50.266300,-628236.875000_-6078979.000000i,-628236.875000_-6078979.000000i,0,1,0,0.00
1386958442,2,2,2,7353,-2.094395,0.000000,-2.094395,-90.026901,0.103346,-50.266300,-628236.875000_-6078979.000000i,-628236.875000_-6078979.000000i,0,1,0,0.00
1386958442,2,2,2,7353,-2.094395,0.000000,-2.094395,-90.036201,0.103346,-50.266300,-628236.875000_-6078979.000000i,-628236.875000_-6078979.000000i,0,1,0,0.00
1386958442,2,2,2,7353,-2.094395,0.000000,-2.094395,-90.040855,0.103346,-50.266300,-628236.875000_-6078979.000000i,-628236.875000_-6078979.000000i,0,1,0,0.00
1386958442,2,2,2,7353,-2.094395,0.000000,-2.094395,-90.045509,0.103346,-50.266300,-628236.875000_-6078979.000000i,-628236.875000_-6078979.000000i,0,1,0,0.00
1386958443,2,2,2,7353,-2.094395,0.000000,-2.094395,-90.050163,0.103346,-50.266300,-628236.875000_-6078979.000000i,-628236.875000_-6078979.000000i,0,1,0,0.00
1386958443,2,2,2,7353,-2.094395,0.000000,-2.094395,-90.054817,0.103346,-50.266300,-628236.875000_-6078979.000000i,-628236.875000_-6078979.000000i,0,1,0,0.00
1386958443,2,2,0,7353,-2.094395,0.000000,-2.094395,-90.054817,0.103346,-50.266300,-628236.875000_-6078979.000000i,-628236.875000_-6078979.000000i,0,1,0,0.00
1386958443,0,0,0,14,-2.094395,0.000000,-2.094395,-90.054817,0.103346,-50.266300,-628236.875000_-6078979.000000i,-628236.875000_-6078979.000000i,0,1,0,0.00
1386958444,0,0,0,14,-2.094395,0.000000,-2.094395,-90.054817,0.103346,-50.266300,-628236.875000_-6078979.000000i,-628236.875000_-6078979.000000i,0,1,0,0.00
1386958444,0,0,0,14,-2.094395,0.000000,-2.094395,-90.054817,0.103346,-50.266300,-628236.875000_-6078979.000000i,-628236.875000_-6078979.000000i,0,1,0,0.00
1386958444,0,0,0,14,-2.094395,0.000000,-2.094395,-90.054817,0.103346,-50.266300,-628236.875000_-6078979.000000i,-628236.875000_-6078979.000000i,0,1,0,0.00
1386958444,0,0,0,14,-2.094395,0.000000,-2.094395,-90.054817,0.103346,-50.266300,-628236.875000_-6078979.000000i,-628236.875000_-6078979.000000i,0,1,0,0.00
1386958445,0,0,0,14,-2.094395,0.000000,-2.094395,-90.054817,0.103346,-50.266300,-628236.875000_-6078979.000000i,-628236.875000_-6078979.000000i,0,1,0,0.00
1386958445,0,0,0,14,-2.094395,0.000000,-2.094395,-90.054817,0.103346,-50.266300,-628236.875000_-6078979.000000i,-628236.875000_-6078979.000000i,0,1,0,0.00
1386958445,0,0,0,14,-2.094395,0.000000,-2.094395,-90.054817,0.103346,-50.266300,-628236.875000_-6078979.000000i,-628236.875000_-6078979.000000i,0,1,0,0.00
1386958445,0,0,0,14,-2.094395,0.000000,-2.094395,-90.054817,0.103346,-50.266300,-628236.875000_-6078979.000000i,-628236.875000_-6078979.000000i,0,1,0,0.00
1386958446,0,0,0,14,-2.094395,0.000000,-2.094395,-90.054817,0.103346,-50.266300,-628236.875000_-6078979.000000i,-628236.875000_-6078979.000000i,0,1,0,0.00
1386958446,0,0,0,14,-2.094395,0.000000,-2.094395,-90.054817,0.103346,-50.266300,-628236.875000_-6078979.000000i,-628236.875000_-6078979.000000i,0,1,0,0.00
1386958446,0,0,0,14,-2.094395,0.000000,-2.094395,-90.054817,0.103346,-50.266300,-628236.875000_-6078979.000000i,-628236.875000_-6078979.000000i,0,1,0,0.00
1386958446,0,0,0,14,-2.094395,0.000000,-2.094395,-90.054817,0.103346,-50.266300,-628236.875000_-6078979.000000i,-628236.875000_-6078979.000000i,0,1,0,0.00
1386958447,0,0,0,0,-2.094395,0.000000,-2.094395,-90.054817,0.103346,-50.266300,-628236.875000_-6078979.000000i,-628236.875000_-6078979.000000i,0,1,0,0.00
1386958447,0,0,0,0,-2.094395,0.000000,-2.094395,-90.054817,0.103346,-50.266300,-628236.875000_-6078979.000000i,-628236.875000_-6078979.000000i,0,1,0,0.00
1386958447,0,0,0,0,-2.094395,0.000000,-2.094395,-90.054817,0.103346,-50.266300,-628236.875000_-6078979.000000i,-628236.875000_-6078979.000000i,0,1,0,0.00
1386958447,0,0,0,0,-2.094395,0.000000,-2.094395,-90.054817,0.103346,-50.266300,-628236.875000_-6078979.000000i,-628236.875000_-6078979.000000i,0,1,0,0.00
1386958448,0,0,0,0,-2.094395,0.000000,-2.094395,-90.054817,0.103346,-50.266300,-628236.875000_-6078979.000000i,-628236.875000_-6078979.000000i,0,1,0,0.00
1386958448,0,0,0,0,-2.094395,0.000000,-2.094395,-90.054817,0.103346,-50.266300,-628236.875000_-6078979.000000i,-628236.875000_-6078979.000000i,0,1,0,0.00
1386958448,0,0,0,0,-2.094395,0.000000,-2.094395,-90.054817,0.103346,-50.266300,-628236.875000_-6078979.000000i,-628236.875000_-6078979.000000i,0,1,0,0.00
1386958448,0,0,0,0,-2.094395,0.000000,-2.094395,-90.054817,0.103346,-50.266300,-628236.875000_-6078979.000000i,-628236.875000_-6078979.000000i,0,1,0,0.00
1386958449,1,0,0,7,2.530727,0.000000,2.530727,-90.054817,-2.173403,119.621071,-671.166138_308.808899i,-671.166138_308.808899i,0,1,0,0.00
1386958449,0,0,0,4,2.530727,0.000000,2.530727,-90.217720,-2.173403,119.621071,-671.166138_308.808899i,-671.166138_308.808899i,0,1,0,0.00
1386958449,0,0,0,4,2.530727,0.000000,2.530727,-90.380615,-2.173403,119.621071,-671.166138_308.808899i,-671.166138_308.808899i,0,1,0,0.00
1386958449,0,0,0,4,2.530727,0.000000,2.530727,-90.543518,-2.173403,119.621071,-671.166138_308.808899i,-671.166138_308.808899i,0,1,0,0.00
1386958450,0,0,0,4,2.530727,0.000000,2.530727,-90.706421,-2.173403,119.621071,-671.166138_308.808899i,-671.166138_308.808899i,0,1,0,0.00
1386958450,0,0,0,4,2.530727,0.000000,2.530727,-90.869316,-2.173403,119.621071,-671.166138_308.808899i,-671.166138_308.808899i,0,1,0,0.00
1386958450,0,0,0,4,2.530727,0.000000,2.530727,-91.032219,-2.173403,119.621071,-671.166138_308.808899i,-671.166138_308.808899i,0,1,0,0.00
1386958450,0,0,0,4,2.530727,0.000000,2.530727,-91.195122,-2.173403,119.621071,-671.166138_308.808899i,-671.166138_308.808899i,0,1,0,0.00
1386958451,0,0,0,4,2.530727,0.000000,2.530727,-91.334747,-2.173403,119.621071,-671.166138_308.808899i,-671.166138_308.808899i,0,1,0,0.00
1386958451,0,0,0,4,2.530727,0.000000,2.530727,-91.437141,-2.173403,119.621071,-671.166138_308.808899i,-671.166138_308.808899i,0,1,0,0.00
1386958451,0,0,0,4,2.530727,0.000000,2.530727,-91.511604,-2.173403,119.621071,-671.166138_308.808899i,-671.166138_308.808899i,0,1,0,0.00
1386958451,0,0,0,4,2.530727,0.000000,2.530727,-91.567459,-2.173403,119.621071,-671.166138_308.808899i,-671.166138_308.808899i,0,1,0,0.00
1386958452,0,0,0,4,2.530727,0.000000,2.530727,-91.609344,-2.173403,119.621071,-671.166138_308.808899i,-671.166138_308.808899i,0,1,0,0.00
1386958452,0,0,0,4,2.530727,0.000000,2.530727,-91.637268,-2.173403,119.621071,-671.166138_308.808899i,-671.166138_308.808899i,0,1,0,0.00
1386958452,0,0,0,4,2.530727,0.000000,2.530727,-91.660545,-2.173403,119.621071,-671.166138_308.808899i,-671.166138_308.808899i,0,1,0,0.00
1386958452,0,0,0,4,2.530727,0.000000,2.530727,-91.674507,-2.173403,119.621071,-671.166138_308.808899i,-671.166138_308.808899i,0,1,0,0.00
1386958453,0,0,0,4,2.530727,0.000000,2.530727,-91.683807,-2.173403,119.621071,-671.166138_308.808899i,-671.166138_308.808899i,0,1,0,0.00
1386958453,0,0,0,4,2.530727,0.000000,2.530727,-91.693115,-2.173403,119.621071,-671.166138_308.808899i,-671.166138_308.808899i,0,1,0,0.00
1386958453,0,0,0,4,2.530727,0.000000,2.530727,-91.697769,-2.173403,119.621071,-671.166138_308.808899i,-671.166138_308.808899i,0,1,0,0.00
1386958453,0,0,0,4,2.530727,0.000000,2.530727,-91.702423,-2.173403,119.621071,-671.166138_308.808899i,-671.166138_308.808899i,0,1,0,0.00
1386958454,0,0,0,4,2.530727,0.000000,2.530727,-91.707077,-2.173403,119.621071,-671.166138_308.808899i,-671.166138_308.808899i,0,1,0,0.00
1386958454,0,0,0,4,2.530727,0.000000,2.530727,-91.711731,-2.173403,119.621071,-671.166138_308.808899i,-671.166138_308.808899i,0,1,0,0.00
1386958454,0,0,0,4,2.530727,0.000000,2.530727,-91.711731,-2.173403,119.621071,-671.166138_308.808899i,-671.166138_308.808899i,0,1,0,0.00
1386958454,0,0,0,4,2.530727,0.000000,2.530727,-91.711731,-2.173403,119.621071,-671.166138_308.808899i,-671.166138_308.808899i,0,1,0,0.00
1386958455,0,0,0,4,2.530727,0.000000,2.530727,-91.711731,-2.173403,119.621071,-671.166138_308.808899i,-671.166138_308.808899i,0,1,0,0.00
1386958455,0,0,0,4,2.530727,0.000000,2.530727,-91.711731,-2.173403,119.621071,-671.166138_308.808899i,-671.166138_308.808899i,0,1,0,0.00
1386958455,0,0,0,4,2.530727,0.000000,2.530727,-91.711731,-2.173403,119.621071,-671.166138_308.808899i,-671.166138_308.808899i,0,1,0,0.00
1386958455,0,0,0,4,2.530727,0.000000,2.530727,-91.711731,-2.173403,119.621071,-671.166138_308.808899i,-671.166138_308.808899i,0,1,0,0.00
1386958456,0,0,0,4,2.530727,0.000000,2.530727,-91.711731,-2.173403,119.621071,-671.166138_308.808899i,-671.166138_308.808899i,0,1,0,0.00
1386958456,0,0,0,4,2.530727,0.000000,2.530727,-91.711731,-2.173403,119.621071,-671.166138_308.808899i,-671.166138_308.808899i,0,1,0,0.00
1386958456,0,0,0,4,2.530727,0.000000,2.530727,-91.711731,-2.173403,119.621071,-671.166138_308.808899i,-671.166138_308.808899i,0,1,0,0.00
1386958456,0,0,0,4,2.530727,0.000000,2.530727,-91.711731,-2.173403,119.621071,-671.166138_308.808899i,-671.166138_308.808899i,0,1,0,0.00
1386958457,0,0,0,4,2.530727,0.000000,2.530727,-91.711731,-2.173403,119.621071,-671.166138_308.808899i,-671.166138_308.808899i,0,1,0,0.00
1386958457,0,0,0,4,2.530727,0.000000,2.530727,-91.711731,-2.173403,119.621071,-671.166138_308.808899i,-671.166138_308.808899i,0,1,0,0.00
1386958457,0,0,0,4,2.530727,0.000000,2.530727,-91.711731,-2.173403,119.621071,-671.166138_308.808899i,-671.166138_308.808899i,0,1,0,0.00
1386958457,0,0,0,4,2.530727,0.000000,2.530727,-91.711731,-2.173403,119.621071,-671.166138_308.808899i,-671.166138_308.808899i,0,1,0,0.00
1386958458,0,0,0,4,2.530727,0.000000,2.530727,-91.711731,-2.173403,119.621071,-671.166138_308.808899i,-671.166138_308.808899i,0,1,0,0.00
1386958458,0,0,0,4,2.530727,0.000000,2.530727,-91.711731,-2.173403,119.621071,-671.166138_308.808899i,-671.166138_308.808899i,0,1,0,0.00
