MCU_timestamp,sig1,sig2,sig3,fa_debug,theta_d1,theta_d,theta_d1_b,theta_b,a_x,b_x,X_b,X_T_b,sail_hc_periods,sail_hc_direction,sail_hc_val,sail_hc_MEAN_V
1386888812,0,0,0,0,0.000000,0.000000,0.000000,0.000000,0.000000,0.000000,0.000000_0.000000i,0.000000_0.000000i,0,1,0,0.00
1386888812,0,0,0,0,0.000000,0.000000,0.000000,0.000000,0.000000,0.000000,0.000000_0.000000i,0.000000_0.000000i,0,1,0,0.00
1386888813,0,0,0,0,0.000000,0.000000,0.000000,0.000000,0.000000,0.000000,0.000000_0.000000i,0.000000_0.000000i,0,1,0,0.00
1386888813,0,0,0,0,0.000000,0.000000,0.000000,0.000000,0.000000,0.000000,0.000000_0.000000i,0.000000_0.000000i,0,1,0,0.00
1386888813,0,0,0,0,0.000000,0.000000,0.000000,0.000000,0.000000,0.000000,0.000000_0.000000i,0.000000_0.000000i,0,1,0,0.00
1386888813,0,0,0,0,0.000000,0.000000,0.000000,0.000000,0.000000,0.000000,0.000000_0.000000i,0.000000_0.000000i,0,1,0,0.00
1386888814,0,0,0,0,0.000000,0.000000,0.000000,0.000000,0.000000,0.000000,0.000000_0.000000i,0.000000_0.000000i,0,1,0,0.00
1386888814,0,0,0,0,0.000000,0.000000,0.000000,0.000000,0.000000,0.000000,0.000000_0.000000i,0.000000_0.000000i,0,1,0,0.00
1386888814,0,0,0,0,0.000000,0.000000,0.000000,0.000000,0.000000,0.000000,0.000000_0.000000i,0.000000_0.000000i,0,1,0,0.00
1386888814,0,0,0,0,0.000000,0.000000,0.000000,0.000000,0.000000,0.000000,0.000000_0.000000i,0.000000_0.000000i,0,1,0,0.00
1386888815,0,0,0,0,0.000000,0.000000,0.000000,0.000000,0.000000,0.000000,0.000000_0.000000i,0.000000_0.000000i,0,1,0,0.00
1386888815,0,0,0,0,0.000000,0.000000,0.000000,0.000000,0.000000,0.000000,0.000000_0.000000i,0.000000_0.000000i,0,1,0,0.00
1386888815,0,0,0,0,0.000000,0.000000,0.000000,0.000000,0.000000,0.000000,0.000000_0.000000i,0.000000_0.000000i,0,1,0,0.00
1386888815,0,0,0,0,0.000000,0.000000,0.000000,0.000000,0.000000,0.000000,0.000000_0.000000i,0.000000_0.000000i,0,1,0,0.00
1386888816,0,0,0,0,0.000000,0.000000,0.000000,0.000000,0.000000,0.000000,0.000000_0.000000i,0.000000_0.000000i,0,1,0,0.00
1386888816,0,0,0,0,0.000000,0.000000,0.000000,0.000000,0.000000,0.000000,0.000000_0.000000i,0.000000_0.000000i,0,1,0,0.00
1386888816,0,0,0,0,0.000000,0.000000,0.000000,0.000000,0.000000,0.000000,0.000000_0.000000i,0.000000_0.000000i,0,1,0,0.00
1386888816,0,0,0,0,0.000000,0.000000,0.000000,0.000000,0.000000,0.000000,0.000000_0.000000i,0.000000_0.000000i,0,1,0,0.00
1386888817,0,0,0,0,0.000000,0.000000,0.000000,0.000000,0.000000,0.000000,0.000000_0.000000i,0.000000_0.000000i,0,1,0,0.00
1386888817,0,0,0,0,0.000000,0.000000,0.000000,0.000000,0.000000,0.000000,0.000000_0.000000i,0.000000_0.000000i,0,1,0,0.00
1386888817,0,0,0,0,0.000000,0.000000,0.000000,0.000000,0.000000,0.000000,0.000000_0.000000i,0.000000_0.000000i,0,1,0,0.00
1386888817,0,0,0,0,0.000000,0.000000,0.000000,0.000000,0.000000,0.000000,0.000000_0.000000i,0.000000_0.000000i,0,1,0,0.00
1386888818,0,0,0,0,0.000000,0.000000,0.000000,0.000000,0.000000,0.000000,0.000000_0.000000i,0.000000_0.000000i,0,1,0,0.00
1386888818,0,0,0,0,0.000000,0.000000,0.000000,0.000000,0.000000,0.000000,0.000000_0.000000i,0.000000_0.000000i,0,1,0,0.00
1386888818,0,0,0,0,0.000000,0.000000,0.000000,0.000000,0.000000,0.000000,0.000000_0.000000i,0.000000_0.000000i,0,1,0,0.00
1386888818,0,0,0,0,0.000000,0.000000,0.000000,0.000000,0.000000,0.000000,0.000000_0.000000i,0.000000_0.000000i,0,1,0,0.00
1386888819,0,0,0,0,0.000000,0.000000,0.000000,0.000000,0.000000,0.000000,0.000000_0.000000i,0.000000_0.000000i,0,1,0,0.00
1386888819,0,0,0,0,0.000000,0.000000,0.000000,0.000000,0.000000,0.000000,0.000000_0.000000i,0.000000_0.000000i,0,1,0,0.00
1386888819,0,0,0,0,0.000000,0.000000,0.000000,0.000000,0.000000,0.000000,0.000000_0.000000i,0.000000_0.000000i,0,1,0,0.00
1386888819,0,0,0,0,0.000000,0.000000,0.000000,0.000000,0.000000,0.000000,0.000000_0.000000i,0.000000_0.000000i,0,1,0,0.00
1386888820,0,0,0,0,0.000000,0.000000,0.000000,0.000000,0.000000,0.000000,0.000000_0.000000i,0.000000_0.000000i,0,1,0,0.00
1386888820,0,0,0,0,0.000000,0.000000,0.000000,0.000000,0.000000,0.000000,0.000000_0.000000i,0.000000_0.000000i,0,1,0,0.00
1386888820,0,0,0,0,0.000000,0.000000,0.000000,0.000000,0.000000,0.000000,0.000000_0.000000i,0.000000_0.000000i,0,1,0,0.00
1386888820,0,0,0,0,0.000000,0.000000,0.000000,0.000000,0.000000,0.000000,0.000000_0.000000i,0.000000_0.000000i,0,1,0,0.00
1386888821,0,0,0,0,0.000000,0.000000,0.000000,0.000000,0.000000,0.000000,0.000000_0.000000i,0.000000_0.000000i,0,1,0,0.00
1386888821,0,0,0,0,0.000000,0.000000,0.000000,0.000000,0.000000,0.000000,0.000000_0.000000i,0.000000_0.000000i,0,1,0,0.00
1386888821,0,0,0,0,0.000000,0.000000,0.000000,0.000000,0.000000,0.000000,0.000000_0.000000i,0.000000_0.000000i,0,1,0,0.00
1386888821,0,0,0,0,0.000000,0.000000,0.000000,0.000000,0.000000,0.000000,0.000000_0.000000i,0.000000_0.000000i,0,1,0,0.00
1386888822,0,0,0,0,0.000000,0.000000,0.000000,0.000000,0.000000,0.000000,0.000000_0.000000i,0.000000_0.000000i,0,1,0,0.00
1386888822,0,0,0,0,0.000000,0.000000,0.000000,0.000000,0.000000,0.000000,0.000000_0.000000i,0.000000_0.000000i,0,1,0,0.00
1386888822,0,0,0,0,0.000000,0.000000,0.000000,0.000000,0.000000,0.000000,0.000000_0.000000i,0.000000_0.000000i,0,1,0,0.00
1386888822,0,0,0,0,0.000000,0.000000,0.000000,0.000000,0.000000,0.000000,0.000000_0.000000i,0.000000_0.000000i,0,1,0,0.00
1386888823,0,0,0,0,0.000000,0.000000,0.000000,0.000000,0.000000,0.000000,0.000000_0.000000i,0.000000_0.000000i,0,1,0,0.00
1386888823,0,0,0,0,0.000000,0.000000,0.000000,0.000000,0.000000,0.000000,0.000000_0.000000i,0.000000_0.000000i,0,1,0,0.00
1386888823,0,0,0,0,0.000000,0.000000,0.000000,0.000000,0.000000,0.000000,0.000000_0.000000i,0.000000_0.000000i,0,1,0,0.00
1386888823,0,0,0,0,0.000000,0.000000,0.000000,0.000000,0.000000,0.000000,0.000000_0.000000i,0.000000_0.000000i,0,1,0,0.00
1386888824,0,0,0,0,0.000000,0.000000,0.000000,0.000000,0.000000,0.000000,0.000000_0.000000i,0.000000_0.000000i,0,1,0,0.00
1386888824,0,0,0,0,0.000000,0.000000,0.000000,0.000000,0.000000,0.000000,0.000000_0.000000i,0.000000_0.000000i,0,1,0,0.00
1386888824,0,0,0,0,0.000000,0.000000,0.000000,0.000000,0.000000,0.000000,0.000000_0.000000i,0.000000_0.000000i,0,1,0,0.00
1386888824,0,0,0,0,0.000000,0.000000,0.000000,0.000000,0.000000,0.000000,0.000000_0.000000i,0.000000_0.000000i,0,1,0,0.00
1386888825,0,0,0,0,0.000000,0.000000,0.000000,0.000000,0.000000,0.000000,0.000000_0.000000i,0.000000_0.000000i,0,1,0,0.00
1386888825,0,0,0,0,0.000000,0.000000,0.000000,0.000000,0.000000,0.000000,0.000000_0.000000i,0.000000_0.000000i,0,1,0,0.00
1386888825,0,0,0,0,0.000000,0.000000,0.000000,0.000000,0.000000,0.000000,0.000000_0.000000i,0.000000_0.000000i,0,1,0,0.00
1386888825,0,0,0,0,0.000000,0.000000,0.000000,0.000000,0.000000,0.000000,0.000000_0.000000i,0.000000_0.000000i,0,1,0,0.00
1386888826,0,0,0,0,0.000000,0.000000,0.000000,0.000000,0.000000,0.000000,0.000000_0.000000i,0.000000_0.000000i,0,1,0,0.00
1386888826,0,0,0,0,0.000000,0.000000,0.000000,0.000000,0.000000,0.000000,0.000000_0.000000i,0.000000_0.000000i,0,1,0,0.00
1386888826,0,0,0,0,0.000000,0.000000,0.000000,0.000000,0.000000,0.000000,0.000000_0.000000i,0.000000_0.000000i,0,1,0,0.00
1386888826,0,0,0,0,0.000000,0.000000,0.000000,0.000000,0.000000,0.000000,0.000000_0.000000i,0.000000_0.000000i,0,1,0,0.00
1386888827,0,0,0,0,0.000000,0.000000,0.000000,0.000000,0.000000,0.000000,0.000000_0.000000i,0.000000_0.000000i,0,1,0,0.00
1386888827,0,0,0,0,0.000000,0.000000,0.000000,0.000000,0.000000,0.000000,0.000000_0.000000i,0.000000_0.000000i,0,1,0,0.00
1386888827,0,0,0,0,0.000000,0.000000,0.000000,0.000000,0.000000,0.000000,0.000000_0.000000i,0.000000_0.000000i,0,1,0,0.00
1386888827,0,0,0,0,0.000000,0.000000,0.000000,0.000000,0.000000,0.000000,0.000000_0.000000i,0.000000_0.000000i,0,1,0,0.00
1386888828,0,0,0,0,0.000000,0.000000,0.000000,0.000000,0.000000,0.000000,0.000000_0.000000i,0.000000_0.000000i,0,1,0,0.00
1386888828,0,0,0,0,0.000000,0.000000,0.000000,0.000000,0.000000,0.000000,0.000000_0.000000i,0.000000_0.000000i,0,1,0,0.00
1386888828,0,0,0,0,0.000000,0.000000,0.000000,0.000000,0.000000,0.000000,0.000000_0.000000i,0.000000_0.000000i,0,1,0,0.00
1386888828,0,0,0,0,0.000000,0.000000,0.000000,0.000000,0.000000,0.000000,0.000000_0.000000i,0.000000_0.000000i,0,1,0,0.00
1386888829,0,0,0,0,0.000000,0.000000,0.000000,0.000000,0.000000,0.000000,0.000000_0.000000i,0.000000_0.000000i,0,1,0,0.00
1386888829,0,0,0,0,0.000000,0.000000,0.000000,0.000000,0.000000,0.000000,0.000000_0.000000i,0.000000_0.000000i,0,1,0,0.00
1386888829,0,0,0,0,0.000000,0.000000,0.000000,0.000000,0.000000,0.000000,0.000000_0.000000i,0.000000_0.000000i,0,1,0,0.00
1386888829,0,0,0,0,0.000000,0.000000,0.000000,0.000000,0.000000,0.000000,0.000000_0.000000i,0.000000_0.000000i,0,1,0,0.00
1386888830,0,0,0,0,0.000000,0.000000,0.000000,0.000000,0.000000,0.000000,0.000000_0.000000i,0.000000_0.000000i,0,1,0,0.00
1386888830,0,0,0,0,0.000000,0.000000,0.000000,0.000000,0.000000,0.000000,0.000000_0.000000i,0.000000_0.000000i,0,1,0,0.00
1386888830,0,0,0,0,0.000000,0.000000,0.000000,0.000000,0.000000,0.000000,0.000000_0.000000i,0.000000_0.000000i,0,1,0,0.00
1386888830,0,0,0,0,0.000000,0.000000,0.000000,0.000000,0.000000,0.000000,0.000000_0.000000i,0.000000_0.000000i,0,1,0,0.00
1386888831,0,0,0,0,0.000000,0.000000,0.000000,0.000000,0.000000,0.000000,0.000000_0.000000i,0.000000_0.000000i,0,1,0,0.00
1386888831,0,0,0,0,0.000000,0.000000,0.000000,0.000000,0.000000,0.000000,0.000000_0.000000i,0.000000_0.000000i,0,1,0,0.00
1386888831,0,0,0,0,0.000000,0.000000,0.000000,0.000000,0.000000,0.000000,0.000000_0.000000i,0.000000_0.000000i,0,1,0,0.00
1386888831,0,0,0,0,0.000000,0.000000,0.000000,0.000000,0.000000,0.000000,0.000000_0.000000i,0.000000_0.000000i,0,1,0,0.00
1386888832,0,0,0,0,0.000000,0.000000,0.000000,0.000000,0.000000,0.000000,0.000000_0.000000i,0.000000_0.000000i,0,1,0,0.00
1386888832,1,0,0,18,-6.910552,0.000000,-1.047198,5.988611,-0.053142,-100.141106,227.816376_-445.259338i,26.542059_-499.451385i,0,1,0,0.00
1386888832,0,0,0,16,-6.910552,0.000000,-1.047198,5.170601,-0.053142,-100.132874,227.816376_-445.259338i,26.542059_-499.451385i,0,1,0,0.00
1386888832,0,0,0,16,-6.910552,0.000000,-1.047198,4.578932,-0.053142,-100.137794,227.816376_-445.259338i,26.542059_-499.451385i,0,1,0,0.00
1386888833,0,0,0,16,-6.910552,0.000000,-1.047198,3.760921,-0.053142,-100.155762,227.816376_-445.259338i,26.542059_-499.451385i,0,1,0,0.00
1386888833,0,0,0,16,-6.910552,0.000000,-1.047198,2.942911,-0.053142,-100.178322,227.816376_-445.259338i,26.542059_-499.451385i,0,1,0,0.00
1386888833,0,0,0,16,-6.910552,0.000000,-1.047198,2.124901,-0.053142,-100.189056,227.816376_-445.259338i,26.542059_-499.451385i,0,1,0,0.00
1386888833,0,0,0,16,-6.910552,0.000000,-1.047198,1.306891,-0.053142,-100.180435,227.816376_-445.259338i,26.542059_-499.451385i,0,1,0,0.00
1386888834,0,0,0,16,-6.910552,0.000000,-1.047198,0.488881,-0.053142,-100.158714,227.816376_-445.259338i,26.542059_-499.451385i,0,1,0,0.00
1386888834,0,0,0,16,-6.910552,0.000000,-1.047198,-0.329129,-0.053142,-100.139107,227.816376_-445.259338i,26.542059_-499.451385i,0,1,0,0.00
1386888834,0,0,0,16,-6.910552,0.000000,-1.047198,-1.147139,-0.053142,-100.131477,227.816376_-445.259338i,26.542059_-499.451385i,0,1,0,0.00
1386888834,0,0,0,0,-6.910552,0.000000,-1.047198,-1.147139,-0.053142,-100.131477,227.816376_-445.259338i,26.542059_-499.451385i,0,1,0,0.00
1386888835,0,0,0,0,-6.910552,0.000000,-1.047198,-1.147139,-0.053142,-100.131477,227.816376_-445.259338i,26.542059_-499.451385i,0,1,0,0.00
1386888835,0,0,0,0,-6.910552,0.000000,-1.047198,-1.147139,-0.053142,-100.131477,227.816376_-445.259338i,26.542059_-499.451385i,0,1,0,0.00
1386888835,0,0,0,0,-6.910552,0.000000,-1.047198,-1.147139,-0.053142,-100.131477,227.816376_-445.259338i,26.542059_-499.451385i,0,1,0,0.00
1386888835,0,0,0,16,-6.910552,0.000000,-1.047198,-0.278006,-0.047287,-100.111740,223.905365_-443.992004i,23.487261_-496.699982i,0,1,0,0.00
1386888836,0,0,0,16,-6.910552,0.000000,-1.047198,-1.096017,-0.047287,-100.105537,223.905365_-443.992004i,23.487261_-496.699982i,0,1,0,0.00
1386888836,0,0,0,16,-6.910552,0.000000,-1.047198,-1.992144,-0.047287,-100.114571,223.905365_-443.992004i,23.487261_-496.699982i,0,1,0,0.00
1386888836,0,0,0,16,-6.910552,0.000000,-1.047198,-2.810154,-0.047287,-100.133606,223.905365_-443.992004i,23.487261_-496.699982i,0,1,0,0.00
1386888836,0,0,0,16,-6.910552,0.000000,-1.047198,-3.628164,-0.047287,-100.153114,223.905365_-443.992004i,23.487261_-496.699982i,0,1,0,0.00
1386888837,0,0,0,16,-6.910552,0.000000,-1.047198,-4.446174,-0.047287,-100.158844,223.905365_-443.992004i,23.487261_-496.699982i,0,1,0,0.00
1386888837,0,0,0,16,-6.910552,0.000000,-1.047198,-5.264184,-0.047287,-100.145660,223.905365_-443.992004i,23.487261_-496.699982i,0,1,0,0.00
1386888837,0,0,0,16,-6.910552,0.000000,-1.047198,-6.082195,-0.047287,-100.124268,223.905365_-443.992004i,23.487261_-496.699982i,0,1,0,0.00
1386888837,0,0,0,16,-6.910552,0.000000,-1.047198,-6.900205,-0.047287,-100.107353,223.905365_-443.992004i,23.487261_-496.699982i,0,1,0,0.00
1386888838,0,0,0,16,-6.910552,0.000000,-1.047198,-6.002982,-0.047287,-100.090057,223.905365_-443.992004i,23.487261_-496.699982i,0,1,0,0.00
1386888838,0,0,0,16,-6.910552,0.000000,-1.047198,-6.820992,-0.047287,-100.077171,223.905365_-443.992004i,23.487261_-496.699982i,0,1,0,0.00
1386888838,0,0,0,16,-6.910552,0.000000,-1.047198,-7.498124,-0.047287,-100.073578,223.905365_-443.992004i,23.487261_-496.699982i,0,1,0,0.00
1386888838,0,0,0,16,-6.910552,0.000000,-1.047198,-8.257641,-0.047287,-100.080605,223.905365_-443.992004i,23.487261_-496.699982i,0,1,0,0.00
1386888839,0,0,0,16,-6.910552,0.000000,-1.047198,-9.075651,-0.047287,-100.096207,223.905365_-443.992004i,23.487261_-496.699982i,0,1,0,0.00
1386888839,0,0,0,16,-6.910552,0.000000,-1.047198,-9.893661,-0.047287,-100.112976,223.905365_-443.992004i,23.487261_-496.699982i,0,1,0,0.00
1386888839,0,0,0,16,-6.910552,0.000000,-1.047198,-10.711670,-0.047287,-100.118584,223.905365_-443.992004i,23.487261_-496.699982i,0,1,0,0.00
1386888839,0,0,0,16,-6.910552,0.000000,-1.047198,-11.529680,-0.047287,-100.107330,223.905365_-443.992004i,23.487261_-496.699982i,0,1,0,0.00
1386888840,0,0,0,16,-6.910552,0.000000,-1.047198,-12.347691,-0.047287,-100.089073,223.905365_-443.992004i,23.487261_-496.699982i,0,1,0,0.00
1386888840,0,0,0,16,-6.910552,0.000000,-1.047198,-13.165701,-0.047287,-100.076225,223.905365_-443.992004i,23.487261_-496.699982i,0,1,0,0.00
1386888840,0,0,0,16,-6.910552,0.000000,-1.047198,-12.580118,-0.047287,-100.061119,223.905365_-443.992004i,23.487261_-496.699982i,0,1,0,0.00
1386888840,0,0,0,16,-6.910552,0.000000,-1.047198,-13.398129,-0.047287,-100.052406,223.905365_-443.992004i,23.487261_-496.699982i,0,1,0,0.00
1386888841,0,0,0,16,-6.910552,0.000000,-1.047198,-12.634283,-0.047287,-100.039673,223.905365_-443.992004i,23.487261_-496.699982i,0,1,0,0.00
1386888841,0,0,0,16,-6.910552,0.000000,-1.047198,-13.452293,-0.047287,-100.033882,223.905365_-443.992004i,23.487261_-496.699982i,0,1,0,0.00
1386888841,0,0,0,16,-6.910552,0.000000,-1.047198,-14.277035,-0.047287,-100.035133,223.905365_-443.992004i,23.487261_-496.699982i,0,1,0,0.00
1386888841,0,0,0,16,-6.910552,0.000000,-1.047198,-15.095044,-0.047287,-100.045898,223.905365_-443.992004i,23.487261_-496.699982i,0,1,0,0.00
1386888842,0,0,0,16,-6.910552,0.000000,-1.047198,-15.913056,-0.047287,-100.058762,223.905365_-443.992004i,23.487261_-496.699982i,0,1,0,0.00
1386888842,0,0,0,16,-6.910552,0.000000,-1.047198,-16.731064,-0.047287,-100.066811,223.905365_-443.992004i,23.487261_-496.699982i,0,1,0,0.00
1386888842,0,0,0,16,-6.910552,0.000000,-1.047198,-17.549076,-0.047287,-100.062019,223.905365_-443.992004i,23.487261_-496.699982i,0,1,0,0.00
1386888842,0,0,0,16,-6.910552,0.000000,-1.047198,-18.367085,-0.047287,-100.050743,223.905365_-443.992004i,23.487261_-496.699982i,0,1,0,0.00
1386888843,0,0,0,16,-6.910552,0.000000,-1.047198,-19.185097,-0.047287,-100.038620,223.905365_-443.992004i,23.487261_-496.699982i,0,1,0,0.00
1386888843,0,0,0,16,-6.910552,0.000000,-1.047198,-20.003105,-0.047287,-100.034355,223.905365_-443.992004i,23.487261_-496.699982i,0,1,0,0.00
1386888843,0,0,0,16,-6.910552,0.000000,-1.047198,-19.133972,-0.047287,-100.024727,223.905365_-443.992004i,23.487261_-496.699982i,0,1,0,0.00
1386888843,0,0,0,16,-6.910552,0.000000,-1.047198,-19.951984,-0.047287,-100.020821,223.905365_-443.992004i,23.487261_-496.699982i,0,1,0,0.00
1386888844,0,0,0,16,-6.910552,0.000000,-1.047198,-20.848110,-0.047287,-100.024773,223.905365_-443.992004i,23.487261_-496.699982i,0,1,0,0.00
1386888844,0,0,0,16,-6.910552,0.000000,-1.047198,-21.666122,-0.047287,-100.034073,223.905365_-443.992004i,23.487261_-496.699982i,0,1,0,0.00
1386888844,0,0,0,16,-6.910552,0.000000,-1.047198,-22.484131,-0.047287,-100.043091,223.905365_-443.992004i,23.487261_-496.699982i,0,1,0,0.00
1386888844,0,0,0,16,-6.910552,0.000000,-1.047198,-23.302143,-0.047287,-100.046814,223.905365_-443.992004i,23.487261_-496.699982i,0,1,0,0.00
1386888845,0,0,0,16,-6.910552,0.000000,-1.047198,-24.120152,-0.047287,-100.039650,223.905365_-443.992004i,23.487261_-496.699982i,0,1,0,0.00
1386888845,0,0,0,16,-6.910552,0.000000,-1.047198,-24.938164,-0.047287,-100.029716,223.905365_-443.992004i,23.487261_-496.699982i,0,1,0,0.00
1386888845,0,0,0,16,-6.910552,0.000000,-1.047198,-25.756172,-0.047287,-100.022339,223.905365_-443.992004i,23.487261_-496.699982i,0,1,0,0.00
1386888845,0,0,0,16,-6.910552,0.000000,-1.047198,-25.372211,-0.047287,-100.014702,223.905365_-443.992004i,23.487261_-496.699982i,0,1,0,0.00
1386888846,0,0,0,16,-6.910552,0.000000,-1.047198,-26.190224,-0.047287,-100.011520,223.905365_-443.992004i,23.487261_-496.699982i,0,1,0,0.00
1386888846,0,0,0,16,-6.910552,0.000000,-1.047198,-25.701149,-0.047287,-100.007072,223.905365_-443.992004i,23.487261_-496.699982i,0,1,0,0.00
1386888846,0,0,0,16,-6.910552,0.000000,-1.047198,-25.965588,-0.047287,-100.003891,223.905365_-443.992004i,23.487261_-496.699982i,0,1,0,0.00
1386888846,0,0,0,16,-6.910552,0.000000,-1.047198,-25.201744,-0.047287,-100.001030,223.905365_-443.992004i,23.487261_-496.699982i,0,1,0,0.00
1386888847,0,0,0,16,-6.910552,0.000000,-1.047198,-26.019753,-0.047287,-100.000259,223.905365_-443.992004i,23.487261_-496.699982i,0,1,0,0.00
1386888847,0,0,0,16,-6.910552,0.000000,-1.047198,-26.844494,-0.047287,-100.000359,223.905365_-443.992004i,23.487261_-496.699982i,0,1,0,0.00
1386888847,0,0,0,0,-6.910552,0.000000,-1.047198,-26.844494,-0.047287,-100.000359,223.905365_-443.992004i,23.487261_-496.699982i,0,1,0,0.00
1386888847,0,0,0,0,-6.910552,0.000000,-1.047198,-26.844494,-0.047287,-100.000359,223.905365_-443.992004i,23.487261_-496.699982i,0,1,0,0.00
1386888848,0,0,0,0,-6.910552,0.000000,-1.047198,-26.844494,-0.047287,-100.000359,223.905365_-443.992004i,23.487261_-496.699982i,0,1,0,0.00
1386888848,0,0,0,0,-6.910552,0.000000,-1.047198,-26.844494,-0.047287,-100.000359,223.905365_-443.992004i,23.487261_-496.699982i,0,1,0,0.00
1386888848,0,0,0,0,-6.910552,0.000000,-1.047198,-26.844494,-0.047287,-100.000359,223.905365_-443.992004i,23.487261_-496.699982i,0,1,0,0.00
1386888848,0,0,0,0,-6.910552,0.000000,-1.047198,-26.844494,-0.047287,-100.000359,223.905365_-443.992004i,23.487261_-496.699982i,0,1,0,0.00
1386888849,0,0,0,0,-6.910552,0.000000,-1.047198,-26.844494,-0.047287,-100.000359,223.905365_-443.992004i,23.487261_-496.699982i,0,1,0,0.00
1386888849,0,0,0,0,-6.910552,0.000000,-1.047198,-26.844494,-0.047287,-100.000359,223.905365_-443.992004i,23.487261_-496.699982i,0,1,0,0.00
1386888849,0,0,0,0,-6.910552,0.000000,-1.047198,-26.844494,-0.047287,-100.000359,223.905365_-443.992004i,23.487261_-496.699982i,0,1,0,0.00
1386888849,0,0,0,0,-6.910552,0.000000,-1.047198,-26.844494,-0.047287,-100.000359,223.905365_-443.992004i,23.487261_-496.699982i,0,1,0,0.00
1386888850,0,0,0,0,-6.910552,0.000000,-1.047198,-26.844494,-0.047287,-100.000359,223.905365_-443.992004i,23.487261_-496.699982i,0,1,0,0.00
1386888850,0,0,0,0,-6.910552,0.000000,-1.047198,-26.844494,-0.047287,-100.000359,223.905365_-443.992004i,23.487261_-496.699982i,0,1,0,0.00
1386888850,0,0,0,0,-6.910552,0.000000,-1.047198,-26.844494,-0.047287,-100.000359,223.905365_-443.992004i,23.487261_-496.699982i,0,1,0,0.00
1386888851,0,0,0,0,-6.910552,0.000000,-1.047198,-26.844494,-0.047287,-100.000359,223.905365_-443.992004i,23.487261_-496.699982i,0,1,0,0.00
1386888851,0,0,0,0,-6.910552,0.000000,-1.047198,-26.844494,-0.047287,-100.000359,223.905365_-443.992004i,23.487261_-496.699982i,0,1,0,0.00
1386888851,0,0,0,0,-6.910552,0.000000,-1.047198,-26.844494,-0.047287,-100.000359,223.905365_-443.992004i,23.487261_-496.699982i,0,1,0,0.00
1386888851,0,0,0,0,-6.910552,0.000000,-1.047198,-26.844494,-0.047287,-100.000359,223.905365_-443.992004i,23.487261_-496.699982i,0,1,0,0.00
