MCU_timestamp,sig1,sig2,sig3,fa_debug,theta_d1,theta_d,theta_d1_b,theta_b,a_x,b_x,X_b,X_T_b,sail_hc_periods,sail_hc_direction,sail_hc_val,sail_hc_MEAN_V,act_history,jibe_status
1390058954,0,0,0,0,0.000000,0.000000,0.000000,0.000000,0.000000,0.000000,0.000000_0.000000i,0.000000_0.000000i,0,1,0,0.00,0.48,1
1390058955,0,0,0,0,0.000000,0.000000,0.000000,0.000000,0.000000,0.000000,0.000000_0.000000i,0.000000_0.000000i,0,1,0,0.00,0.65,1
1390058955,0,0,0,0,0.000000,0.000000,0.000000,0.000000,0.000000,0.000000,0.000000_0.000000i,0.000000_0.000000i,0,1,0,0.00,0.83,1
1390058955,0,0,0,0,0.000000,0.000000,0.000000,0.000000,0.000000,0.000000,0.000000_0.000000i,0.000000_0.000000i,0,1,0,0.00,1.00,1
1390058955,0,0,0,0,0.000000,0.000000,0.000000,0.000000,0.000000,0.000000,0.000000_0.000000i,0.000000_0.000000i,0,1,0,0.00,1.17,1
1390058956,0,0,0,0,0.000000,0.000000,0.000000,0.000000,0.000000,0.000000,0.000000_0.000000i,0.000000_0.000000i,0,1,0,0.00,1.35,1
1390058956,0,0,0,0,0.000000,0.000000,0.000000,0.000000,0.000000,0.000000,0.000000_0.000000i,0.000000_0.000000i,0,1,0,0.00,1.52,1
1390058956,0,0,0,0,0.000000,0.000000,0.000000,0.000000,0.000000,0.000000,0.000000_0.000000i,0.000000_0.000000i,0,1,0,0.00,1.70,1
1390058956,0,0,0,0,0.000000,0.000000,0.000000,0.000000,0.000000,0.000000,0.000000_0.000000i,0.000000_0.000000i,0,1,0,0.00,1.87,1
1390058957,0,0,0,0,0.000000,0.000000,0.000000,0.000000,0.000000,0.000000,0.000000_0.000000i,0.000000_0.000000i,0,1,0,0.00,2.05,1
1390058957,0,0,0,0,0.000000,0.000000,0.000000,0.000000,0.000000,0.000000,0.000000_0.000000i,0.000000_0.000000i,0,1,0,0.00,2.22,1
1390058957,0,0,0,0,0.000000,0.000000,0.000000,0.000000,0.000000,0.000000,0.000000_0.000000i,0.000000_0.000000i,0,1,0,0.00,2.40,1
1390058957,0,0,0,0,0.000000,0.000000,0.000000,0.000000,0.000000,0.000000,0.000000_0.000000i,0.000000_0.000000i,0,1,0,0.00,2.57,1
1390058958,0,0,0,0,0.000000,0.000000,0.000000,0.000000,0.000000,0.000000,0.000000_0.000000i,0.000000_0.000000i,0,1,0,0.00,2.75,1
1390058958,0,0,0,0,0.000000,0.000000,0.000000,0.000000,0.000000,0.000000,0.000000_0.000000i,0.000000_0.000000i,0,1,0,0.00,2.92,1
1390058958,0,0,0,0,0.000000,0.000000,0.000000,0.000000,0.000000,0.000000,0.000000_0.000000i,0.000000_0.000000i,0,1,0,0.00,3.10,1
1390058958,0,0,0,0,0.000000,0.000000,0.000000,0.000000,0.000000,0.000000,0.000000_0.000000i,0.000000_0.000000i,0,1,0,0.00,3.27,1
1390058959,0,0,0,0,0.000000,0.000000,0.000000,0.000000,0.000000,0.000000,0.000000_0.000000i,0.000000_0.000000i,0,1,0,0.00,3.45,1
1390058959,0,0,0,0,0.000000,0.000000,0.000000,0.000000,0.000000,0.000000,0.000000_0.000000i,0.000000_0.000000i,0,1,0,0.00,3.62,1
1390058959,0,0,0,0,0.000000,0.000000,0.000000,0.000000,0.000000,0.000000,0.000000_0.000000i,0.000000_0.000000i,0,1,0,0.00,3.80,1
1390058959,0,0,0,0,0.000000,0.000000,0.000000,0.000000,0.000000,0.000000,0.000000_0.000000i,0.000000_0.000000i,0,1,0,0.00,3.97,1
1390058960,0,0,0,0,0.000000,0.000000,0.000000,0.000000,0.000000,0.000000,0.000000_0.000000i,0.000000_0.000000i,0,1,0,0.00,4.15,1
1390058960,0,0,0,0,0.000000,0.000000,0.000000,0.000000,0.000000,0.000000,0.000000_0.000000i,0.000000_0.000000i,0,1,0,0.00,4.15,1
1390058960,0,0,0,0,0.000000,0.000000,0.000000,0.000000,0.000000,0.000000,0.000000_0.000000i,0.000000_0.000000i,0,1,0,0.00,4.15,1
1390058960,0,0,0,0,0.000000,0.000000,0.000000,0.000000,0.000000,0.000000,0.000000_0.000000i,0.000000_0.000000i,0,1,0,0.00,4.15,1
1390058961,0,0,0,0,0.000000,0.000000,0.000000,0.000000,0.000000,0.000000,0.000000_0.000000i,0.000000_0.000000i,0,1,0,0.00,4.15,1
1390058961,0,0,0,0,0.000000,0.000000,0.000000,0.000000,0.000000,0.000000,0.000000_0.000000i,0.000000_0.000000i,0,1,0,0.00,4.15,1
1390058961,0,0,0,0,0.000000,0.000000,0.000000,0.000000,0.000000,0.000000,0.000000_0.000000i,0.000000_0.000000i,0,1,0,0.00,4.15,1
1390058961,0,0,0,0,0.000000,0.000000,0.000000,0.000000,0.000000,0.000000,0.000000_0.000000i,0.000000_0.000000i,0,1,0,0.00,4.15,1
1390058962,0,0,0,0,0.000000,0.000000,0.000000,0.000000,0.000000,0.000000,0.000000_0.000000i,0.000000_0.000000i,0,1,0,0.00,4.15,1
1390058962,0,0,0,0,0.000000,0.000000,0.000000,0.000000,0.000000,0.000000,0.000000_0.000000i,0.000000_0.000000i,0,1,0,0.00,4.15,1
1390058962,0,0,0,0,0.000000,0.000000,0.000000,0.000000,0.000000,0.000000,0.000000_0.000000i,0.000000_0.000000i,0,1,0,0.00,4.15,1
1390058962,0,0,0,0,0.000000,0.000000,0.000000,0.000000,0.000000,0.000000,0.000000_0.000000i,0.000000_0.000000i,0,1,0,0.00,4.15,1
1390058963,0,0,0,0,0.000000,0.000000,0.000000,0.000000,0.000000,0.000000,0.000000_0.000000i,0.000000_0.000000i,0,1,0,0.00,4.15,1
1390058963,0,0,0,0,0.000000,0.000000,0.000000,0.000000,0.000000,0.000000,0.000000_0.000000i,0.000000_0.000000i,0,1,0,0.00,4.32,1
1390058963,0,0,0,0,0.000000,0.000000,0.000000,0.000000,0.000000,0.000000,0.000000_0.000000i,0.000000_0.000000i,0,1,0,0.00,4.50,1
1390058963,0,0,0,0,0.000000,0.000000,0.000000,0.000000,0.000000,0.000000,0.000000_0.000000i,0.000000_0.000000i,0,1,0,0.00,4.68,1
1390058964,0,0,0,0,0.000000,0.000000,0.000000,0.000000,0.000000,0.000000,0.000000_0.000000i,0.000000_0.000000i,0,1,0,0.00,4.85,1
1390058964,0,0,0,0,0.000000,0.000000,0.000000,0.000000,0.000000,0.000000,0.000000_0.000000i,0.000000_0.000000i,0,1,0,0.00,5.03,1
1390058964,0,0,0,0,0.000000,0.000000,0.000000,0.000000,0.000000,0.000000,0.000000_0.000000i,0.000000_0.000000i,0,1,0,0.00,5.20,1
1390058964,0,0,0,0,0.000000,0.000000,0.000000,0.000000,0.000000,0.000000,0.000000_0.000000i,0.000000_0.000000i,0,1,0,0.00,5.38,1
1390058965,0,0,0,0,0.000000,0.000000,0.000000,0.000000,0.000000,0.000000,0.000000_0.000000i,0.000000_0.000000i,0,1,0,0.00,5.55,1
1390058965,0,0,0,0,0.000000,0.000000,0.000000,0.000000,0.000000,0.000000,0.000000_0.000000i,0.000000_0.000000i,0,1,0,0.00,5.73,1
1390058965,0,0,0,0,0.000000,0.000000,0.000000,0.000000,0.000000,0.000000,0.000000_0.000000i,0.000000_0.000000i,0,1,0,0.00,5.90,1
1390058965,0,0,0,0,0.000000,0.000000,0.000000,0.000000,0.000000,0.000000,0.000000_0.000000i,0.000000_0.000000i,0,1,0,0.00,6.08,1
1390058966,0,0,0,0,0.000000,0.000000,0.000000,0.000000,0.000000,0.000000,0.000000_0.000000i,0.000000_0.000000i,0,1,0,0.00,6.25,1
1390058966,0,0,0,0,0.000000,0.000000,0.000000,0.000000,0.000000,0.000000,0.000000_0.000000i,0.000000_0.000000i,0,1,0,0.00,6.43,1
1390058966,0,0,0,0,0.000000,0.000000,0.000000,0.000000,0.000000,0.000000,0.000000_0.000000i,0.000000_0.000000i,0,1,0,0.00,6.60,1
1390058966,0,0,0,0,0.000000,0.000000,0.000000,0.000000,0.000000,0.000000,0.000000_0.000000i,0.000000_0.000000i,0,1,0,0.00,6.78,1
1390058967,0,0,0,0,0.000000,0.000000,0.000000,0.000000,0.000000,0.000000,0.000000_0.000000i,0.000000_0.000000i,0,1,0,0.00,6.95,1
1390058967,0,0,0,0,0.000000,0.000000,0.000000,0.000000,0.000000,0.000000,0.000000_0.000000i,0.000000_0.000000i,0,1,0,0.00,7.13,1
1390058967,0,0,0,0,0.000000,0.000000,0.000000,0.000000,0.000000,0.000000,0.000000_0.000000i,0.000000_0.000000i,0,1,0,0.00,7.30,1
1390058967,0,0,0,0,0.000000,0.000000,0.000000,0.000000,0.000000,0.000000,0.000000_0.000000i,0.000000_0.000000i,0,1,0,0.00,7.48,1
1390058968,0,0,0,0,0.000000,0.000000,0.000000,0.000000,0.000000,0.000000,0.000000_0.000000i,0.000000_0.000000i,0,1,0,0.00,7.65,1
1390058968,0,0,0,0,0.000000,0.000000,0.000000,0.000000,0.000000,0.000000,0.000000_0.000000i,0.000000_0.000000i,0,1,0,0.00,7.83,1
1390058968,0,0,0,0,0.000000,0.000000,0.000000,0.000000,0.000000,0.000000,0.000000_0.000000i,0.000000_0.000000i,0,1,0,0.00,8.00,1
1390058968,0,0,0,0,0.000000,0.000000,0.000000,0.000000,0.000000,0.000000,0.000000_0.000000i,0.000000_0.000000i,0,1,0,0.00,8.18,1
1390058969,0,0,0,0,0.000000,0.000000,0.000000,0.000000,0.000000,0.000000,0.000000_0.000000i,0.000000_0.000000i,0,1,0,0.00,8.35,1
1390058969,0,0,0,0,0.000000,0.000000,0.000000,0.000000,0.000000,0.000000,0.000000_0.000000i,0.000000_0.000000i,0,1,0,0.00,8.53,1
1390058969,0,0,0,0,0.000000,0.000000,0.000000,0.000000,0.000000,0.000000,0.000000_0.000000i,0.000000_0.000000i,0,1,0,0.00,8.70,1
1390058969,0,0,0,0,0.000000,0.000000,0.000000,0.000000,0.000000,0.000000,0.000000_0.000000i,0.000000_0.000000i,0,1,0,0.00,8.88,1
1390058970,0,0,0,0,0.000000,0.000000,0.000000,0.000000,0.000000,0.000000,0.000000_0.000000i,0.000000_0.000000i,0,1,0,0.00,9.05,1
1390058970,0,0,0,0,0.000000,0.000000,0.000000,0.000000,0.000000,0.000000,0.000000_0.000000i,0.000000_0.000000i,0,1,0,0.00,9.23,1
1390058970,0,0,0,0,0.000000,0.000000,0.000000,0.000000,0.000000,0.000000,0.000000_0.000000i,0.000000_0.000000i,0,1,0,0.00,9.40,1
1390058970,0,0,0,0,0.000000,0.000000,0.000000,0.000000,0.000000,0.000000,0.000000_0.000000i,0.000000_0.000000i,0,1,0,0.00,9.58,1
1390058971,0,0,0,0,0.000000,0.000000,0.000000,0.000000,0.000000,0.000000,0.000000_0.000000i,0.000000_0.000000i,0,1,0,0.00,9.75,1
1390058971,0,0,0,0,0.000000,0.000000,0.000000,0.000000,0.000000,0.000000,0.000000_0.000000i,0.000000_0.000000i,0,1,0,0.00,9.93,1
1390058971,0,0,0,0,0.000000,0.000000,0.000000,0.000000,0.000000,0.000000,0.000000_0.000000i,0.000000_0.000000i,0,1,0,0.00,10.10,1
1390058972,0,0,0,0,0.000000,0.000000,0.000000,0.000000,0.000000,0.000000,0.000000_0.000000i,0.000000_0.000000i,0,1,0,0.00,10.28,1
1390058972,0,0,0,0,0.000000,0.000000,0.000000,0.000000,0.000000,0.000000,0.000000_0.000000i,0.000000_0.000000i,0,1,0,0.00,10.45,1
1390058972,0,0,0,0,0.000000,0.000000,0.000000,0.000000,0.000000,0.000000,0.000000_0.000000i,0.000000_0.000000i,0,1,0,0.00,10.63,1
1390058972,0,0,0,0,0.000000,0.000000,0.000000,0.000000,0.000000,0.000000,0.000000_0.000000i,0.000000_0.000000i,0,1,0,0.00,10.80,1
1390058973,0,0,0,0,0.000000,0.000000,0.000000,0.000000,0.000000,0.000000,0.000000_0.000000i,0.000000_0.000000i,0,1,0,0.00,10.98,1
1390058973,0,0,0,0,0.000000,0.000000,0.000000,0.000000,0.000000,0.000000,0.000000_0.000000i,0.000000_0.000000i,0,1,0,0.00,11.15,1
1390058973,0,0,0,0,0.000000,0.000000,0.000000,0.000000,0.000000,0.000000,0.000000_0.000000i,0.000000_0.000000i,0,1,0,0.00,11.33,1
1390058973,0,0,0,0,0.000000,0.000000,0.000000,0.000000,0.000000,0.000000,0.000000_0.000000i,0.000000_0.000000i,0,1,0,0.00,11.50,1
1390058974,0,0,0,0,0.000000,0.000000,0.000000,0.000000,0.000000,0.000000,0.000000_0.000000i,0.000000_0.000000i,0,1,0,0.00,11.68,1
1390058974,0,0,0,0,0.000000,0.000000,0.000000,0.000000,0.000000,0.000000,0.000000_0.000000i,0.000000_0.000000i,0,1,0,0.00,11.85,1
1390058974,0,0,0,0,0.000000,0.000000,0.000000,0.000000,0.000000,0.000000,0.000000_0.000000i,0.000000_0.000000i,0,1,0,0.00,12.03,1
1390058974,0,0,0,0,0.000000,0.000000,0.000000,0.000000,0.000000,0.000000,0.000000_0.000000i,0.000000_0.000000i,0,1,0,0.00,12.20,1
1390058975,0,0,0,0,0.000000,0.000000,0.000000,0.000000,0.000000,0.000000,0.000000_0.000000i,0.000000_0.000000i,0,1,0,0.00,12.38,1
1390058975,0,0,0,0,0.000000,0.000000,0.000000,0.000000,0.000000,0.000000,0.000000_0.000000i,0.000000_0.000000i,0,1,0,0.00,12.55,1
1390058975,0,0,0,0,0.000000,0.000000,0.000000,0.000000,0.000000,0.000000,0.000000_0.000000i,0.000000_0.000000i,0,1,0,0.00,12.73,1
1390058975,0,0,0,0,0.000000,0.000000,0.000000,0.000000,0.000000,0.000000,0.000000_0.000000i,0.000000_0.000000i,0,1,0,0.00,12.90,1
1390058976,0,0,0,0,0.000000,0.000000,0.000000,0.000000,0.000000,0.000000,0.000000_0.000000i,0.000000_0.000000i,0,1,0,0.00,13.08,1
1390058976,0,0,0,0,0.000000,0.000000,0.000000,0.000000,0.000000,0.000000,0.000000_0.000000i,0.000000_0.000000i,0,1,0,0.00,13.25,1
1390058976,0,0,0,0,0.000000,0.000000,0.000000,0.000000,0.000000,0.000000,0.000000_0.000000i,0.000000_0.000000i,0,1,0,0.00,13.43,1
1390058976,0,0,0,0,0.000000,0.000000,0.000000,0.000000,0.000000,0.000000,0.000000_0.000000i,0.000000_0.000000i,0,1,0,0.00,13.60,1
1390058977,0,0,0,0,0.000000,0.000000,0.000000,0.000000,0.000000,0.000000,0.000000_0.000000i,0.000000_0.000000i,0,1,0,0.00,13.78,1
1390058977,0,0,0,0,0.000000,0.000000,0.000000,0.000000,0.000000,0.000000,0.000000_0.000000i,0.000000_0.000000i,0,1,0,0.00,13.95,1
1390058977,0,0,0,0,0.000000,0.000000,0.000000,0.000000,0.000000,0.000000,0.000000_0.000000i,0.000000_0.000000i,0,1,0,0.00,14.13,1
1390058977,0,0,0,0,0.000000,0.000000,0.000000,0.000000,0.000000,0.000000,0.000000_0.000000i,0.000000_0.000000i,0,1,0,0.00,14.30,1
1390058978,0,0,0,0,0.000000,0.000000,0.000000,0.000000,0.000000,0.000000,0.000000_0.000000i,0.000000_0.000000i,0,1,0,0.00,14.48,1
1390058978,0,0,0,0,0.000000,0.000000,0.000000,0.000000,0.000000,0.000000,0.000000_0.000000i,0.000000_0.000000i,0,1,0,0.00,14.65,1
1390058978,0,0,0,0,0.000000,0.000000,0.000000,0.000000,0.000000,0.000000,0.000000_0.000000i,0.000000_0.000000i,0,1,0,0.00,14.83,1
1390058978,0,0,0,0,0.000000,0.000000,0.000000,0.000000,0.000000,0.000000,0.000000_0.000000i,0.000000_0.000000i,0,1,0,0.00,15.00,1
1390058979,0,0,0,0,0.000000,0.000000,0.000000,0.000000,0.000000,0.000000,0.000000_0.000000i,0.000000_0.000000i,0,1,0,0.00,15.18,1
1390058979,0,0,0,0,0.000000,0.000000,0.000000,0.000000,0.000000,0.000000,0.000000_0.000000i,0.000000_0.000000i,0,1,0,0.00,15.35,1
1390058979,0,0,0,0,0.000000,0.000000,0.000000,0.000000,0.000000,0.000000,0.000000_0.000000i,0.000000_0.000000i,0,1,0,0.00,15.53,1
1390058979,0,0,0,0,0.000000,0.000000,0.000000,0.000000,0.000000,0.000000,0.000000_0.000000i,0.000000_0.000000i,0,1,0,0.00,15.70,1
1390058980,0,0,0,0,0.000000,0.000000,0.000000,0.000000,0.000000,0.000000,0.000000_0.000000i,0.000000_0.000000i,0,1,0,0.00,15.88,1
1390058980,0,0,0,0,0.000000,0.000000,0.000000,0.000000,0.000000,0.000000,0.000000_0.000000i,0.000000_0.000000i,0,1,0,0.00,16.05,1
1390058980,0,0,0,0,0.000000,0.000000,0.000000,0.000000,0.000000,0.000000,0.000000_0.000000i,0.000000_0.000000i,0,1,0,0.00,16.23,1
1390058980,0,0,0,0,0.000000,0.000000,0.000000,0.000000,0.000000,0.000000,0.000000_0.000000i,0.000000_0.000000i,0,1,0,0.00,16.40,1
1390058981,0,0,0,0,0.000000,0.000000,0.000000,0.000000,0.000000,0.000000,0.000000_0.000000i,0.000000_0.000000i,0,1,0,0.00,16.58,1
1390058981,0,0,0,0,0.000000,0.000000,0.000000,0.000000,0.000000,0.000000,0.000000_0.000000i,0.000000_0.000000i,0,1,0,0.00,16.75,1
1390058981,0,0,0,0,0.000000,0.000000,0.000000,0.000000,0.000000,0.000000,0.000000_0.000000i,0.000000_0.000000i,0,1,0,0.00,16.93,1
1390058981,0,0,0,0,0.000000,0.000000,0.000000,0.000000,0.000000,0.000000,0.000000_0.000000i,0.000000_0.000000i,0,1,0,0.00,17.10,1
1390058982,0,0,0,0,0.000000,0.000000,0.000000,0.000000,0.000000,0.000000,0.000000_0.000000i,0.000000_0.000000i,0,1,0,0.00,17.28,1
1390058982,0,0,0,0,0.000000,0.000000,0.000000,0.000000,0.000000,0.000000,0.000000_0.000000i,0.000000_0.000000i,0,1,0,0.00,17.45,1
1390058982,0,0,0,0,0.000000,0.000000,0.000000,0.000000,0.000000,0.000000,0.000000_0.000000i,0.000000_0.000000i,0,1,0,0.00,17.63,1
1390058982,0,0,0,0,0.000000,0.000000,0.000000,0.000000,0.000000,0.000000,0.000000_0.000000i,0.000000_0.000000i,0,1,0,0.00,17.80,1
1390058983,0,0,0,0,0.000000,0.000000,0.000000,0.000000,0.000000,0.000000,0.000000_0.000000i,0.000000_0.000000i,0,1,0,0.00,17.98,1
1390058983,0,0,0,0,0.000000,0.000000,0.000000,0.000000,0.000000,0.000000,0.000000_0.000000i,0.000000_0.000000i,0,1,0,0.00,18.15,1
1390058983,0,0,0,0,0.000000,0.000000,0.000000,0.000000,0.000000,0.000000,0.000000_0.000000i,0.000000_0.000000i,0,1,0,0.00,18.33,1
1390058983,0,0,0,0,0.000000,0.000000,0.000000,0.000000,0.000000,0.000000,0.000000_0.000000i,0.000000_0.000000i,0,1,0,0.00,18.50,1
1390058984,0,0,0,0,0.000000,0.000000,0.000000,0.000000,0.000000,0.000000,0.000000_0.000000i,0.000000_0.000000i,0,1,0,0.00,18.67,1
1390058984,0,0,0,0,0.000000,0.000000,0.000000,0.000000,0.000000,0.000000,0.000000_0.000000i,0.000000_0.000000i,0,1,0,0.00,18.85,1
1390058984,0,0,0,0,0.000000,0.000000,0.000000,0.000000,0.000000,0.000000,0.000000_0.000000i,0.000000_0.000000i,0,1,0,0.00,19.02,1
1390058984,0,0,0,0,0.000000,0.000000,0.000000,0.000000,0.000000,0.000000,0.000000_0.000000i,0.000000_0.000000i,0,1,0,0.00,19.20,1
1390058985,0,0,0,0,0.000000,0.000000,0.000000,0.000000,0.000000,0.000000,0.000000_0.000000i,0.000000_0.000000i,0,1,0,0.00,19.37,1
1390058985,0,0,0,0,0.000000,0.000000,0.000000,0.000000,0.000000,0.000000,0.000000_0.000000i,0.000000_0.000000i,0,1,0,0.00,19.55,1
1390058985,0,0,0,0,0.000000,0.000000,0.000000,0.000000,0.000000,0.000000,0.000000_0.000000i,0.000000_0.000000i,0,1,0,0.00,19.72,1
1390058985,0,0,0,0,0.000000,0.000000,0.000000,0.000000,0.000000,0.000000,0.000000_0.000000i,0.000000_0.000000i,0,1,0,0.00,19.90,1
1390058986,0,0,0,0,0.000000,0.000000,0.000000,0.000000,0.000000,0.000000,0.000000_0.000000i,0.000000_0.000000i,0,1,0,0.00,20.07,1
1390058986,0,0,0,0,0.000000,0.000000,0.000000,0.000000,0.000000,0.000000,0.000000_0.000000i,0.000000_0.000000i,0,1,0,0.00,20.25,1
1390058986,0,0,0,0,0.000000,0.000000,0.000000,0.000000,0.000000,0.000000,0.000000_0.000000i,0.000000_0.000000i,0,1,0,0.00,20.42,1
1390058986,0,0,0,0,0.000000,0.000000,0.000000,0.000000,0.000000,0.000000,0.000000_0.000000i,0.000000_0.000000i,0,1,0,0.00,20.60,1
1390058987,0,0,0,0,0.000000,0.000000,0.000000,0.000000,0.000000,0.000000,0.000000_0.000000i,0.000000_0.000000i,0,1,0,0.00,20.77,1
1390058987,0,0,0,0,0.000000,0.000000,0.000000,0.000000,0.000000,0.000000,0.000000_0.000000i,0.000000_0.000000i,0,1,0,0.00,20.95,1
1390058987,0,0,0,0,0.000000,0.000000,0.000000,0.000000,0.000000,0.000000,0.000000_0.000000i,0.000000_0.000000i,0,1,0,0.00,21.12,1
1390058987,0,0,0,0,0.000000,0.000000,0.000000,0.000000,0.000000,0.000000,0.000000_0.000000i,0.000000_0.000000i,0,1,0,0.00,21.30,1
1390058988,0,0,0,0,0.000000,0.000000,0.000000,0.000000,0.000000,0.000000,0.000000_0.000000i,0.000000_0.000000i,0,1,0,0.00,21.47,1
1390058988,0,0,0,0,0.000000,0.000000,0.000000,0.000000,0.000000,0.000000,0.000000_0.000000i,0.000000_0.000000i,0,1,0,0.00,21.65,1
1390058988,0,0,0,0,0.000000,0.000000,0.000000,0.000000,0.000000,0.000000,0.000000_0.000000i,0.000000_0.000000i,0,1,0,0.00,21.82,1
1390058988,0,0,0,0,0.000000,0.000000,0.000000,0.000000,0.000000,0.000000,0.000000_0.000000i,0.000000_0.000000i,0,1,0,0.00,22.00,1
1390058989,0,0,0,0,0.000000,0.000000,0.000000,0.000000,0.000000,0.000000,0.000000_0.000000i,0.000000_0.000000i,0,1,0,0.00,22.17,1
1390058989,0,0,0,0,0.000000,0.000000,0.000000,0.000000,0.000000,0.000000,0.000000_0.000000i,0.000000_0.000000i,0,1,0,0.00,22.35,1
1390058989,0,0,0,0,0.000000,0.000000,0.000000,0.000000,0.000000,0.000000,0.000000_0.000000i,0.000000_0.000000i,0,1,0,0.00,22.52,1
1390058989,0,0,0,0,0.000000,0.000000,0.000000,0.000000,0.000000,0.000000,0.000000_0.000000i,0.000000_0.000000i,0,1,0,0.00,22.70,1
1390058990,0,0,0,0,0.000000,0.000000,0.000000,0.000000,0.000000,0.000000,0.000000_0.000000i,0.000000_0.000000i,0,1,0,0.00,22.87,1
1390058990,0,0,0,0,0.000000,0.000000,0.000000,0.000000,0.000000,0.000000,0.000000_0.000000i,0.000000_0.000000i,0,1,0,0.00,23.05,1
1390058990,0,0,0,0,0.000000,0.000000,0.000000,0.000000,0.000000,0.000000,0.000000_0.000000i,0.000000_0.000000i,0,1,0,0.00,23.22,1
1390058990,0,0,0,0,0.000000,0.000000,0.000000,0.000000,0.000000,0.000000,0.000000_0.000000i,0.000000_0.000000i,0,1,0,0.00,23.40,1
1390058991,0,0,0,0,0.000000,0.000000,0.000000,0.000000,0.000000,0.000000,0.000000_0.000000i,0.000000_0.000000i,0,1,0,0.00,23.57,1
1390058991,0,0,0,0,0.000000,0.000000,0.000000,0.000000,0.000000,0.000000,0.000000_0.000000i,0.000000_0.000000i,0,1,0,0.00,23.75,1
1390058991,0,0,0,0,0.000000,0.000000,0.000000,0.000000,0.000000,0.000000,0.000000_0.000000i,0.000000_0.000000i,0,1,0,0.00,23.92,1
1390058991,0,0,0,0,0.000000,0.000000,0.000000,0.000000,0.000000,0.000000,0.000000_0.000000i,0.000000_0.000000i,0,1,0,0.00,24.10,1
1390058992,0,0,0,0,0.000000,0.000000,0.000000,0.000000,0.000000,0.000000,0.000000_0.000000i,0.000000_0.000000i,0,1,0,0.00,24.27,1
1390058992,0,0,0,0,0.000000,0.000000,0.000000,0.000000,0.000000,0.000000,0.000000_0.000000i,0.000000_0.000000i,0,1,0,0.00,24.45,1
1390058992,0,0,0,0,0.000000,0.000000,0.000000,0.000000,0.000000,0.000000,0.000000_0.000000i,0.000000_0.000000i,0,1,0,0.00,24.62,1
1390058992,0,0,0,0,0.000000,0.000000,0.000000,0.000000,0.000000,0.000000,0.000000_0.000000i,0.000000_0.000000i,0,1,0,0.00,24.80,1
1390058993,0,0,0,0,0.000000,0.000000,0.000000,0.000000,0.000000,0.000000,0.000000_0.000000i,0.000000_0.000000i,0,1,0,0.00,24.97,1
1390058993,0,0,0,0,0.000000,0.000000,0.000000,0.000000,0.000000,0.000000,0.000000_0.000000i,0.000000_0.000000i,0,1,0,0.00,25.15,1
1390058993,0,0,0,0,0.000000,0.000000,0.000000,0.000000,0.000000,0.000000,0.000000_0.000000i,0.000000_0.000000i,0,1,0,0.00,25.32,1
1390058993,0,0,0,0,0.000000,0.000000,0.000000,0.000000,0.000000,0.000000,0.000000_0.000000i,0.000000_0.000000i,0,1,0,0.00,25.50,1
1390058994,0,0,0,0,0.000000,0.000000,0.000000,0.000000,0.000000,0.000000,0.000000_0.000000i,0.000000_0.000000i,0,1,0,0.00,25.67,1
1390058994,0,0,0,0,0.000000,0.000000,0.000000,0.000000,0.000000,0.000000,0.000000_0.000000i,0.000000_0.000000i,0,1,0,0.00,25.85,1
1390058994,0,0,0,0,0.000000,0.000000,0.000000,0.000000,0.000000,0.000000,0.000000_0.000000i,0.000000_0.000000i,0,1,0,0.00,26.02,1
1390058994,0,0,0,0,0.000000,0.000000,0.000000,0.000000,0.000000,0.000000,0.000000_0.000000i,0.000000_0.000000i,0,1,0,0.00,26.20,1
1390058995,0,0,0,0,0.000000,0.000000,0.000000,0.000000,0.000000,0.000000,0.000000_0.000000i,0.000000_0.000000i,0,1,0,0.00,26.37,1
1390058995,0,0,0,0,0.000000,0.000000,0.000000,0.000000,0.000000,0.000000,0.000000_0.000000i,0.000000_0.000000i,0,1,0,0.00,26.55,1
1390058995,0,0,0,0,0.000000,0.000000,0.000000,0.000000,0.000000,0.000000,0.000000_0.000000i,0.000000_0.000000i,0,1,0,0.00,26.72,1
1390058995,0,0,0,0,0.000000,0.000000,0.000000,0.000000,0.000000,0.000000,0.000000_0.000000i,0.000000_0.000000i,0,1,0,0.00,26.90,1
1390058996,0,0,0,0,0.000000,0.000000,0.000000,0.000000,0.000000,0.000000,0.000000_0.000000i,0.000000_0.000000i,0,1,0,0.00,27.07,1
1390058996,0,0,0,0,0.000000,0.000000,0.000000,0.000000,0.000000,0.000000,0.000000_0.000000i,0.000000_0.000000i,0,1,0,0.00,27.25,1
1390058996,0,0,0,0,0.000000,0.000000,0.000000,0.000000,0.000000,0.000000,0.000000_0.000000i,0.000000_0.000000i,0,1,0,0.00,27.42,1
1390058996,0,0,0,0,0.000000,0.000000,0.000000,0.000000,0.000000,0.000000,0.000000_0.000000i,0.000000_0.000000i,0,1,0,0.00,27.60,1
1390058997,0,0,0,0,0.000000,0.000000,0.000000,0.000000,0.000000,0.000000,0.000000_0.000000i,0.000000_0.000000i,0,1,0,0.00,27.77,1
1390058997,0,0,0,0,0.000000,0.000000,0.000000,0.000000,0.000000,0.000000,0.000000_0.000000i,0.000000_0.000000i,0,1,0,0.00,27.95,1
1390058997,0,0,0,0,0.000000,0.000000,0.000000,0.000000,0.000000,0.000000,0.000000_0.000000i,0.000000_0.000000i,0,1,0,0.00,28.12,1
1390058997,0,0,0,0,0.000000,0.000000,0.000000,0.000000,0.000000,0.000000,0.000000_0.000000i,0.000000_0.000000i,0,1,0,0.00,28.30,1
1390058998,0,0,0,0,0.000000,0.000000,0.000000,0.000000,0.000000,0.000000,0.000000_0.000000i,0.000000_0.000000i,0,1,0,0.00,28.47,1
1390058998,0,0,0,0,0.000000,0.000000,0.000000,0.000000,0.000000,0.000000,0.000000_0.000000i,0.000000_0.000000i,0,1,0,0.00,28.65,1
1390058998,0,0,0,0,0.000000,0.000000,0.000000,0.000000,0.000000,0.000000,0.000000_0.000000i,0.000000_0.000000i,0,1,0,0.00,28.82,1
1390058998,0,0,0,0,0.000000,0.000000,0.000000,0.000000,0.000000,0.000000,0.000000_0.000000i,0.000000_0.000000i,0,1,0,0.00,29.00,1
1390058999,0,0,0,0,0.000000,0.000000,0.000000,0.000000,0.000000,0.000000,0.000000_0.000000i,0.000000_0.000000i,0,1,0,0.00,29.17,1
1390058999,0,0,0,0,0.000000,0.000000,0.000000,0.000000,0.000000,0.000000,0.000000_0.000000i,0.000000_0.000000i,0,1,0,0.00,29.35,1
1390058999,0,0,0,0,0.000000,0.000000,0.000000,0.000000,0.000000,0.000000,0.000000_0.000000i,0.000000_0.000000i,0,1,0,0.00,29.52,1
1390058999,0,0,0,0,0.000000,0.000000,0.000000,0.000000,0.000000,0.000000,0.000000_0.000000i,0.000000_0.000000i,0,1,0,0.00,29.70,1
1390059000,0,0,0,0,0.000000,0.000000,0.000000,0.000000,0.000000,0.000000,0.000000_0.000000i,0.000000_0.000000i,0,1,0,0.00,29.87,1
1390059000,0,0,0,0,0.000000,0.000000,0.000000,0.000000,0.000000,0.000000,0.000000_0.000000i,0.000000_0.000000i,0,1,0,0.00,30.05,1
1390059000,0,0,0,0,0.000000,0.000000,0.000000,0.000000,0.000000,0.000000,0.000000_0.000000i,0.000000_0.000000i,0,1,0,0.00,30.22,1
1390059000,0,0,0,0,0.000000,0.000000,0.000000,0.000000,0.000000,0.000000,0.000000_0.000000i,0.000000_0.000000i,0,1,0,0.00,30.40,1
1390059001,0,0,0,0,0.000000,0.000000,0.000000,0.000000,0.000000,0.000000,0.000000_0.000000i,0.000000_0.000000i,0,1,0,0.00,30.57,1
1390059001,0,0,0,0,0.000000,0.000000,0.000000,0.000000,0.000000,0.000000,0.000000_0.000000i,0.000000_0.000000i,0,1,0,0.00,30.75,1
1390059001,0,0,0,0,0.000000,0.000000,0.000000,0.000000,0.000000,0.000000,0.000000_0.000000i,0.000000_0.000000i,0,1,0,0.00,30.92,1
1390059001,0,0,0,0,0.000000,0.000000,0.000000,0.000000,0.000000,0.000000,0.000000_0.000000i,0.000000_0.000000i,0,1,0,0.00,31.10,1
1390059002,0,0,0,0,0.000000,0.000000,0.000000,0.000000,0.000000,0.000000,0.000000_0.000000i,0.000000_0.000000i,0,1,0,0.00,31.27,1
1390059002,0,0,0,0,0.000000,0.000000,0.000000,0.000000,0.000000,0.000000,0.000000_0.000000i,0.000000_0.000000i,0,1,0,0.00,31.45,1
1390059002,0,0,0,0,0.000000,0.000000,0.000000,0.000000,0.000000,0.000000,0.000000_0.000000i,0.000000_0.000000i,0,1,0,0.00,31.62,1
1390059002,0,0,0,0,0.000000,0.000000,0.000000,0.000000,0.000000,0.000000,0.000000_0.000000i,0.000000_0.000000i,0,1,0,0.00,31.80,1
1390059003,0,0,0,0,0.000000,0.000000,0.000000,0.000000,0.000000,0.000000,0.000000_0.000000i,0.000000_0.000000i,0,1,0,0.00,31.97,1
1390059003,0,0,0,0,0.000000,0.000000,0.000000,0.000000,0.000000,0.000000,0.000000_0.000000i,0.000000_0.000000i,0,1,0,0.00,32.15,1
1390059003,0,0,0,0,0.000000,0.000000,0.000000,0.000000,0.000000,0.000000,0.000000_0.000000i,0.000000_0.000000i,0,1,0,0.00,32.32,1
1390059004,0,0,0,0,0.000000,0.000000,0.000000,0.000000,0.000000,0.000000,0.000000_0.000000i,0.000000_0.000000i,0,1,0,0.00,32.50,1
1390059004,0,0,0,0,0.000000,0.000000,0.000000,0.000000,0.000000,0.000000,0.000000_0.000000i,0.000000_0.000000i,0,1,0,0.00,32.67,1
1390059004,0,0,0,0,0.000000,0.000000,0.000000,0.000000,0.000000,0.000000,0.000000_0.000000i,0.000000_0.000000i,0,1,0,0.00,32.85,1
1390059004,0,0,0,0,0.000000,0.000000,0.000000,0.000000,0.000000,0.000000,0.000000_0.000000i,0.000000_0.000000i,0,1,0,0.00,33.02,1
1390059005,0,0,0,0,0.000000,0.000000,0.000000,0.000000,0.000000,0.000000,0.000000_0.000000i,0.000000_0.000000i,0,1,0,0.00,33.20,1
1390059005,0,0,0,0,0.000000,0.000000,0.000000,0.000000,0.000000,0.000000,0.000000_0.000000i,0.000000_0.000000i,0,1,0,0.00,33.37,1
1390059005,0,0,0,0,0.000000,0.000000,0.000000,0.000000,0.000000,0.000000,0.000000_0.000000i,0.000000_0.000000i,0,1,0,0.00,33.55,1
1390059005,0,0,0,0,0.000000,0.000000,0.000000,0.000000,0.000000,0.000000,0.000000_0.000000i,0.000000_0.000000i,0,1,0,0.00,33.72,1
1390059006,0,0,0,0,0.000000,0.000000,0.000000,0.000000,0.000000,0.000000,0.000000_0.000000i,0.000000_0.000000i,0,1,0,0.00,33.90,1
1390059006,0,0,0,0,0.000000,0.000000,0.000000,0.000000,0.000000,0.000000,0.000000_0.000000i,0.000000_0.000000i,0,1,0,0.00,34.07,1
1390059006,0,0,0,0,0.000000,0.000000,0.000000,0.000000,0.000000,0.000000,0.000000_0.000000i,0.000000_0.000000i,0,1,0,0.00,34.25,1
1390059006,0,0,0,0,0.000000,0.000000,0.000000,0.000000,0.000000,0.000000,0.000000_0.000000i,0.000000_0.000000i,0,1,0,0.00,34.42,1
1390059007,0,0,0,0,0.000000,0.000000,0.000000,0.000000,0.000000,0.000000,0.000000_0.000000i,0.000000_0.000000i,0,1,0,0.00,34.60,1
1390059007,0,0,0,0,0.000000,0.000000,0.000000,0.000000,0.000000,0.000000,0.000000_0.000000i,0.000000_0.000000i,0,1,0,0.00,34.77,1
1390059007,0,0,0,0,0.000000,0.000000,0.000000,0.000000,0.000000,0.000000,0.000000_0.000000i,0.000000_0.000000i,0,1,0,0.00,34.95,1
1390059007,0,0,0,0,0.000000,0.000000,0.000000,0.000000,0.000000,0.000000,0.000000_0.000000i,0.000000_0.000000i,0,1,0,0.00,35.12,1
1390059008,0,0,0,0,0.000000,0.000000,0.000000,0.000000,0.000000,0.000000,0.000000_0.000000i,0.000000_0.000000i,0,1,0,0.00,35.30,1
1390059008,0,0,0,0,0.000000,0.000000,0.000000,0.000000,0.000000,0.000000,0.000000_0.000000i,0.000000_0.000000i,0,1,0,0.00,35.47,1
1390059008,0,0,0,0,0.000000,0.000000,0.000000,0.000000,0.000000,0.000000,0.000000_0.000000i,0.000000_0.000000i,0,1,0,0.00,35.65,1
1390059008,0,0,0,0,0.000000,0.000000,0.000000,0.000000,0.000000,0.000000,0.000000_0.000000i,0.000000_0.000000i,0,1,0,0.00,35.82,1
1390059009,0,0,0,0,0.000000,0.000000,0.000000,0.000000,0.000000,0.000000,0.000000_0.000000i,0.000000_0.000000i,0,1,0,0.00,36.00,1
1390059009,0,0,0,0,0.000000,0.000000,0.000000,0.000000,0.000000,0.000000,0.000000_0.000000i,0.000000_0.000000i,0,1,0,0.00,36.17,1
1390059009,0,0,0,0,0.000000,0.000000,0.000000,0.000000,0.000000,0.000000,0.000000_0.000000i,0.000000_0.000000i,0,1,0,0.00,36.35,1
1390059009,0,0,0,0,0.000000,0.000000,0.000000,0.000000,0.000000,0.000000,0.000000_0.000000i,0.000000_0.000000i,0,1,0,0.00,36.52,1
1390059010,0,0,0,0,0.000000,0.000000,0.000000,0.000000,0.000000,0.000000,0.000000_0.000000i,0.000000_0.000000i,0,1,0,0.00,36.70,1
1390059010,0,0,0,0,0.000000,0.000000,0.000000,0.000000,0.000000,0.000000,0.000000_0.000000i,0.000000_0.000000i,0,1,0,0.00,36.87,1
1390059010,0,0,0,0,0.000000,0.000000,0.000000,0.000000,0.000000,0.000000,0.000000_0.000000i,0.000000_0.000000i,0,1,0,0.00,37.05,1
1390059010,0,0,0,0,0.000000,0.000000,0.000000,0.000000,0.000000,0.000000,0.000000_0.000000i,0.000000_0.000000i,0,1,0,0.00,37.22,1
1390059011,0,0,0,0,0.000000,0.000000,0.000000,0.000000,0.000000,0.000000,0.000000_0.000000i,0.000000_0.000000i,0,1,0,0.00,37.40,1
1390059011,0,0,0,0,0.000000,0.000000,0.000000,0.000000,0.000000,0.000000,0.000000_0.000000i,0.000000_0.000000i,0,1,0,0.00,37.57,1
1390059011,0,0,0,0,0.000000,0.000000,0.000000,0.000000,0.000000,0.000000,0.000000_0.000000i,0.000000_0.000000i,0,1,0,0.00,37.75,1
1390059011,0,0,0,0,0.000000,0.000000,0.000000,0.000000,0.000000,0.000000,0.000000_0.000000i,0.000000_0.000000i,0,1,0,0.00,37.92,1
1390059012,0,0,0,0,0.000000,0.000000,0.000000,0.000000,0.000000,0.000000,0.000000_0.000000i,0.000000_0.000000i,0,1,0,0.00,38.10,1
1390059012,0,0,0,0,0.000000,0.000000,0.000000,0.000000,0.000000,0.000000,0.000000_0.000000i,0.000000_0.000000i,0,1,0,0.00,38.27,1
1390059012,0,0,0,0,0.000000,0.000000,0.000000,0.000000,0.000000,0.000000,0.000000_0.000000i,0.000000_0.000000i,0,1,0,0.00,38.45,1
1390059012,0,0,0,0,0.000000,0.000000,0.000000,0.000000,0.000000,0.000000,0.000000_0.000000i,0.000000_0.000000i,0,1,0,0.00,38.62,1
1390059013,0,0,0,0,0.000000,0.000000,0.000000,0.000000,0.000000,0.000000,0.000000_0.000000i,0.000000_0.000000i,0,1,0,0.00,38.80,1
1390059013,0,0,0,0,0.000000,0.000000,0.000000,0.000000,0.000000,0.000000,0.000000_0.000000i,0.000000_0.000000i,0,1,0,0.00,38.97,1
1390059013,0,0,0,0,0.000000,0.000000,0.000000,0.000000,0.000000,0.000000,0.000000_0.000000i,0.000000_0.000000i,0,1,0,0.00,39.15,1
1390059013,0,0,0,0,0.000000,0.000000,0.000000,0.000000,0.000000,0.000000,0.000000_0.000000i,0.000000_0.000000i,0,1,0,0.00,39.32,1
1390059014,0,0,0,0,0.000000,0.000000,0.000000,0.000000,0.000000,0.000000,0.000000_0.000000i,0.000000_0.000000i,0,1,0,0.00,39.50,1
1390059014,0,0,0,0,0.000000,0.000000,0.000000,0.000000,0.000000,0.000000,0.000000_0.000000i,0.000000_0.000000i,0,1,0,0.00,39.67,1
1390059014,0,0,0,0,0.000000,0.000000,0.000000,0.000000,0.000000,0.000000,0.000000_0.000000i,0.000000_0.000000i,0,1,0,0.00,39.85,1
1390059014,0,0,0,0,0.000000,0.000000,0.000000,0.000000,0.000000,0.000000,0.000000_0.000000i,0.000000_0.000000i,0,1,0,0.00,40.02,1
1390059015,0,0,0,0,0.000000,0.000000,0.000000,0.000000,0.000000,0.000000,0.000000_0.000000i,0.000000_0.000000i,0,1,0,0.00,40.20,1
1390059015,0,0,0,0,0.000000,0.000000,0.000000,0.000000,0.000000,0.000000,0.000000_0.000000i,0.000000_0.000000i,0,1,0,0.00,40.37,1
1390059015,0,0,0,0,0.000000,0.000000,0.000000,0.000000,0.000000,0.000000,0.000000_0.000000i,0.000000_0.000000i,0,1,0,0.00,40.55,1
1390059015,0,0,0,0,0.000000,0.000000,0.000000,0.000000,0.000000,0.000000,0.000000_0.000000i,0.000000_0.000000i,0,1,0,0.00,40.72,1
1390059016,0,0,0,0,0.000000,0.000000,0.000000,0.000000,0.000000,0.000000,0.000000_0.000000i,0.000000_0.000000i,0,1,0,0.00,40.90,1
1390059016,0,0,0,0,0.000000,0.000000,0.000000,0.000000,0.000000,0.000000,0.000000_0.000000i,0.000000_0.000000i,0,1,0,0.00,41.07,1
1390059016,0,0,0,0,0.000000,0.000000,0.000000,0.000000,0.000000,0.000000,0.000000_0.000000i,0.000000_0.000000i,0,1,0,0.00,41.25,1
1390059016,0,0,0,0,0.000000,0.000000,0.000000,0.000000,0.000000,0.000000,0.000000_0.000000i,0.000000_0.000000i,0,1,0,0.00,41.42,1
1390059017,0,0,0,0,0.000000,0.000000,0.000000,0.000000,0.000000,0.000000,0.000000_0.000000i,0.000000_0.000000i,0,1,0,0.00,41.60,1
1390059017,0,0,0,0,0.000000,0.000000,0.000000,0.000000,0.000000,0.000000,0.000000_0.000000i,0.000000_0.000000i,0,1,0,0.00,41.77,1
1390059017,0,0,0,0,0.000000,0.000000,0.000000,0.000000,0.000000,0.000000,0.000000_0.000000i,0.000000_0.000000i,0,1,0,0.00,41.95,1
1390059017,0,0,0,0,0.000000,0.000000,0.000000,0.000000,0.000000,0.000000,0.000000_0.000000i,0.000000_0.000000i,0,1,0,0.00,42.12,1
1390059018,0,0,0,0,0.000000,0.000000,0.000000,0.000000,0.000000,0.000000,0.000000_0.000000i,0.000000_0.000000i,0,1,0,0.00,42.30,1
1390059018,0,0,0,0,0.000000,0.000000,0.000000,0.000000,0.000000,0.000000,0.000000_0.000000i,0.000000_0.000000i,0,1,0,0.00,42.47,1
1390059018,0,0,0,0,0.000000,0.000000,0.000000,0.000000,0.000000,0.000000,0.000000_0.000000i,0.000000_0.000000i,0,1,0,0.00,42.65,1
1390059018,0,0,0,0,0.000000,0.000000,0.000000,0.000000,0.000000,0.000000,0.000000_0.000000i,0.000000_0.000000i,0,1,0,0.00,42.82,1
1390059019,0,0,0,0,0.000000,0.000000,0.000000,0.000000,0.000000,0.000000,0.000000_0.000000i,0.000000_0.000000i,0,1,0,0.00,43.00,1
1390059019,0,0,0,0,0.000000,0.000000,0.000000,0.000000,0.000000,0.000000,0.000000_0.000000i,0.000000_0.000000i,0,1,0,0.00,43.17,1
1390059019,0,0,0,0,0.000000,0.000000,0.000000,0.000000,0.000000,0.000000,0.000000_0.000000i,0.000000_0.000000i,0,1,0,0.00,43.35,1
1390059019,0,0,0,0,0.000000,0.000000,0.000000,0.000000,0.000000,0.000000,0.000000_0.000000i,0.000000_0.000000i,0,1,0,0.00,43.52,1
1390059020,0,0,0,0,0.000000,0.000000,0.000000,0.000000,0.000000,0.000000,0.000000_0.000000i,0.000000_0.000000i,0,1,0,0.00,43.70,1
1390059020,0,0,0,0,0.000000,0.000000,0.000000,0.000000,0.000000,0.000000,0.000000_0.000000i,0.000000_0.000000i,0,1,0,0.00,43.87,1
1390059020,0,0,0,0,0.000000,0.000000,0.000000,0.000000,0.000000,0.000000,0.000000_0.000000i,0.000000_0.000000i,0,1,0,0.00,44.05,1
1390059020,0,0,0,0,0.000000,0.000000,0.000000,0.000000,0.000000,0.000000,0.000000_0.000000i,0.000000_0.000000i,0,1,0,0.00,44.22,1
1390059021,0,0,0,0,0.000000,0.000000,0.000000,0.000000,0.000000,0.000000,0.000000_0.000000i,0.000000_0.000000i,0,1,0,0.00,44.40,1
1390059021,0,0,0,0,0.000000,0.000000,0.000000,0.000000,0.000000,0.000000,0.000000_0.000000i,0.000000_0.000000i,0,1,0,0.00,44.57,1
1390059021,0,0,0,0,0.000000,0.000000,0.000000,0.000000,0.000000,0.000000,0.000000_0.000000i,0.000000_0.000000i,0,1,0,0.00,44.75,1
1390059021,0,0,0,0,0.000000,0.000000,0.000000,0.000000,0.000000,0.000000,0.000000_0.000000i,0.000000_0.000000i,0,1,0,0.00,44.92,1
1390059022,0,0,0,0,0.000000,0.000000,0.000000,0.000000,0.000000,0.000000,0.000000_0.000000i,0.000000_0.000000i,0,1,0,0.00,45.10,1
1390059022,0,0,0,0,0.000000,0.000000,0.000000,0.000000,0.000000,0.000000,0.000000_0.000000i,0.000000_0.000000i,0,1,0,0.00,45.27,1
1390059022,0,0,0,0,0.000000,0.000000,0.000000,0.000000,0.000000,0.000000,0.000000_0.000000i,0.000000_0.000000i,0,1,0,0.00,45.45,1
1390059022,0,0,0,0,0.000000,0.000000,0.000000,0.000000,0.000000,0.000000,0.000000_0.000000i,0.000000_0.000000i,0,1,0,0.00,45.62,1
1390059023,0,0,0,0,0.000000,0.000000,0.000000,0.000000,0.000000,0.000000,0.000000_0.000000i,0.000000_0.000000i,0,1,0,0.00,45.80,1
1390059023,0,0,0,0,0.000000,0.000000,0.000000,0.000000,0.000000,0.000000,0.000000_0.000000i,0.000000_0.000000i,0,1,0,0.00,45.97,1
1390059023,0,0,0,0,0.000000,0.000000,0.000000,0.000000,0.000000,0.000000,0.000000_0.000000i,0.000000_0.000000i,0,1,0,0.00,46.15,1
1390059023,0,0,0,0,0.000000,0.000000,0.000000,0.000000,0.000000,0.000000,0.000000_0.000000i,0.000000_0.000000i,0,1,0,0.00,46.32,1
1390059024,0,0,0,0,0.000000,0.000000,0.000000,0.000000,0.000000,0.000000,0.000000_0.000000i,0.000000_0.000000i,0,1,0,0.00,46.50,1
1390059024,0,0,0,0,0.000000,0.000000,0.000000,0.000000,0.000000,0.000000,0.000000_0.000000i,0.000000_0.000000i,0,1,0,0.00,46.67,1
1390059024,0,0,0,0,0.000000,0.000000,0.000000,0.000000,0.000000,0.000000,0.000000_0.000000i,0.000000_0.000000i,0,1,0,0.00,46.85,1
1390059024,0,0,0,0,0.000000,0.000000,0.000000,0.000000,0.000000,0.000000,0.000000_0.000000i,0.000000_0.000000i,0,1,0,0.00,47.02,1
1390059025,0,0,0,0,0.000000,0.000000,0.000000,0.000000,0.000000,0.000000,0.000000_0.000000i,0.000000_0.000000i,0,1,0,0.00,47.20,1
1390059025,0,0,0,0,0.000000,0.000000,0.000000,0.000000,0.000000,0.000000,0.000000_0.000000i,0.000000_0.000000i,0,1,0,0.00,47.37,1
1390059025,0,0,0,0,0.000000,0.000000,0.000000,0.000000,0.000000,0.000000,0.000000_0.000000i,0.000000_0.000000i,0,1,0,0.00,47.55,1
1390059025,0,0,0,0,0.000000,0.000000,0.000000,0.000000,0.000000,0.000000,0.000000_0.000000i,0.000000_0.000000i,0,1,0,0.00,47.72,1
1390059026,0,0,0,0,0.000000,0.000000,0.000000,0.000000,0.000000,0.000000,0.000000_0.000000i,0.000000_0.000000i,0,1,0,0.00,47.90,1
1390059026,0,0,0,0,0.000000,0.000000,0.000000,0.000000,0.000000,0.000000,0.000000_0.000000i,0.000000_0.000000i,0,1,0,0.00,48.07,1
1390059026,0,0,0,0,0.000000,0.000000,0.000000,0.000000,0.000000,0.000000,0.000000_0.000000i,0.000000_0.000000i,0,1,0,0.00,48.25,1
1390059026,0,0,0,0,0.000000,0.000000,0.000000,0.000000,0.000000,0.000000,0.000000_0.000000i,0.000000_0.000000i,0,1,0,0.00,48.42,1
1390059027,0,0,0,0,0.000000,0.000000,0.000000,0.000000,0.000000,0.000000,0.000000_0.000000i,0.000000_0.000000i,0,1,0,0.00,48.60,1
1390059027,0,0,0,0,0.000000,0.000000,0.000000,0.000000,0.000000,0.000000,0.000000_0.000000i,0.000000_0.000000i,0,1,0,0.00,48.77,1
1390059027,0,0,0,0,0.000000,0.000000,0.000000,0.000000,0.000000,0.000000,0.000000_0.000000i,0.000000_0.000000i,0,1,0,0.00,48.95,1
1390059027,0,0,0,0,0.000000,0.000000,0.000000,0.000000,0.000000,0.000000,0.000000_0.000000i,0.000000_0.000000i,0,1,0,0.00,49.12,1
1390059028,0,0,0,0,0.000000,0.000000,0.000000,0.000000,0.000000,0.000000,0.000000_0.000000i,0.000000_0.000000i,0,1,0,0.00,49.30,1
1390059028,0,0,0,0,0.000000,0.000000,0.000000,0.000000,0.000000,0.000000,0.000000_0.000000i,0.000000_0.000000i,0,1,0,0.00,49.47,1
1390059028,0,0,0,0,0.000000,0.000000,0.000000,0.000000,0.000000,0.000000,0.000000_0.000000i,0.000000_0.000000i,0,1,0,0.00,49.65,1
1390059028,0,0,0,0,0.000000,0.000000,0.000000,0.000000,0.000000,0.000000,0.000000_0.000000i,0.000000_0.000000i,0,1,0,0.00,49.82,1
1390059029,0,0,0,0,0.000000,0.000000,0.000000,0.000000,0.000000,0.000000,0.000000_0.000000i,0.000000_0.000000i,0,1,0,0.00,50.00,1
1390059029,0,0,0,0,0.000000,0.000000,0.000000,0.000000,0.000000,0.000000,0.000000_0.000000i,0.000000_0.000000i,0,1,0,0.00,50.17,1
1390059029,0,0,0,0,0.000000,0.000000,0.000000,0.000000,0.000000,0.000000,0.000000_0.000000i,0.000000_0.000000i,0,1,0,0.00,50.35,1
1390059029,0,0,0,0,0.000000,0.000000,0.000000,0.000000,0.000000,0.000000,0.000000_0.000000i,0.000000_0.000000i,0,1,0,0.00,50.52,1
1390059030,0,0,0,0,0.000000,0.000000,0.000000,0.000000,0.000000,0.000000,0.000000_0.000000i,0.000000_0.000000i,0,1,0,0.00,50.70,1
1390059030,0,0,0,0,0.000000,0.000000,0.000000,0.000000,0.000000,0.000000,0.000000_0.000000i,0.000000_0.000000i,0,1,0,0.00,50.87,1
1390059030,0,0,0,0,0.000000,0.000000,0.000000,0.000000,0.000000,0.000000,0.000000_0.000000i,0.000000_0.000000i,0,1,0,0.00,51.05,1
1390059030,0,0,0,0,0.000000,0.000000,0.000000,0.000000,0.000000,0.000000,0.000000_0.000000i,0.000000_0.000000i,0,1,0,0.00,51.22,1
1390059031,0,0,0,0,0.000000,0.000000,0.000000,0.000000,0.000000,0.000000,0.000000_0.000000i,0.000000_0.000000i,0,1,0,0.00,51.40,1
1390059031,0,0,0,0,0.000000,0.000000,0.000000,0.000000,0.000000,0.000000,0.000000_0.000000i,0.000000_0.000000i,0,1,0,0.00,51.57,1
1390059031,0,0,0,0,0.000000,0.000000,0.000000,0.000000,0.000000,0.000000,0.000000_0.000000i,0.000000_0.000000i,0,1,0,0.00,51.75,1
1390059031,0,0,0,0,0.000000,0.000000,0.000000,0.000000,0.000000,0.000000,0.000000_0.000000i,0.000000_0.000000i,0,1,0,0.00,51.92,1
1390059032,0,0,0,0,0.000000,0.000000,0.000000,0.000000,0.000000,0.000000,0.000000_0.000000i,0.000000_0.000000i,0,1,0,0.00,52.10,1
1390059032,0,0,0,0,0.000000,0.000000,0.000000,0.000000,0.000000,0.000000,0.000000_0.000000i,0.000000_0.000000i,0,1,0,0.00,52.27,1
1390059032,0,0,0,0,0.000000,0.000000,0.000000,0.000000,0.000000,0.000000,0.000000_0.000000i,0.000000_0.000000i,0,1,0,0.00,52.45,1
1390059032,0,0,0,0,0.000000,0.000000,0.000000,0.000000,0.000000,0.000000,0.000000_0.000000i,0.000000_0.000000i,0,1,0,0.00,52.62,1
1390059033,0,0,0,0,0.000000,0.000000,0.000000,0.000000,0.000000,0.000000,0.000000_0.000000i,0.000000_0.000000i,0,1,0,0.00,52.80,1
1390059033,0,0,0,0,0.000000,0.000000,0.000000,0.000000,0.000000,0.000000,0.000000_0.000000i,0.000000_0.000000i,0,1,0,0.00,52.97,1
1390059033,0,0,0,0,0.000000,0.000000,0.000000,0.000000,0.000000,0.000000,0.000000_0.000000i,0.000000_0.000000i,0,1,0,0.00,53.15,1
1390059033,0,0,0,0,0.000000,0.000000,0.000000,0.000000,0.000000,0.000000,0.000000_0.000000i,0.000000_0.000000i,0,1,0,0.00,53.32,1
1390059034,0,0,0,0,0.000000,0.000000,0.000000,0.000000,0.000000,0.000000,0.000000_0.000000i,0.000000_0.000000i,0,1,0,0.00,53.50,1
1390059034,0,0,0,0,0.000000,0.000000,0.000000,0.000000,0.000000,0.000000,0.000000_0.000000i,0.000000_0.000000i,0,1,0,0.00,53.67,1
1390059034,0,0,0,0,0.000000,0.000000,0.000000,0.000000,0.000000,0.000000,0.000000_0.000000i,0.000000_0.000000i,0,1,0,0.00,53.85,1
1390059034,0,0,0,0,0.000000,0.000000,0.000000,0.000000,0.000000,0.000000,0.000000_0.000000i,0.000000_0.000000i,0,1,0,0.00,54.02,1
1390059035,0,0,0,0,0.000000,0.000000,0.000000,0.000000,0.000000,0.000000,0.000000_0.000000i,0.000000_0.000000i,0,1,0,0.00,54.20,1
1390059035,0,0,0,0,0.000000,0.000000,0.000000,0.000000,0.000000,0.000000,0.000000_0.000000i,0.000000_0.000000i,0,1,0,0.00,54.37,1
1390059035,0,0,0,0,0.000000,0.000000,0.000000,0.000000,0.000000,0.000000,0.000000_0.000000i,0.000000_0.000000i,0,1,0,0.00,54.55,1
1390059036,0,0,0,0,0.000000,0.000000,0.000000,0.000000,0.000000,0.000000,0.000000_0.000000i,0.000000_0.000000i,0,1,0,0.00,54.72,1
1390059036,0,0,0,0,0.000000,0.000000,0.000000,0.000000,0.000000,0.000000,0.000000_0.000000i,0.000000_0.000000i,0,1,0,0.00,54.90,1
1390059036,0,0,0,0,0.000000,0.000000,0.000000,0.000000,0.000000,0.000000,0.000000_0.000000i,0.000000_0.000000i,0,1,0,0.00,55.07,1
1390059036,0,0,0,0,0.000000,0.000000,0.000000,0.000000,0.000000,0.000000,0.000000_0.000000i,0.000000_0.000000i,0,1,0,0.00,55.25,1
1390059037,0,0,0,0,0.000000,0.000000,0.000000,0.000000,0.000000,0.000000,0.000000_0.000000i,0.000000_0.000000i,0,1,0,0.00,55.42,1
1390059037,0,0,0,0,0.000000,0.000000,0.000000,0.000000,0.000000,0.000000,0.000000_0.000000i,0.000000_0.000000i,0,1,0,0.00,55.60,1
1390059037,0,0,0,0,0.000000,0.000000,0.000000,0.000000,0.000000,0.000000,0.000000_0.000000i,0.000000_0.000000i,0,1,0,0.00,55.77,1
1390059037,0,0,0,0,0.000000,0.000000,0.000000,0.000000,0.000000,0.000000,0.000000_0.000000i,0.000000_0.000000i,0,1,0,0.00,55.95,1
1390059038,0,0,0,0,0.000000,0.000000,0.000000,0.000000,0.000000,0.000000,0.000000_0.000000i,0.000000_0.000000i,0,1,0,0.00,56.12,1
1390059038,0,0,0,0,0.000000,0.000000,0.000000,0.000000,0.000000,0.000000,0.000000_0.000000i,0.000000_0.000000i,0,1,0,0.00,56.30,1
1390059038,0,0,0,0,0.000000,0.000000,0.000000,0.000000,0.000000,0.000000,0.000000_0.000000i,0.000000_0.000000i,0,1,0,0.00,56.47,1
1390059038,0,0,0,0,0.000000,0.000000,0.000000,0.000000,0.000000,0.000000,0.000000_0.000000i,0.000000_0.000000i,0,1,0,0.00,56.65,1
1390059039,0,0,0,0,0.000000,0.000000,0.000000,0.000000,0.000000,0.000000,0.000000_0.000000i,0.000000_0.000000i,0,1,0,0.00,56.82,1
1390059039,0,0,0,0,0.000000,0.000000,0.000000,0.000000,0.000000,0.000000,0.000000_0.000000i,0.000000_0.000000i,0,1,0,0.00,57.00,1
1390059039,0,0,0,0,0.000000,0.000000,0.000000,0.000000,0.000000,0.000000,0.000000_0.000000i,0.000000_0.000000i,0,1,0,0.00,57.17,1
1390059039,0,0,0,0,0.000000,0.000000,0.000000,0.000000,0.000000,0.000000,0.000000_0.000000i,0.000000_0.000000i,0,1,0,0.00,57.35,1
1390059040,0,0,0,0,0.000000,0.000000,0.000000,0.000000,0.000000,0.000000,0.000000_0.000000i,0.000000_0.000000i,0,1,0,0.00,57.52,1
1390059040,0,0,0,0,0.000000,0.000000,0.000000,0.000000,0.000000,0.000000,0.000000_0.000000i,0.000000_0.000000i,0,1,0,0.00,57.70,1
1390059040,0,0,0,0,0.000000,0.000000,0.000000,0.000000,0.000000,0.000000,0.000000_0.000000i,0.000000_0.000000i,0,1,0,0.00,57.87,1
1390059040,0,0,0,0,0.000000,0.000000,0.000000,0.000000,0.000000,0.000000,0.000000_0.000000i,0.000000_0.000000i,0,1,0,0.00,58.05,1
1390059041,0,0,0,0,0.000000,0.000000,0.000000,0.000000,0.000000,0.000000,0.000000_0.000000i,0.000000_0.000000i,0,1,0,0.00,58.22,1
1390059041,0,0,0,0,0.000000,0.000000,0.000000,0.000000,0.000000,0.000000,0.000000_0.000000i,0.000000_0.000000i,0,1,0,0.00,58.40,1
1390059041,0,0,0,0,0.000000,0.000000,0.000000,0.000000,0.000000,0.000000,0.000000_0.000000i,0.000000_0.000000i,0,1,0,0.00,58.57,1
1390059041,0,0,0,0,0.000000,0.000000,0.000000,0.000000,0.000000,0.000000,0.000000_0.000000i,0.000000_0.000000i,0,1,0,0.00,58.75,1
1390059042,0,0,0,0,0.000000,0.000000,0.000000,0.000000,0.000000,0.000000,0.000000_0.000000i,0.000000_0.000000i,0,1,0,0.00,58.92,1
1390059042,0,0,0,0,0.000000,0.000000,0.000000,0.000000,0.000000,0.000000,0.000000_0.000000i,0.000000_0.000000i,0,1,0,0.00,59.10,1
1390059042,0,0,0,0,0.000000,0.000000,0.000000,0.000000,0.000000,0.000000,0.000000_0.000000i,0.000000_0.000000i,0,1,0,0.00,59.27,1
1390059042,0,0,0,0,0.000000,0.000000,0.000000,0.000000,0.000000,0.000000,0.000000_0.000000i,0.000000_0.000000i,0,1,0,0.00,59.27,1
1390059043,0,0,0,0,0.000000,0.000000,0.000000,0.000000,0.000000,0.000000,0.000000_0.000000i,0.000000_0.000000i,0,1,0,0.00,59.27,1
1390059043,0,0,0,0,0.000000,0.000000,0.000000,0.000000,0.000000,0.000000,0.000000_0.000000i,0.000000_0.000000i,0,1,0,0.00,59.27,1
1390059043,0,0,0,0,0.000000,0.000000,0.000000,0.000000,0.000000,0.000000,0.000000_0.000000i,0.000000_0.000000i,0,1,0,0.00,59.27,1
1390059043,0,0,0,0,0.000000,0.000000,0.000000,0.000000,0.000000,0.000000,0.000000_0.000000i,0.000000_0.000000i,0,1,0,0.00,59.27,1
1390059044,0,0,0,0,0.000000,0.000000,0.000000,0.000000,0.000000,0.000000,0.000000_0.000000i,0.000000_0.000000i,0,1,0,0.00,59.27,1
1390059044,0,0,0,0,0.000000,0.000000,0.000000,0.000000,0.000000,0.000000,0.000000_0.000000i,0.000000_0.000000i,0,1,0,0.00,59.27,1
1390059044,0,0,0,0,0.000000,0.000000,0.000000,0.000000,0.000000,0.000000,0.000000_0.000000i,0.000000_0.000000i,0,1,0,0.00,59.27,1
1390059044,0,0,0,0,0.000000,0.000000,0.000000,0.000000,0.000000,0.000000,0.000000_0.000000i,0.000000_0.000000i,0,1,0,0.00,59.27,1
1390059045,0,0,0,0,0.000000,0.000000,0.000000,0.000000,0.000000,0.000000,0.000000_0.000000i,0.000000_0.000000i,0,1,0,0.00,59.27,1
1390059045,0,0,0,0,0.000000,0.000000,0.000000,0.000000,0.000000,0.000000,0.000000_0.000000i,0.000000_0.000000i,0,1,0,0.00,59.27,1
1390059045,0,0,0,0,0.000000,0.000000,0.000000,0.000000,0.000000,0.000000,0.000000_0.000000i,0.000000_0.000000i,0,1,0,0.00,59.27,1
1390059045,0,0,0,0,0.000000,0.000000,0.000000,0.000000,0.000000,0.000000,0.000000_0.000000i,0.000000_0.000000i,0,1,0,0.00,59.27,1
1390059046,0,0,0,0,0.000000,0.000000,0.000000,0.000000,0.000000,0.000000,0.000000_0.000000i,0.000000_0.000000i,0,1,0,0.00,59.27,1
1390059046,0,0,0,0,0.000000,0.000000,0.000000,0.000000,0.000000,0.000000,0.000000_0.000000i,0.000000_0.000000i,0,1,0,0.00,59.27,1
1390059046,0,0,0,0,0.000000,0.000000,0.000000,0.000000,0.000000,0.000000,0.000000_0.000000i,0.000000_0.000000i,0,1,0,0.00,59.27,1
1390059046,0,0,0,0,0.000000,0.000000,0.000000,0.000000,0.000000,0.000000,0.000000_0.000000i,0.000000_0.000000i,0,1,0,0.00,59.27,1
1390059047,0,0,0,0,0.000000,0.000000,0.000000,0.000000,0.000000,0.000000,0.000000_0.000000i,0.000000_0.000000i,0,1,0,0.00,59.27,1
1390059047,0,0,0,0,0.000000,0.000000,0.000000,0.000000,0.000000,0.000000,0.000000_0.000000i,0.000000_0.000000i,0,1,0,0.00,59.27,1
1390059047,0,0,0,0,0.000000,0.000000,0.000000,0.000000,0.000000,0.000000,0.000000_0.000000i,0.000000_0.000000i,0,1,0,0.00,59.27,1
1390059047,0,0,0,0,0.000000,0.000000,0.000000,0.000000,0.000000,0.000000,0.000000_0.000000i,0.000000_0.000000i,0,1,0,0.00,59.27,1
1390059048,0,0,0,0,0.000000,0.000000,0.000000,0.000000,0.000000,0.000000,0.000000_0.000000i,0.000000_0.000000i,0,1,0,0.00,59.27,1
1390059048,0,0,0,0,0.000000,0.000000,0.000000,0.000000,0.000000,0.000000,0.000000_0.000000i,0.000000_0.000000i,0,1,0,0.00,59.27,1
1390059048,0,0,0,0,0.000000,0.000000,0.000000,0.000000,0.000000,0.000000,0.000000_0.000000i,0.000000_0.000000i,0,1,0,0.00,59.27,1
1390059048,0,0,0,0,0.000000,0.000000,0.000000,0.000000,0.000000,0.000000,0.000000_0.000000i,0.000000_0.000000i,0,1,0,0.00,59.27,1
1390059049,0,0,0,0,0.000000,0.000000,0.000000,0.000000,0.000000,0.000000,0.000000_0.000000i,0.000000_0.000000i,0,1,0,0.00,59.27,1
1390059049,0,0,0,0,0.000000,0.000000,0.000000,0.000000,0.000000,0.000000,0.000000_0.000000i,0.000000_0.000000i,0,1,0,0.00,59.27,1
1390059049,0,0,0,0,0.000000,0.000000,0.000000,0.000000,0.000000,0.000000,0.000000_0.000000i,0.000000_0.000000i,0,1,0,0.00,59.27,1
1390059049,0,0,0,0,0.000000,0.000000,0.000000,0.000000,0.000000,0.000000,0.000000_0.000000i,0.000000_0.000000i,0,1,0,0.00,59.27,1
1390059050,0,0,0,0,0.000000,0.000000,0.000000,0.000000,0.000000,0.000000,0.000000_0.000000i,0.000000_0.000000i,0,1,0,0.00,59.27,1
1390059050,0,0,0,0,0.000000,0.000000,0.000000,0.000000,0.000000,0.000000,0.000000_0.000000i,0.000000_0.000000i,0,1,0,0.00,59.27,1
1390059050,0,0,0,0,0.000000,0.000000,0.000000,0.000000,0.000000,0.000000,0.000000_0.000000i,0.000000_0.000000i,0,1,0,0.00,59.27,1
1390059050,0,0,0,0,0.000000,0.000000,0.000000,0.000000,0.000000,0.000000,0.000000_0.000000i,0.000000_0.000000i,0,1,0,0.00,59.27,1
1390059051,0,0,0,0,0.000000,0.000000,0.000000,0.000000,0.000000,0.000000,0.000000_0.000000i,0.000000_0.000000i,0,1,0,0.00,59.27,1
1390059051,0,0,0,0,0.000000,0.000000,0.000000,0.000000,0.000000,0.000000,0.000000_0.000000i,0.000000_0.000000i,0,1,0,0.00,59.27,1
1390059051,0,0,0,0,0.000000,0.000000,0.000000,0.000000,0.000000,0.000000,0.000000_0.000000i,0.000000_0.000000i,0,1,0,0.00,59.27,1
1390059051,0,0,0,0,0.000000,0.000000,0.000000,0.000000,0.000000,0.000000,0.000000_0.000000i,0.000000_0.000000i,0,1,0,0.00,59.27,1
1390059052,0,0,0,0,0.000000,0.000000,0.000000,0.000000,0.000000,0.000000,0.000000_0.000000i,0.000000_0.000000i,0,1,0,0.00,59.27,1
1390059052,0,0,0,0,0.000000,0.000000,0.000000,0.000000,0.000000,0.000000,0.000000_0.000000i,0.000000_0.000000i,0,1,0,0.00,59.27,1
1390059052,0,0,0,0,0.000000,0.000000,0.000000,0.000000,0.000000,0.000000,0.000000_0.000000i,0.000000_0.000000i,0,1,0,0.00,59.27,1
1390059052,0,0,0,0,0.000000,0.000000,0.000000,0.000000,0.000000,0.000000,0.000000_0.000000i,0.000000_0.000000i,0,1,0,0.00,59.27,1
1390059053,0,0,0,0,0.000000,0.000000,0.000000,0.000000,0.000000,0.000000,0.000000_0.000000i,0.000000_0.000000i,0,1,0,0.00,59.27,1
1390059053,0,0,0,0,0.000000,0.000000,0.000000,0.000000,0.000000,0.000000,0.000000_0.000000i,0.000000_0.000000i,0,1,0,0.00,59.27,1
1390059053,0,0,0,0,0.000000,0.000000,0.000000,0.000000,0.000000,0.000000,0.000000_0.000000i,0.000000_0.000000i,0,1,0,0.00,59.27,1
1390059053,0,0,0,0,0.000000,0.000000,0.000000,0.000000,0.000000,0.000000,0.000000_0.000000i,0.000000_0.000000i,0,1,0,0.00,59.27,1
1390059054,0,0,0,0,0.000000,0.000000,0.000000,0.000000,0.000000,0.000000,0.000000_0.000000i,0.000000_0.000000i,0,1,0,0.00,59.27,1
1390059054,0,0,0,0,0.000000,0.000000,0.000000,0.000000,0.000000,0.000000,0.000000_0.000000i,0.000000_0.000000i,0,1,0,0.00,59.27,1
1390059054,0,0,0,0,0.000000,0.000000,0.000000,0.000000,0.000000,0.000000,0.000000_0.000000i,0.000000_0.000000i,0,1,0,0.00,59.27,1
1390059054,0,0,0,0,0.000000,0.000000,0.000000,0.000000,0.000000,0.000000,0.000000_0.000000i,0.000000_0.000000i,0,1,0,0.00,59.27,1
1390059055,0,0,0,0,0.000000,0.000000,0.000000,0.000000,0.000000,0.000000,0.000000_0.000000i,0.000000_0.000000i,0,1,0,0.00,59.27,1
1390059055,0,0,0,0,0.000000,0.000000,0.000000,0.000000,0.000000,0.000000,0.000000_0.000000i,0.000000_0.000000i,0,1,0,0.00,59.27,1
1390059055,0,0,0,0,0.000000,0.000000,0.000000,0.000000,0.000000,0.000000,0.000000_0.000000i,0.000000_0.000000i,0,1,0,0.00,59.27,1
1390059055,0,0,0,0,0.000000,0.000000,0.000000,0.000000,0.000000,0.000000,0.000000_0.000000i,0.000000_0.000000i,0,1,0,0.00,59.27,1
1390059056,0,0,0,0,0.000000,0.000000,0.000000,0.000000,0.000000,0.000000,0.000000_0.000000i,0.000000_0.000000i,0,1,0,0.00,59.27,1
1390059056,0,0,0,0,0.000000,0.000000,0.000000,0.000000,0.000000,0.000000,0.000000_0.000000i,0.000000_0.000000i,0,1,0,0.00,59.27,1
1390059056,0,0,0,0,0.000000,0.000000,0.000000,0.000000,0.000000,0.000000,0.000000_0.000000i,0.000000_0.000000i,0,1,0,0.00,59.27,1
1390059056,0,0,0,0,0.000000,0.000000,0.000000,0.000000,0.000000,0.000000,0.000000_0.000000i,0.000000_0.000000i,0,1,0,0.00,59.27,1
1390059057,0,0,0,0,0.000000,0.000000,0.000000,0.000000,0.000000,0.000000,0.000000_0.000000i,0.000000_0.000000i,0,1,0,0.00,59.27,1
1390059057,0,0,0,0,0.000000,0.000000,0.000000,0.000000,0.000000,0.000000,0.000000_0.000000i,0.000000_0.000000i,0,1,0,0.00,59.27,1
1390059057,0,0,0,0,0.000000,0.000000,0.000000,0.000000,0.000000,0.000000,0.000000_0.000000i,0.000000_0.000000i,0,1,0,0.00,59.27,1
1390059057,0,0,0,0,0.000000,0.000000,0.000000,0.000000,0.000000,0.000000,0.000000_0.000000i,0.000000_0.000000i,0,1,0,0.00,59.27,1
1390059058,0,0,0,0,0.000000,0.000000,0.000000,0.000000,0.000000,0.000000,0.000000_0.000000i,0.000000_0.000000i,0,1,0,0.00,59.27,1
1390059058,0,0,0,0,0.000000,0.000000,0.000000,0.000000,0.000000,0.000000,0.000000_0.000000i,0.000000_0.000000i,0,1,0,0.00,59.27,1
1390059058,0,0,0,0,0.000000,0.000000,0.000000,0.000000,0.000000,0.000000,0.000000_0.000000i,0.000000_0.000000i,0,1,0,0.00,59.27,1
1390059058,0,0,0,0,0.000000,0.000000,0.000000,0.000000,0.000000,0.000000,0.000000_0.000000i,0.000000_0.000000i,0,1,0,0.00,59.27,1
1390059059,0,0,0,0,0.000000,0.000000,0.000000,0.000000,0.000000,0.000000,0.000000_0.000000i,0.000000_0.000000i,0,1,0,0.00,59.27,1
1390059059,0,0,0,0,0.000000,0.000000,0.000000,0.000000,0.000000,0.000000,0.000000_0.000000i,0.000000_0.000000i,0,1,0,0.00,59.27,1
1390059059,0,0,0,0,0.000000,0.000000,0.000000,0.000000,0.000000,0.000000,0.000000_0.000000i,0.000000_0.000000i,0,1,0,0.00,59.27,1
1390059059,0,0,0,0,0.000000,0.000000,0.000000,0.000000,0.000000,0.000000,0.000000_0.000000i,0.000000_0.000000i,0,1,0,0.00,59.27,1
1390059060,0,0,0,0,0.000000,0.000000,0.000000,0.000000,0.000000,0.000000,0.000000_0.000000i,0.000000_0.000000i,0,1,0,0.00,59.27,1
1390059060,0,0,0,0,0.000000,0.000000,0.000000,0.000000,0.000000,0.000000,0.000000_0.000000i,0.000000_0.000000i,0,1,0,0.00,59.27,1
1390059060,0,0,0,0,0.000000,0.000000,0.000000,0.000000,0.000000,0.000000,0.000000_0.000000i,0.000000_0.000000i,0,1,0,0.00,59.27,1
1390059060,0,0,0,0,0.000000,0.000000,0.000000,0.000000,0.000000,0.000000,0.000000_0.000000i,0.000000_0.000000i,0,1,0,0.00,59.27,1
1390059061,0,0,0,0,0.000000,0.000000,0.000000,0.000000,0.000000,0.000000,0.000000_0.000000i,0.000000_0.000000i,0,1,0,0.00,59.27,1
1390059061,0,0,0,0,0.000000,0.000000,0.000000,0.000000,0.000000,0.000000,0.000000_0.000000i,0.000000_0.000000i,0,1,0,0.00,59.27,1
1390059061,0,0,0,0,0.000000,0.000000,0.000000,0.000000,0.000000,0.000000,0.000000_0.000000i,0.000000_0.000000i,0,1,0,0.00,59.27,1
1390059061,0,0,0,0,0.000000,0.000000,0.000000,0.000000,0.000000,0.000000,0.000000_0.000000i,0.000000_0.000000i,0,1,0,0.00,59.27,1
1390059062,0,0,0,0,0.000000,0.000000,0.000000,0.000000,0.000000,0.000000,0.000000_0.000000i,0.000000_0.000000i,0,1,0,0.00,59.27,1
1390059062,0,0,0,0,0.000000,0.000000,0.000000,0.000000,0.000000,0.000000,0.000000_0.000000i,0.000000_0.000000i,0,1,0,0.00,59.27,1
1390059062,0,0,0,0,0.000000,0.000000,0.000000,0.000000,0.000000,0.000000,0.000000_0.000000i,0.000000_0.000000i,0,1,0,0.00,59.27,1
1390059062,0,0,0,0,0.000000,0.000000,0.000000,0.000000,0.000000,0.000000,0.000000_0.000000i,0.000000_0.000000i,0,1,0,0.00,59.27,1
1390059063,0,0,0,0,0.000000,0.000000,0.000000,0.000000,0.000000,0.000000,0.000000_0.000000i,0.000000_0.000000i,0,1,0,0.00,59.27,1
1390059063,0,0,0,0,0.000000,0.000000,0.000000,0.000000,0.000000,0.000000,0.000000_0.000000i,0.000000_0.000000i,0,1,0,0.00,59.27,1
1390059063,0,0,0,0,0.000000,0.000000,0.000000,0.000000,0.000000,0.000000,0.000000_0.000000i,0.000000_0.000000i,0,1,0,0.00,59.27,1
1390059063,0,0,0,0,0.000000,0.000000,0.000000,0.000000,0.000000,0.000000,0.000000_0.000000i,0.000000_0.000000i,0,1,0,0.00,59.27,1
1390059064,0,0,0,0,0.000000,0.000000,0.000000,0.000000,0.000000,0.000000,0.000000_0.000000i,0.000000_0.000000i,0,1,0,0.00,59.27,1
1390059064,0,0,0,0,0.000000,0.000000,0.000000,0.000000,0.000000,0.000000,0.000000_0.000000i,0.000000_0.000000i,0,1,0,0.00,59.27,1
1390059064,0,0,0,0,0.000000,0.000000,0.000000,0.000000,0.000000,0.000000,0.000000_0.000000i,0.000000_0.000000i,0,1,0,0.00,59.27,1
1390059064,0,0,0,0,0.000000,0.000000,0.000000,0.000000,0.000000,0.000000,0.000000_0.000000i,0.000000_0.000000i,0,1,0,0.00,59.27,1
1390059065,0,0,0,0,0.000000,0.000000,0.000000,0.000000,0.000000,0.000000,0.000000_0.000000i,0.000000_0.000000i,0,1,0,0.00,59.27,1
1390059065,0,0,0,0,0.000000,0.000000,0.000000,0.000000,0.000000,0.000000,0.000000_0.000000i,0.000000_0.000000i,0,1,0,0.00,59.27,1
1390059065,0,0,0,0,0.000000,0.000000,0.000000,0.000000,0.000000,0.000000,0.000000_0.000000i,0.000000_0.000000i,0,1,0,0.00,59.27,1
1390059065,0,0,0,0,0.000000,0.000000,0.000000,0.000000,0.000000,0.000000,0.000000_0.000000i,0.000000_0.000000i,0,1,0,0.00,59.27,1
1390059066,0,0,0,0,0.000000,0.000000,0.000000,0.000000,0.000000,0.000000,0.000000_0.000000i,0.000000_0.000000i,0,1,0,0.00,59.27,1
1390059066,0,0,0,0,0.000000,0.000000,0.000000,0.000000,0.000000,0.000000,0.000000_0.000000i,0.000000_0.000000i,0,1,0,0.00,59.27,1
1390059066,0,0,0,0,0.000000,0.000000,0.000000,0.000000,0.000000,0.000000,0.000000_0.000000i,0.000000_0.000000i,0,1,0,0.00,59.27,1
1390059066,0,0,0,0,0.000000,0.000000,0.000000,0.000000,0.000000,0.000000,0.000000_0.000000i,0.000000_0.000000i,0,1,0,0.00,59.27,1
1390059067,0,0,0,0,0.000000,0.000000,0.000000,0.000000,0.000000,0.000000,0.000000_0.000000i,0.000000_0.000000i,0,1,0,0.00,59.27,1
1390059067,0,0,0,0,0.000000,0.000000,0.000000,0.000000,0.000000,0.000000,0.000000_0.000000i,0.000000_0.000000i,0,1,0,0.00,59.27,1
1390059067,0,0,0,0,0.000000,0.000000,0.000000,0.000000,0.000000,0.000000,0.000000_0.000000i,0.000000_0.000000i,0,1,0,0.00,59.27,1
1390059067,0,0,0,0,0.000000,0.000000,0.000000,0.000000,0.000000,0.000000,0.000000_0.000000i,0.000000_0.000000i,0,1,0,0.00,59.27,1
1390059068,0,0,0,0,0.000000,0.000000,0.000000,0.000000,0.000000,0.000000,0.000000_0.000000i,0.000000_0.000000i,0,1,0,0.00,59.27,1
1390059068,0,0,0,0,0.000000,0.000000,0.000000,0.000000,0.000000,0.000000,0.000000_0.000000i,0.000000_0.000000i,0,1,0,0.00,59.27,1
1390059068,0,0,0,0,0.000000,0.000000,0.000000,0.000000,0.000000,0.000000,0.000000_0.000000i,0.000000_0.000000i,0,1,0,0.00,59.27,1
1390059068,0,0,0,0,0.000000,0.000000,0.000000,0.000000,0.000000,0.000000,0.000000_0.000000i,0.000000_0.000000i,0,1,0,0.00,59.27,1
1390059069,0,0,0,0,0.000000,0.000000,0.000000,0.000000,0.000000,0.000000,0.000000_0.000000i,0.000000_0.000000i,0,1,0,0.00,59.27,1
1390059069,0,0,0,0,0.000000,0.000000,0.000000,0.000000,0.000000,0.000000,0.000000_0.000000i,0.000000_0.000000i,0,1,0,0.00,59.27,1
1390059069,0,0,0,0,0.000000,0.000000,0.000000,0.000000,0.000000,0.000000,0.000000_0.000000i,0.000000_0.000000i,0,1,0,0.00,59.27,1
1390059069,0,0,0,0,0.000000,0.000000,0.000000,0.000000,0.000000,0.000000,0.000000_0.000000i,0.000000_0.000000i,0,1,0,0.00,59.27,1
1390059070,0,0,0,0,0.000000,0.000000,0.000000,0.000000,0.000000,0.000000,0.000000_0.000000i,0.000000_0.000000i,0,1,0,0.00,59.27,1
1390059070,0,0,0,0,0.000000,0.000000,0.000000,0.000000,0.000000,0.000000,0.000000_0.000000i,0.000000_0.000000i,0,1,0,0.00,59.27,1
1390059070,0,0,0,0,0.000000,0.000000,0.000000,0.000000,0.000000,0.000000,0.000000_0.000000i,0.000000_0.000000i,0,1,0,0.00,59.27,1
1390059070,0,0,0,0,0.000000,0.000000,0.000000,0.000000,0.000000,0.000000,0.000000_0.000000i,0.000000_0.000000i,0,1,0,0.00,59.27,1
1390059071,0,0,0,0,0.000000,0.000000,0.000000,0.000000,0.000000,0.000000,0.000000_0.000000i,0.000000_0.000000i,0,1,0,0.00,59.27,1
1390059071,0,0,0,0,0.000000,0.000000,0.000000,0.000000,0.000000,0.000000,0.000000_0.000000i,0.000000_0.000000i,0,1,0,0.00,59.27,1
1390059071,0,0,0,0,0.000000,0.000000,0.000000,0.000000,0.000000,0.000000,0.000000_0.000000i,0.000000_0.000000i,0,1,0,0.00,59.27,1
1390059071,0,0,0,0,0.000000,0.000000,0.000000,0.000000,0.000000,0.000000,0.000000_0.000000i,0.000000_0.000000i,0,1,0,0.00,59.27,1
1390059072,0,0,0,0,0.000000,0.000000,0.000000,0.000000,0.000000,0.000000,0.000000_0.000000i,0.000000_0.000000i,0,1,0,0.00,59.27,1
1390059072,0,0,0,0,0.000000,0.000000,0.000000,0.000000,0.000000,0.000000,0.000000_0.000000i,0.000000_0.000000i,0,1,0,0.00,59.27,1
1390059072,0,0,0,0,0.000000,0.000000,0.000000,0.000000,0.000000,0.000000,0.000000_0.000000i,0.000000_0.000000i,0,1,0,0.00,59.27,1
1390059072,0,0,0,0,0.000000,0.000000,0.000000,0.000000,0.000000,0.000000,0.000000_0.000000i,0.000000_0.000000i,0,1,0,0.00,59.27,1
1390059073,0,0,0,0,0.000000,0.000000,0.000000,0.000000,0.000000,0.000000,0.000000_0.000000i,0.000000_0.000000i,0,1,0,0.00,59.27,1
1390059073,0,0,0,0,0.000000,0.000000,0.000000,0.000000,0.000000,0.000000,0.000000_0.000000i,0.000000_0.000000i,0,1,0,0.00,59.27,1
1390059073,0,0,0,0,0.000000,0.000000,0.000000,0.000000,0.000000,0.000000,0.000000_0.000000i,0.000000_0.000000i,0,1,0,0.00,59.27,1
1390059073,0,0,0,0,0.000000,0.000000,0.000000,0.000000,0.000000,0.000000,0.000000_0.000000i,0.000000_0.000000i,0,1,0,0.00,59.27,1
1390059074,0,0,0,0,0.000000,0.000000,0.000000,0.000000,0.000000,0.000000,0.000000_0.000000i,0.000000_0.000000i,0,1,0,0.00,59.27,1
1390059074,0,0,0,0,0.000000,0.000000,0.000000,0.000000,0.000000,0.000000,0.000000_0.000000i,0.000000_0.000000i,0,1,0,0.00,59.27,1
1390059074,0,0,0,0,0.000000,0.000000,0.000000,0.000000,0.000000,0.000000,0.000000_0.000000i,0.000000_0.000000i,0,1,0,0.00,59.27,1
1390059074,0,0,0,0,0.000000,0.000000,0.000000,0.000000,0.000000,0.000000,0.000000_0.000000i,0.000000_0.000000i,0,1,0,0.00,59.27,1
1390059075,0,0,0,0,0.000000,0.000000,0.000000,0.000000,0.000000,0.000000,0.000000_0.000000i,0.000000_0.000000i,0,1,0,0.00,59.27,1
1390059075,0,0,0,0,0.000000,0.000000,0.000000,0.000000,0.000000,0.000000,0.000000_0.000000i,0.000000_0.000000i,0,1,0,0.00,59.27,1
1390059075,0,0,0,0,0.000000,0.000000,0.000000,0.000000,0.000000,0.000000,0.000000_0.000000i,0.000000_0.000000i,0,1,0,0.00,59.27,1
1390059075,0,0,0,0,0.000000,0.000000,0.000000,0.000000,0.000000,0.000000,0.000000_0.000000i,0.000000_0.000000i,0,1,0,0.00,59.27,1
1390059076,0,0,0,0,0.000000,0.000000,0.000000,0.000000,0.000000,0.000000,0.000000_0.000000i,0.000000_0.000000i,0,1,0,0.00,59.27,1
1390059076,0,0,0,0,0.000000,0.000000,0.000000,0.000000,0.000000,0.000000,0.000000_0.000000i,0.000000_0.000000i,0,1,0,0.00,59.27,1
1390059076,0,0,0,0,0.000000,0.000000,0.000000,0.000000,0.000000,0.000000,0.000000_0.000000i,0.000000_0.000000i,0,1,0,0.00,59.27,1
1390059076,0,0,0,0,0.000000,0.000000,0.000000,0.000000,0.000000,0.000000,0.000000_0.000000i,0.000000_0.000000i,0,1,0,0.00,59.27,1
1390059077,0,0,0,0,0.000000,0.000000,0.000000,0.000000,0.000000,0.000000,0.000000_0.000000i,0.000000_0.000000i,0,1,0,0.00,59.27,1
1390059077,0,0,0,0,0.000000,0.000000,0.000000,0.000000,0.000000,0.000000,0.000000_0.000000i,0.000000_0.000000i,0,1,0,0.00,59.27,1
1390059077,0,0,0,0,0.000000,0.000000,0.000000,0.000000,0.000000,0.000000,0.000000_0.000000i,0.000000_0.000000i,0,1,0,0.00,59.27,1
1390059077,0,0,0,0,0.000000,0.000000,0.000000,0.000000,0.000000,0.000000,0.000000_0.000000i,0.000000_0.000000i,0,1,0,0.00,59.27,1
1390059078,0,0,0,0,0.000000,0.000000,0.000000,0.000000,0.000000,0.000000,0.000000_0.000000i,0.000000_0.000000i,0,1,0,0.00,59.27,1
1390059078,0,0,0,0,0.000000,0.000000,0.000000,0.000000,0.000000,0.000000,0.000000_0.000000i,0.000000_0.000000i,0,1,0,0.00,59.27,1
1390059078,0,0,0,0,0.000000,0.000000,0.000000,0.000000,0.000000,0.000000,0.000000_0.000000i,0.000000_0.000000i,0,1,0,0.00,59.27,1
1390059078,0,0,0,0,0.000000,0.000000,0.000000,0.000000,0.000000,0.000000,0.000000_0.000000i,0.000000_0.000000i,0,1,0,0.00,59.27,1
1390059079,0,0,0,0,0.000000,0.000000,0.000000,0.000000,0.000000,0.000000,0.000000_0.000000i,0.000000_0.000000i,0,1,0,0.00,59.27,1
1390059079,0,0,0,0,0.000000,0.000000,0.000000,0.000000,0.000000,0.000000,0.000000_0.000000i,0.000000_0.000000i,0,1,0,0.00,59.27,1
1390059079,0,0,0,0,0.000000,0.000000,0.000000,0.000000,0.000000,0.000000,0.000000_0.000000i,0.000000_0.000000i,0,1,0,0.00,59.27,1
1390059079,0,0,0,0,0.000000,0.000000,0.000000,0.000000,0.000000,0.000000,0.000000_0.000000i,0.000000_0.000000i,0,1,0,0.00,59.27,1
1390059080,0,0,0,0,0.000000,0.000000,0.000000,0.000000,0.000000,0.000000,0.000000_0.000000i,0.000000_0.000000i,0,1,0,0.00,59.27,1
1390059080,0,0,0,0,0.000000,0.000000,0.000000,0.000000,0.000000,0.000000,0.000000_0.000000i,0.000000_0.000000i,0,1,0,0.00,59.27,1
1390059080,0,0,0,0,0.000000,0.000000,0.000000,0.000000,0.000000,0.000000,0.000000_0.000000i,0.000000_0.000000i,0,1,0,0.00,59.27,1
1390059080,0,0,0,0,0.000000,0.000000,0.000000,0.000000,0.000000,0.000000,0.000000_0.000000i,0.000000_0.000000i,0,1,0,0.00,59.27,1
1390059081,0,0,0,0,0.000000,0.000000,0.000000,0.000000,0.000000,0.000000,0.000000_0.000000i,0.000000_0.000000i,0,1,0,0.00,59.27,1
1390059081,0,0,0,0,0.000000,0.000000,0.000000,0.000000,0.000000,0.000000,0.000000_0.000000i,0.000000_0.000000i,0,1,0,0.00,59.27,1
1390059081,0,0,0,0,0.000000,0.000000,0.000000,0.000000,0.000000,0.000000,0.000000_0.000000i,0.000000_0.000000i,0,1,0,0.00,59.27,1
1390059081,0,0,0,0,0.000000,0.000000,0.000000,0.000000,0.000000,0.000000,0.000000_0.000000i,0.000000_0.000000i,0,1,0,0.00,59.27,1
1390059082,0,0,0,0,0.000000,0.000000,0.000000,0.000000,0.000000,0.000000,0.000000_0.000000i,0.000000_0.000000i,0,1,0,0.00,59.27,1
1390059082,0,0,0,0,0.000000,0.000000,0.000000,0.000000,0.000000,0.000000,0.000000_0.000000i,0.000000_0.000000i,0,1,0,0.00,59.27,1
1390059082,0,0,0,0,0.000000,0.000000,0.000000,0.000000,0.000000,0.000000,0.000000_0.000000i,0.000000_0.000000i,0,1,0,0.00,59.27,1
1390059082,0,0,0,0,0.000000,0.000000,0.000000,0.000000,0.000000,0.000000,0.000000_0.000000i,0.000000_0.000000i,0,1,0,0.00,59.27,1
1390059083,0,0,0,0,0.000000,0.000000,0.000000,0.000000,0.000000,0.000000,0.000000_0.000000i,0.000000_0.000000i,0,1,0,0.00,59.27,1
1390059083,0,0,0,0,0.000000,0.000000,0.000000,0.000000,0.000000,0.000000,0.000000_0.000000i,0.000000_0.000000i,0,1,0,0.00,59.27,1
1390059083,0,0,0,0,0.000000,0.000000,0.000000,0.000000,0.000000,0.000000,0.000000_0.000000i,0.000000_0.000000i,0,1,0,0.00,59.27,1
1390059083,0,0,0,0,0.000000,0.000000,0.000000,0.000000,0.000000,0.000000,0.000000_0.000000i,0.000000_0.000000i,0,1,0,0.00,59.27,1
1390059084,0,0,0,0,0.000000,0.000000,0.000000,0.000000,0.000000,0.000000,0.000000_0.000000i,0.000000_0.000000i,0,1,0,0.00,59.27,1
1390059084,0,0,0,0,0.000000,0.000000,0.000000,0.000000,0.000000,0.000000,0.000000_0.000000i,0.000000_0.000000i,0,1,0,0.00,59.27,1
1390059084,0,0,0,0,0.000000,0.000000,0.000000,0.000000,0.000000,0.000000,0.000000_0.000000i,0.000000_0.000000i,0,1,0,0.00,59.27,1
1390059084,0,0,0,0,0.000000,0.000000,0.000000,0.000000,0.000000,0.000000,0.000000_0.000000i,0.000000_0.000000i,0,1,0,0.00,59.27,1
1390059085,0,0,0,0,0.000000,0.000000,0.000000,0.000000,0.000000,0.000000,0.000000_0.000000i,0.000000_0.000000i,0,1,0,0.00,59.27,1
1390059085,0,0,0,0,0.000000,0.000000,0.000000,0.000000,0.000000,0.000000,0.000000_0.000000i,0.000000_0.000000i,0,1,0,0.00,59.27,1
1390059085,0,0,0,0,0.000000,0.000000,0.000000,0.000000,0.000000,0.000000,0.000000_0.000000i,0.000000_0.000000i,0,1,0,0.00,59.27,1
1390059085,0,0,0,0,0.000000,0.000000,0.000000,0.000000,0.000000,0.000000,0.000000_0.000000i,0.000000_0.000000i,0,1,0,0.00,59.27,1
1390059086,0,0,0,0,0.000000,0.000000,0.000000,0.000000,0.000000,0.000000,0.000000_0.000000i,0.000000_0.000000i,0,1,0,0.00,59.27,1
1390059086,0,0,0,0,0.000000,0.000000,0.000000,0.000000,0.000000,0.000000,0.000000_0.000000i,0.000000_0.000000i,0,1,0,0.00,59.27,1
1390059086,0,0,0,0,0.000000,0.000000,0.000000,0.000000,0.000000,0.000000,0.000000_0.000000i,0.000000_0.000000i,0,1,0,0.00,59.27,1
1390059086,0,0,0,0,0.000000,0.000000,0.000000,0.000000,0.000000,0.000000,0.000000_0.000000i,0.000000_0.000000i,0,1,0,0.00,59.27,1
1390059087,0,0,0,0,0.000000,0.000000,0.000000,0.000000,0.000000,0.000000,0.000000_0.000000i,0.000000_0.000000i,0,1,0,0.00,59.27,1
1390059087,0,0,0,0,0.000000,0.000000,0.000000,0.000000,0.000000,0.000000,0.000000_0.000000i,0.000000_0.000000i,0,1,0,0.00,59.27,1
1390059087,0,0,0,0,0.000000,0.000000,0.000000,0.000000,0.000000,0.000000,0.000000_0.000000i,0.000000_0.000000i,0,1,0,0.00,59.27,1
1390059087,0,0,0,0,0.000000,0.000000,0.000000,0.000000,0.000000,0.000000,0.000000_0.000000i,0.000000_0.000000i,0,1,0,0.00,59.27,1
1390059088,0,0,0,0,0.000000,0.000000,0.000000,0.000000,0.000000,0.000000,0.000000_0.000000i,0.000000_0.000000i,0,1,0,0.00,59.27,1
1390059088,0,0,0,0,0.000000,0.000000,0.000000,0.000000,0.000000,0.000000,0.000000_0.000000i,0.000000_0.000000i,0,1,0,0.00,59.27,1
1390059088,0,0,0,0,0.000000,0.000000,0.000000,0.000000,0.000000,0.000000,0.000000_0.000000i,0.000000_0.000000i,0,1,0,0.00,59.27,1
1390059088,0,0,0,0,0.000000,0.000000,0.000000,0.000000,0.000000,0.000000,0.000000_0.000000i,0.000000_0.000000i,0,1,0,0.00,59.27,1
1390059089,0,0,0,0,0.000000,0.000000,0.000000,0.000000,0.000000,0.000000,0.000000_0.000000i,0.000000_0.000000i,0,1,0,0.00,59.27,1
1390059089,0,0,0,0,0.000000,0.000000,0.000000,0.000000,0.000000,0.000000,0.000000_0.000000i,0.000000_0.000000i,0,1,0,0.00,59.27,1
1390059089,0,0,0,0,0.000000,0.000000,0.000000,0.000000,0.000000,0.000000,0.000000_0.000000i,0.000000_0.000000i,0,1,0,0.00,59.27,1
1390059089,0,0,0,0,0.000000,0.000000,0.000000,0.000000,0.000000,0.000000,0.000000_0.000000i,0.000000_0.000000i,0,1,0,0.00,59.27,1
1390059090,0,0,0,0,0.000000,0.000000,0.000000,0.000000,0.000000,0.000000,0.000000_0.000000i,0.000000_0.000000i,0,1,0,0.00,59.27,1
1390059090,0,0,0,0,0.000000,0.000000,0.000000,0.000000,0.000000,0.000000,0.000000_0.000000i,0.000000_0.000000i,0,1,0,0.00,59.27,1
1390059090,0,0,0,0,0.000000,0.000000,0.000000,0.000000,0.000000,0.000000,0.000000_0.000000i,0.000000_0.000000i,0,1,0,0.00,59.27,1
1390059090,0,0,0,0,0.000000,0.000000,0.000000,0.000000,0.000000,0.000000,0.000000_0.000000i,0.000000_0.000000i,0,1,0,0.00,59.27,1
1390059091,0,0,0,0,0.000000,0.000000,0.000000,0.000000,0.000000,0.000000,0.000000_0.000000i,0.000000_0.000000i,0,1,0,0.00,59.27,1
1390059091,0,0,0,0,0.000000,0.000000,0.000000,0.000000,0.000000,0.000000,0.000000_0.000000i,0.000000_0.000000i,0,1,0,0.00,59.27,1
1390059091,0,0,0,0,0.000000,0.000000,0.000000,0.000000,0.000000,0.000000,0.000000_0.000000i,0.000000_0.000000i,0,1,0,0.00,59.27,1
1390059091,0,0,0,0,0.000000,0.000000,0.000000,0.000000,0.000000,0.000000,0.000000_0.000000i,0.000000_0.000000i,0,1,0,0.00,59.27,1
1390059092,0,0,0,0,0.000000,0.000000,0.000000,0.000000,0.000000,0.000000,0.000000_0.000000i,0.000000_0.000000i,0,1,0,0.00,59.27,1
1390059092,0,0,0,0,0.000000,0.000000,0.000000,0.000000,0.000000,0.000000,0.000000_0.000000i,0.000000_0.000000i,0,1,0,0.00,59.27,1
1390059092,0,0,0,0,0.000000,0.000000,0.000000,0.000000,0.000000,0.000000,0.000000_0.000000i,0.000000_0.000000i,0,1,0,0.00,59.27,1
1390059092,0,0,0,0,0.000000,0.000000,0.000000,0.000000,0.000000,0.000000,0.000000_0.000000i,0.000000_0.000000i,0,1,0,0.00,59.27,1
1390059093,0,0,0,0,0.000000,0.000000,0.000000,0.000000,0.000000,0.000000,0.000000_0.000000i,0.000000_0.000000i,0,1,0,0.00,59.27,1
1390059093,0,0,0,0,0.000000,0.000000,0.000000,0.000000,0.000000,0.000000,0.000000_0.000000i,0.000000_0.000000i,0,1,0,0.00,59.27,1
1390059093,0,0,0,0,0.000000,0.000000,0.000000,0.000000,0.000000,0.000000,0.000000_0.000000i,0.000000_0.000000i,0,1,0,0.00,59.27,1
1390059093,0,0,0,0,0.000000,0.000000,0.000000,0.000000,0.000000,0.000000,0.000000_0.000000i,0.000000_0.000000i,0,1,0,0.00,59.27,1
1390059094,0,0,0,0,0.000000,0.000000,0.000000,0.000000,0.000000,0.000000,0.000000_0.000000i,0.000000_0.000000i,0,1,0,0.00,59.27,1
1390059094,0,0,0,0,0.000000,0.000000,0.000000,0.000000,0.000000,0.000000,0.000000_0.000000i,0.000000_0.000000i,0,1,0,0.00,59.27,1
1390059094,0,0,0,0,0.000000,0.000000,0.000000,0.000000,0.000000,0.000000,0.000000_0.000000i,0.000000_0.000000i,0,1,0,0.00,59.27,1
1390059094,0,0,0,0,0.000000,0.000000,0.000000,0.000000,0.000000,0.000000,0.000000_0.000000i,0.000000_0.000000i,0,1,0,0.00,59.27,1
1390059095,0,0,0,0,0.000000,0.000000,0.000000,0.000000,0.000000,0.000000,0.000000_0.000000i,0.000000_0.000000i,0,1,0,0.00,59.27,1
1390059095,0,0,0,0,0.000000,0.000000,0.000000,0.000000,0.000000,0.000000,0.000000_0.000000i,0.000000_0.000000i,0,1,0,0.00,59.27,1
1390059095,0,0,0,0,0.000000,0.000000,0.000000,0.000000,0.000000,0.000000,0.000000_0.000000i,0.000000_0.000000i,0,1,0,0.00,59.27,1
1390059095,0,0,0,0,0.000000,0.000000,0.000000,0.000000,0.000000,0.000000,0.000000_0.000000i,0.000000_0.000000i,0,1,0,0.00,59.27,1
1390059096,0,0,0,0,0.000000,0.000000,0.000000,0.000000,0.000000,0.000000,0.000000_0.000000i,0.000000_0.000000i,0,1,0,0.00,59.27,1
1390059096,0,0,0,0,0.000000,0.000000,0.000000,0.000000,0.000000,0.000000,0.000000_0.000000i,0.000000_0.000000i,0,1,0,0.00,59.27,1
1390059096,0,0,0,0,0.000000,0.000000,0.000000,0.000000,0.000000,0.000000,0.000000_0.000000i,0.000000_0.000000i,0,1,0,0.00,59.27,1
1390059096,0,0,0,0,0.000000,0.000000,0.000000,0.000000,0.000000,0.000000,0.000000_0.000000i,0.000000_0.000000i,0,1,0,0.00,59.27,1
1390059097,0,0,0,0,0.000000,0.000000,0.000000,0.000000,0.000000,0.000000,0.000000_0.000000i,0.000000_0.000000i,0,1,0,0.00,59.27,1
1390059097,0,0,0,0,0.000000,0.000000,0.000000,0.000000,0.000000,0.000000,0.000000_0.000000i,0.000000_0.000000i,0,1,0,0.00,59.27,1
1390059097,0,0,0,0,0.000000,0.000000,0.000000,0.000000,0.000000,0.000000,0.000000_0.000000i,0.000000_0.000000i,0,1,0,0.00,59.27,1
1390059097,0,0,0,0,0.000000,0.000000,0.000000,0.000000,0.000000,0.000000,0.000000_0.000000i,0.000000_0.000000i,0,1,0,0.00,59.27,1
1390059098,0,0,0,0,0.000000,0.000000,0.000000,0.000000,0.000000,0.000000,0.000000_0.000000i,0.000000_0.000000i,0,1,0,0.00,59.27,1
1390059098,0,0,0,0,0.000000,0.000000,0.000000,0.000000,0.000000,0.000000,0.000000_0.000000i,0.000000_0.000000i,0,1,0,0.00,59.27,1
1390059098,0,0,0,0,0.000000,0.000000,0.000000,0.000000,0.000000,0.000000,0.000000_0.000000i,0.000000_0.000000i,0,1,0,0.00,59.27,1
1390059099,0,0,0,0,0.000000,0.000000,0.000000,0.000000,0.000000,0.000000,0.000000_0.000000i,0.000000_0.000000i,0,1,0,0.00,59.27,1
1390059099,0,0,0,0,0.000000,0.000000,0.000000,0.000000,0.000000,0.000000,0.000000_0.000000i,0.000000_0.000000i,0,1,0,0.00,59.27,1
1390059099,0,0,0,0,0.000000,0.000000,0.000000,0.000000,0.000000,0.000000,0.000000_0.000000i,0.000000_0.000000i,0,1,0,0.00,59.27,1
1390059099,0,0,0,0,0.000000,0.000000,0.000000,0.000000,0.000000,0.000000,0.000000_0.000000i,0.000000_0.000000i,0,1,0,0.00,59.27,1
1390059100,0,0,0,0,0.000000,0.000000,0.000000,0.000000,0.000000,0.000000,0.000000_0.000000i,0.000000_0.000000i,0,1,0,0.00,59.27,1
1390059100,0,0,0,0,0.000000,0.000000,0.000000,0.000000,0.000000,0.000000,0.000000_0.000000i,0.000000_0.000000i,0,1,0,0.00,59.27,1
1390059100,0,0,0,0,0.000000,0.000000,0.000000,0.000000,0.000000,0.000000,0.000000_0.000000i,0.000000_0.000000i,0,1,0,0.00,59.27,1
1390059100,0,0,0,0,0.000000,0.000000,0.000000,0.000000,0.000000,0.000000,0.000000_0.000000i,0.000000_0.000000i,0,1,0,0.00,59.27,1
1390059101,0,0,0,0,0.000000,0.000000,0.000000,0.000000,0.000000,0.000000,0.000000_0.000000i,0.000000_0.000000i,0,1,0,0.00,59.27,1
1390059101,0,0,0,0,0.000000,0.000000,0.000000,0.000000,0.000000,0.000000,0.000000_0.000000i,0.000000_0.000000i,0,1,0,0.00,59.27,1
1390059101,0,0,0,0,0.000000,0.000000,0.000000,0.000000,0.000000,0.000000,0.000000_0.000000i,0.000000_0.000000i,0,1,0,0.00,59.27,1
1390059101,0,0,0,0,0.000000,0.000000,0.000000,0.000000,0.000000,0.000000,0.000000_0.000000i,0.000000_0.000000i,0,1,0,0.00,59.27,1
1390059102,0,0,0,0,0.000000,0.000000,0.000000,0.000000,0.000000,0.000000,0.000000_0.000000i,0.000000_0.000000i,0,1,0,0.00,59.27,1
1390059102,0,0,0,0,0.000000,0.000000,0.000000,0.000000,0.000000,0.000000,0.000000_0.000000i,0.000000_0.000000i,0,1,0,0.00,59.27,1
1390059102,0,0,0,0,0.000000,0.000000,0.000000,0.000000,0.000000,0.000000,0.000000_0.000000i,0.000000_0.000000i,0,1,0,0.00,59.27,1
1390059102,0,0,0,0,0.000000,0.000000,0.000000,0.000000,0.000000,0.000000,0.000000_0.000000i,0.000000_0.000000i,0,1,0,0.00,59.27,1
1390059103,0,0,0,0,0.000000,0.000000,0.000000,0.000000,0.000000,0.000000,0.000000_0.000000i,0.000000_0.000000i,0,1,0,0.00,59.27,1
1390059103,0,0,0,0,0.000000,0.000000,0.000000,0.000000,0.000000,0.000000,0.000000_0.000000i,0.000000_0.000000i,0,1,0,0.00,59.27,1
1390059103,0,0,0,0,0.000000,0.000000,0.000000,0.000000,0.000000,0.000000,0.000000_0.000000i,0.000000_0.000000i,0,1,0,0.00,59.27,1
1390059103,0,0,0,0,0.000000,0.000000,0.000000,0.000000,0.000000,0.000000,0.000000_0.000000i,0.000000_0.000000i,0,1,0,0.00,59.27,1
1390059104,0,0,0,0,0.000000,0.000000,0.000000,0.000000,0.000000,0.000000,0.000000_0.000000i,0.000000_0.000000i,0,1,0,0.00,59.27,1
1390059104,0,0,0,0,0.000000,0.000000,0.000000,0.000000,0.000000,0.000000,0.000000_0.000000i,0.000000_0.000000i,0,1,0,0.00,59.27,1
1390059104,0,0,0,0,0.000000,0.000000,0.000000,0.000000,0.000000,0.000000,0.000000_0.000000i,0.000000_0.000000i,0,1,0,0.00,59.27,1
1390059104,0,0,0,0,0.000000,0.000000,0.000000,0.000000,0.000000,0.000000,0.000000_0.000000i,0.000000_0.000000i,0,1,0,0.00,59.27,1
1390059105,0,0,0,0,0.000000,0.000000,0.000000,0.000000,0.000000,0.000000,0.000000_0.000000i,0.000000_0.000000i,0,1,0,0.00,59.27,1
1390059105,0,0,0,0,0.000000,0.000000,0.000000,0.000000,0.000000,0.000000,0.000000_0.000000i,0.000000_0.000000i,0,1,0,0.00,59.27,1
1390059105,0,0,0,0,0.000000,0.000000,0.000000,0.000000,0.000000,0.000000,0.000000_0.000000i,0.000000_0.000000i,0,1,0,0.00,59.27,1
1390059105,0,0,0,0,0.000000,0.000000,0.000000,0.000000,0.000000,0.000000,0.000000_0.000000i,0.000000_0.000000i,0,1,0,0.00,59.27,1
1390059106,0,0,0,0,0.000000,0.000000,0.000000,0.000000,0.000000,0.000000,0.000000_0.000000i,0.000000_0.000000i,0,1,0,0.00,59.27,1
1390059106,0,0,0,0,0.000000,0.000000,0.000000,0.000000,0.000000,0.000000,0.000000_0.000000i,0.000000_0.000000i,0,1,0,0.00,59.27,1
1390059106,0,0,0,0,0.000000,0.000000,0.000000,0.000000,0.000000,0.000000,0.000000_0.000000i,0.000000_0.000000i,0,1,0,0.00,59.27,1
1390059106,0,0,0,0,0.000000,0.000000,0.000000,0.000000,0.000000,0.000000,0.000000_0.000000i,0.000000_0.000000i,0,1,0,0.00,59.27,1
1390059107,0,0,0,0,0.000000,0.000000,0.000000,0.000000,0.000000,0.000000,0.000000_0.000000i,0.000000_0.000000i,0,1,0,0.00,59.27,1
1390059107,0,0,0,0,0.000000,0.000000,0.000000,0.000000,0.000000,0.000000,0.000000_0.000000i,0.000000_0.000000i,0,1,0,0.00,59.27,1
1390059107,0,0,0,0,0.000000,0.000000,0.000000,0.000000,0.000000,0.000000,0.000000_0.000000i,0.000000_0.000000i,0,1,0,0.00,59.27,1
1390059107,0,0,0,0,0.000000,0.000000,0.000000,0.000000,0.000000,0.000000,0.000000_0.000000i,0.000000_0.000000i,0,1,0,0.00,59.27,1
1390059108,0,0,0,0,0.000000,0.000000,0.000000,0.000000,0.000000,0.000000,0.000000_0.000000i,0.000000_0.000000i,0,1,0,0.00,59.27,1
1390059108,0,0,0,0,0.000000,0.000000,0.000000,0.000000,0.000000,0.000000,0.000000_0.000000i,0.000000_0.000000i,0,1,0,0.00,59.27,1
1390059108,0,0,0,0,0.000000,0.000000,0.000000,0.000000,0.000000,0.000000,0.000000_0.000000i,0.000000_0.000000i,0,1,0,0.00,59.27,1
1390059108,0,0,0,0,0.000000,0.000000,0.000000,0.000000,0.000000,0.000000,0.000000_0.000000i,0.000000_0.000000i,0,1,0,0.00,59.27,1
1390059109,0,0,0,0,0.000000,0.000000,0.000000,0.000000,0.000000,0.000000,0.000000_0.000000i,0.000000_0.000000i,0,1,0,0.00,59.27,1
1390059109,0,0,0,0,0.000000,0.000000,0.000000,0.000000,0.000000,0.000000,0.000000_0.000000i,0.000000_0.000000i,0,1,0,0.00,59.27,1
1390059109,0,0,0,0,0.000000,0.000000,0.000000,0.000000,0.000000,0.000000,0.000000_0.000000i,0.000000_0.000000i,0,1,0,0.00,59.27,1
1390059109,0,0,0,0,0.000000,0.000000,0.000000,0.000000,0.000000,0.000000,0.000000_0.000000i,0.000000_0.000000i,0,1,0,0.00,59.27,1
1390059110,0,0,0,0,0.000000,0.000000,0.000000,0.000000,0.000000,0.000000,0.000000_0.000000i,0.000000_0.000000i,0,1,0,0.00,59.27,1
1390059110,0,0,0,0,0.000000,0.000000,0.000000,0.000000,0.000000,0.000000,0.000000_0.000000i,0.000000_0.000000i,0,1,0,0.00,59.27,1
1390059110,0,0,0,0,0.000000,0.000000,0.000000,0.000000,0.000000,0.000000,0.000000_0.000000i,0.000000_0.000000i,0,1,0,0.00,59.27,1
1390059110,0,0,0,0,0.000000,0.000000,0.000000,0.000000,0.000000,0.000000,0.000000_0.000000i,0.000000_0.000000i,0,1,0,0.00,59.27,1
1390059111,0,0,0,0,0.000000,0.000000,0.000000,0.000000,0.000000,0.000000,0.000000_0.000000i,0.000000_0.000000i,0,1,0,0.00,59.27,1
1390059111,0,0,0,0,0.000000,0.000000,0.000000,0.000000,0.000000,0.000000,0.000000_0.000000i,0.000000_0.000000i,0,1,0,0.00,59.27,1
1390059111,0,0,0,0,0.000000,0.000000,0.000000,0.000000,0.000000,0.000000,0.000000_0.000000i,0.000000_0.000000i,0,1,0,0.00,59.27,1
1390059111,0,0,0,0,0.000000,0.000000,0.000000,0.000000,0.000000,0.000000,0.000000_0.000000i,0.000000_0.000000i,0,1,0,0.00,59.27,1
1390059112,0,0,0,0,0.000000,0.000000,0.000000,0.000000,0.000000,0.000000,0.000000_0.000000i,0.000000_0.000000i,0,1,0,0.00,59.27,1
1390059112,0,0,0,0,0.000000,0.000000,0.000000,0.000000,0.000000,0.000000,0.000000_0.000000i,0.000000_0.000000i,0,1,0,0.00,59.27,1
1390059112,0,0,0,0,0.000000,0.000000,0.000000,0.000000,0.000000,0.000000,0.000000_0.000000i,0.000000_0.000000i,0,1,0,0.00,59.27,1
1390059112,0,0,0,0,0.000000,0.000000,0.000000,0.000000,0.000000,0.000000,0.000000_0.000000i,0.000000_0.000000i,0,1,0,0.00,59.27,1
1390059113,0,0,0,0,0.000000,0.000000,0.000000,0.000000,0.000000,0.000000,0.000000_0.000000i,0.000000_0.000000i,0,1,0,0.00,59.27,1
1390059113,0,0,0,0,0.000000,0.000000,0.000000,0.000000,0.000000,0.000000,0.000000_0.000000i,0.000000_0.000000i,0,1,0,0.00,59.27,1
1390059113,0,0,0,0,0.000000,0.000000,0.000000,0.000000,0.000000,0.000000,0.000000_0.000000i,0.000000_0.000000i,0,1,0,0.00,59.27,1
1390059113,0,0,0,0,0.000000,0.000000,0.000000,0.000000,0.000000,0.000000,0.000000_0.000000i,0.000000_0.000000i,0,1,0,0.00,59.27,1
1390059114,0,0,0,0,0.000000,0.000000,0.000000,0.000000,0.000000,0.000000,0.000000_0.000000i,0.000000_0.000000i,0,1,0,0.00,59.27,1
1390059114,0,0,0,0,0.000000,0.000000,0.000000,0.000000,0.000000,0.000000,0.000000_0.000000i,0.000000_0.000000i,0,1,0,0.00,59.27,1
1390059114,0,0,0,0,0.000000,0.000000,0.000000,0.000000,0.000000,0.000000,0.000000_0.000000i,0.000000_0.000000i,0,1,0,0.00,59.27,1
1390059114,0,0,0,0,0.000000,0.000000,0.000000,0.000000,0.000000,0.000000,0.000000_0.000000i,0.000000_0.000000i,0,1,0,0.00,59.27,1
1390059115,0,0,0,0,0.000000,0.000000,0.000000,0.000000,0.000000,0.000000,0.000000_0.000000i,0.000000_0.000000i,0,1,0,0.00,59.27,1
1390059115,0,0,0,0,0.000000,0.000000,0.000000,0.000000,0.000000,0.000000,0.000000_0.000000i,0.000000_0.000000i,0,1,0,0.00,59.27,1
1390059115,0,0,0,0,0.000000,0.000000,0.000000,0.000000,0.000000,0.000000,0.000000_0.000000i,0.000000_0.000000i,0,1,0,0.00,59.27,1
1390059115,0,0,0,0,0.000000,0.000000,0.000000,0.000000,0.000000,0.000000,0.000000_0.000000i,0.000000_0.000000i,0,1,0,0.00,59.27,1
1390059116,0,0,0,0,0.000000,0.000000,0.000000,0.000000,0.000000,0.000000,0.000000_0.000000i,0.000000_0.000000i,0,1,0,0.00,59.27,1
1390059116,0,0,0,0,0.000000,0.000000,0.000000,0.000000,0.000000,0.000000,0.000000_0.000000i,0.000000_0.000000i,0,1,0,0.00,59.27,1
1390059116,0,0,0,0,0.000000,0.000000,0.000000,0.000000,0.000000,0.000000,0.000000_0.000000i,0.000000_0.000000i,0,1,0,0.00,59.27,1
1390059116,0,0,0,0,0.000000,0.000000,0.000000,0.000000,0.000000,0.000000,0.000000_0.000000i,0.000000_0.000000i,0,1,0,0.00,59.27,1
1390059117,0,0,0,0,0.000000,0.000000,0.000000,0.000000,0.000000,0.000000,0.000000_0.000000i,0.000000_0.000000i,0,1,0,0.00,59.27,1
1390059117,0,0,0,0,0.000000,0.000000,0.000000,0.000000,0.000000,0.000000,0.000000_0.000000i,0.000000_0.000000i,0,1,0,0.00,59.27,1
1390059117,0,0,0,0,0.000000,0.000000,0.000000,0.000000,0.000000,0.000000,0.000000_0.000000i,0.000000_0.000000i,0,1,0,0.00,59.27,1
1390059117,0,0,0,0,0.000000,0.000000,0.000000,0.000000,0.000000,0.000000,0.000000_0.000000i,0.000000_0.000000i,0,1,0,0.00,59.27,1
1390059118,0,0,0,0,0.000000,0.000000,0.000000,0.000000,0.000000,0.000000,0.000000_0.000000i,0.000000_0.000000i,0,1,0,0.00,59.27,1
1390059118,0,0,0,0,0.000000,0.000000,0.000000,0.000000,0.000000,0.000000,0.000000_0.000000i,0.000000_0.000000i,0,1,0,0.00,59.27,1
1390059118,0,0,0,0,0.000000,0.000000,0.000000,0.000000,0.000000,0.000000,0.000000_0.000000i,0.000000_0.000000i,0,1,0,0.00,59.27,1
1390059118,0,0,0,0,0.000000,0.000000,0.000000,0.000000,0.000000,0.000000,0.000000_0.000000i,0.000000_0.000000i,0,1,0,0.00,59.27,1
1390059119,0,0,0,0,0.000000,0.000000,0.000000,0.000000,0.000000,0.000000,0.000000_0.000000i,0.000000_0.000000i,0,1,0,0.00,59.27,1
1390059119,0,0,0,0,0.000000,0.000000,0.000000,0.000000,0.000000,0.000000,0.000000_0.000000i,0.000000_0.000000i,0,1,0,0.00,59.27,1
1390059119,0,0,0,0,0.000000,0.000000,0.000000,0.000000,0.000000,0.000000,0.000000_0.000000i,0.000000_0.000000i,0,1,0,0.00,59.27,1
1390059119,0,0,0,0,0.000000,0.000000,0.000000,0.000000,0.000000,0.000000,0.000000_0.000000i,0.000000_0.000000i,0,1,0,0.00,59.27,1
1390059120,0,0,0,0,0.000000,0.000000,0.000000,0.000000,0.000000,0.000000,0.000000_0.000000i,0.000000_0.000000i,0,1,0,0.00,59.27,1
1390059120,0,0,0,0,0.000000,0.000000,0.000000,0.000000,0.000000,0.000000,0.000000_0.000000i,0.000000_0.000000i,0,1,0,0.00,59.27,1
1390059120,0,0,0,0,0.000000,0.000000,0.000000,0.000000,0.000000,0.000000,0.000000_0.000000i,0.000000_0.000000i,0,1,0,0.00,59.27,1
1390059120,0,0,0,0,0.000000,0.000000,0.000000,0.000000,0.000000,0.000000,0.000000_0.000000i,0.000000_0.000000i,0,1,0,0.00,59.27,1
1390059121,0,0,0,0,0.000000,0.000000,0.000000,0.000000,0.000000,0.000000,0.000000_0.000000i,0.000000_0.000000i,0,1,0,0.00,59.27,1
1390059121,0,0,0,0,0.000000,0.000000,0.000000,0.000000,0.000000,0.000000,0.000000_0.000000i,0.000000_0.000000i,0,1,0,0.00,59.27,1
1390059121,0,0,0,0,0.000000,0.000000,0.000000,0.000000,0.000000,0.000000,0.000000_0.000000i,0.000000_0.000000i,0,1,0,0.00,59.27,1
1390059121,0,0,0,0,0.000000,0.000000,0.000000,0.000000,0.000000,0.000000,0.000000_0.000000i,0.000000_0.000000i,0,1,0,0.00,59.27,1
1390059122,0,0,0,0,0.000000,0.000000,0.000000,0.000000,0.000000,0.000000,0.000000_0.000000i,0.000000_0.000000i,0,1,0,0.00,59.27,1
1390059122,0,0,0,0,0.000000,0.000000,0.000000,0.000000,0.000000,0.000000,0.000000_0.000000i,0.000000_0.000000i,0,1,0,0.00,59.27,1
1390059122,0,0,0,0,0.000000,0.000000,0.000000,0.000000,0.000000,0.000000,0.000000_0.000000i,0.000000_0.000000i,0,1,0,0.00,59.27,1
1390059122,0,0,0,0,0.000000,0.000000,0.000000,0.000000,0.000000,0.000000,0.000000_0.000000i,0.000000_0.000000i,0,1,0,0.00,59.27,1
1390059123,0,0,0,0,0.000000,0.000000,0.000000,0.000000,0.000000,0.000000,0.000000_0.000000i,0.000000_0.000000i,0,1,0,0.00,59.27,1
1390059123,0,0,0,0,0.000000,0.000000,0.000000,0.000000,0.000000,0.000000,0.000000_0.000000i,0.000000_0.000000i,0,1,0,0.00,59.27,1
1390059123,0,0,0,0,0.000000,0.000000,0.000000,0.000000,0.000000,0.000000,0.000000_0.000000i,0.000000_0.000000i,0,1,0,0.00,59.27,1
1390059123,0,0,0,0,0.000000,0.000000,0.000000,0.000000,0.000000,0.000000,0.000000_0.000000i,0.000000_0.000000i,0,1,0,0.00,59.27,1
1390059124,0,0,0,0,0.000000,0.000000,0.000000,0.000000,0.000000,0.000000,0.000000_0.000000i,0.000000_0.000000i,0,1,0,0.00,59.27,1
1390059124,0,0,0,0,0.000000,0.000000,0.000000,0.000000,0.000000,0.000000,0.000000_0.000000i,0.000000_0.000000i,0,1,0,0.00,59.27,1
1390059124,0,0,0,0,0.000000,0.000000,0.000000,0.000000,0.000000,0.000000,0.000000_0.000000i,0.000000_0.000000i,0,1,0,0.00,59.27,1
1390059124,0,0,0,0,0.000000,0.000000,0.000000,0.000000,0.000000,0.000000,0.000000_0.000000i,0.000000_0.000000i,0,1,0,0.00,59.27,1
1390059125,0,0,0,0,0.000000,0.000000,0.000000,0.000000,0.000000,0.000000,0.000000_0.000000i,0.000000_0.000000i,0,1,0,0.00,59.27,1
1390059125,0,0,0,0,0.000000,0.000000,0.000000,0.000000,0.000000,0.000000,0.000000_0.000000i,0.000000_0.000000i,0,1,0,0.00,59.27,1
1390059125,0,0,0,0,0.000000,0.000000,0.000000,0.000000,0.000000,0.000000,0.000000_0.000000i,0.000000_0.000000i,0,1,0,0.00,59.27,1
1390059125,0,0,0,0,0.000000,0.000000,0.000000,0.000000,0.000000,0.000000,0.000000_0.000000i,0.000000_0.000000i,0,1,0,0.00,59.27,1
1390059126,0,0,0,0,0.000000,0.000000,0.000000,0.000000,0.000000,0.000000,0.000000_0.000000i,0.000000_0.000000i,0,1,0,0.00,59.27,1
1390059126,0,0,0,0,0.000000,0.000000,0.000000,0.000000,0.000000,0.000000,0.000000_0.000000i,0.000000_0.000000i,0,1,0,0.00,59.27,1
