MCU_timestamp,sig1,sig2,sig3,fa_debug,theta_d1,theta_d,theta_d1_b,theta_b,a_x,b_x,X_b,X_T_b,sail_hc_periods,sail_hc_direction,sail_hc_val,sail_hc_MEAN_V
1386775941,0,0,0,0,0.000000,0.000000,0.000000,0.000000,0.000000,0.000000,0.000000_0.000000i,0.000000_0.000000i,0,1,0,0.00
1386775942,0,0,0,0,0.000000,0.000000,0.000000,0.000000,0.000000,0.000000,0.000000_0.000000i,0.000000_0.000000i,0,1,0,0.00
1386775942,0,0,0,0,0.000000,0.000000,0.000000,0.000000,0.000000,0.000000,0.000000_0.000000i,0.000000_0.000000i,0,1,0,0.00
1386775942,0,0,0,0,0.000000,0.000000,0.000000,0.000000,0.000000,0.000000,0.000000_0.000000i,0.000000_0.000000i,0,1,0,0.00
1386775942,0,0,0,0,0.000000,0.000000,0.000000,0.000000,0.000000,0.000000,0.000000_0.000000i,0.000000_0.000000i,0,1,0,0.00
1386775943,0,0,0,0,0.000000,0.000000,0.000000,0.000000,0.000000,0.000000,0.000000_0.000000i,0.000000_0.000000i,0,1,0,0.00
1386775943,0,0,0,0,0.000000,0.000000,0.000000,0.000000,0.000000,0.000000,0.000000_0.000000i,0.000000_0.000000i,0,1,0,0.00
1386775943,0,0,0,0,0.000000,0.000000,0.000000,0.000000,0.000000,0.000000,0.000000_0.000000i,0.000000_0.000000i,0,1,0,0.00
1386775943,0,0,0,0,0.000000,0.000000,0.000000,0.000000,0.000000,0.000000,0.000000_0.000000i,0.000000_0.000000i,0,1,0,0.00
1386775944,0,0,0,0,0.000000,0.000000,0.000000,0.000000,0.000000,0.000000,0.000000_0.000000i,0.000000_0.000000i,0,1,0,0.00
1386775944,0,0,0,0,0.000000,0.000000,0.000000,0.000000,0.000000,0.000000,0.000000_0.000000i,0.000000_0.000000i,0,1,0,0.00
1386775944,0,0,0,0,0.000000,0.000000,0.000000,0.000000,0.000000,0.000000,0.000000_0.000000i,0.000000_0.000000i,0,1,0,0.00
1386775944,0,0,0,0,0.000000,0.000000,0.000000,0.000000,0.000000,0.000000,0.000000_0.000000i,0.000000_0.000000i,0,1,0,0.00
1386775945,0,0,0,0,0.000000,0.000000,0.000000,0.000000,0.000000,0.000000,0.000000_0.000000i,0.000000_0.000000i,0,1,0,0.00
1386775945,0,0,0,0,0.000000,0.000000,0.000000,0.000000,0.000000,0.000000,0.000000_0.000000i,0.000000_0.000000i,0,1,0,0.00
1386775945,0,0,0,0,0.000000,0.000000,0.000000,0.000000,0.000000,0.000000,0.000000_0.000000i,0.000000_0.000000i,0,1,0,0.00
1386775945,0,0,0,0,0.000000,0.000000,0.000000,0.000000,0.000000,0.000000,0.000000_0.000000i,0.000000_0.000000i,0,1,0,0.00
1386775946,0,0,0,0,0.000000,0.000000,0.000000,0.000000,0.000000,0.000000,0.000000_0.000000i,0.000000_0.000000i,0,1,0,0.00
1386775946,0,0,0,0,0.000000,0.000000,0.000000,0.000000,0.000000,0.000000,0.000000_0.000000i,0.000000_0.000000i,0,1,0,0.00
1386775946,0,0,0,0,0.000000,0.000000,0.000000,0.000000,0.000000,0.000000,0.000000_0.000000i,0.000000_0.000000i,0,1,0,0.00
1386775946,0,0,0,0,0.000000,0.000000,0.000000,0.000000,0.000000,0.000000,0.000000_0.000000i,0.000000_0.000000i,0,1,0,0.00
1386775947,0,0,0,0,0.000000,0.000000,0.000000,0.000000,0.000000,0.000000,0.000000_0.000000i,0.000000_0.000000i,0,1,0,0.00
1386775947,0,0,0,0,0.000000,0.000000,0.000000,0.000000,0.000000,0.000000,0.000000_0.000000i,0.000000_0.000000i,0,1,0,0.00
1386775947,0,0,0,0,0.000000,0.000000,0.000000,0.000000,0.000000,0.000000,0.000000_0.000000i,0.000000_0.000000i,0,1,0,0.00
1386775947,1,0,0,18,-6.910552,0.000000,-1.047198,3.219334,-0.118037,-50.347115,55.120808_-92.515938i,12.623974_-106.949226i,0,1,0,0.00
1386775948,0,0,0,16,-6.910552,0.000000,-1.047198,3.382231,-0.118037,-50.450153,55.120808_-92.515938i,12.623974_-106.949226i,0,1,0,0.00
1386775948,0,0,0,16,-6.910552,0.000000,-1.047198,3.545128,-0.118037,-50.571941,55.120808_-92.515938i,12.623974_-106.949226i,0,1,0,0.00
1386775948,0,0,0,16,-6.910552,0.000000,-1.047198,3.708026,-0.118037,-50.712139,55.120808_-92.515938i,12.623974_-106.949226i,0,1,0,0.00
1386775948,0,0,0,16,-6.910552,0.000000,-1.047198,3.870923,-0.118037,-50.848232,55.120808_-92.515938i,12.623974_-106.949226i,0,1,0,0.00
1386775949,0,0,0,16,-6.910552,0.000000,-1.047198,4.033820,-0.118037,-50.980125,55.120808_-92.515938i,12.623974_-106.949226i,0,1,0,0.00
1386775949,0,0,0,16,-6.910552,0.000000,-1.047198,4.196718,-0.118037,-51.125259,55.120808_-92.515938i,12.623974_-106.949226i,0,1,0,0.00
1386775949,0,0,0,16,-6.910552,0.000000,-1.047198,4.359615,-0.118037,-51.246723,55.120808_-92.515938i,12.623974_-106.949226i,0,1,0,0.00
1386775949,0,0,0,16,-6.910552,0.000000,-1.047198,4.522512,-0.118037,-51.325176,55.120808_-92.515938i,12.623974_-106.949226i,0,1,0,0.00
1386775950,0,0,0,16,-6.910552,0.000000,-1.047198,4.685410,-0.118037,-51.410736,55.120808_-92.515938i,12.623974_-106.949226i,0,1,0,0.00
1386775950,0,0,0,16,-6.910552,0.000000,-1.047198,4.834344,-0.118037,-51.437244,55.120808_-92.515938i,12.623974_-106.949226i,0,1,0,0.00
1386775950,0,0,0,16,-6.910552,0.000000,-1.047198,4.941391,-0.118037,-51.411640,55.120808_-92.515938i,12.623974_-106.949226i,0,1,0,0.00
1386775950,0,0,0,16,-6.910552,0.000000,-1.047198,5.020513,-0.118037,-51.406612,55.120808_-92.515938i,12.623974_-106.949226i,0,1,0,0.00
1386775951,0,0,0,16,-6.910552,0.000000,-1.047198,5.076364,-0.118037,-51.359959,55.120808_-92.515938i,12.623974_-106.949226i,0,1,0,0.00
1386775951,0,0,0,16,-6.910552,0.000000,-1.047198,5.118251,-0.118037,-51.340202,55.120808_-92.515938i,12.623974_-106.949226i,0,1,0,0.00
1386775951,0,0,0,16,-6.910552,0.000000,-1.047198,5.150831,-0.118037,-51.277836,55.120808_-92.515938i,12.623974_-106.949226i,0,1,0,0.00
1386775951,0,0,0,16,-6.910552,0.000000,-1.047198,5.174102,-0.118037,-51.214279,55.120808_-92.515938i,12.623974_-106.949226i,0,1,0,0.00
1386775952,0,0,0,16,-6.910552,0.000000,-1.047198,5.192719,-0.118037,-51.142906,55.120808_-92.515938i,12.623974_-106.949226i,0,1,0,0.00
1386775952,0,0,0,16,-6.910552,0.000000,-1.047198,5.202027,-0.118037,-51.070477,55.120808_-92.515938i,12.623974_-106.949226i,0,1,0,0.00
1386775952,0,0,0,16,-6.910552,0.000000,-1.047198,5.211335,-0.118037,-50.997078,55.120808_-92.515938i,12.623974_-106.949226i,0,1,0,0.00
1386775952,0,0,0,16,-6.910552,0.000000,-1.047198,5.215990,-0.118037,-50.922840,55.120808_-92.515938i,12.623974_-106.949226i,0,1,0,0.00
1386775953,0,0,0,16,-6.910552,0.000000,-1.047198,5.220644,-0.118037,-50.817852,55.120808_-92.515938i,12.623974_-106.949226i,0,1,0,0.00
1386775953,0,0,0,16,-6.910552,0.000000,-1.047198,5.225298,-0.118037,-50.737312,55.120808_-92.515938i,12.623974_-106.949226i,0,1,0,0.00
1386775953,0,0,0,16,-6.910552,0.000000,-1.047198,5.229952,-0.118037,-50.662941,55.120808_-92.515938i,12.623974_-106.949226i,0,1,0,0.00
1386775953,0,0,0,16,-6.910552,0.000000,-1.047198,5.229952,-0.118037,-50.582951,55.120808_-92.515938i,12.623974_-106.949226i,0,1,0,0.00
1386775954,0,0,0,16,-6.910552,0.000000,-1.047198,5.229952,-0.118037,-50.509617,55.120808_-92.515938i,12.623974_-106.949226i,0,1,0,0.00
1386775954,0,0,0,16,-6.910552,0.000000,-1.047198,5.229952,-0.118037,-50.437416,55.120808_-92.515938i,12.623974_-106.949226i,0,1,0,0.00
1386775954,0,0,0,16,-6.910552,0.000000,-1.047198,5.229952,-0.118037,-50.361847,55.120808_-92.515938i,12.623974_-106.949226i,0,1,0,0.00
1386775954,0,0,0,16,-6.910552,0.000000,-1.047198,5.229952,-0.118037,-50.294182,55.120808_-92.515938i,12.623974_-106.949226i,0,1,0,0.00
1386775955,0,0,0,16,-6.910552,0.000000,-1.047198,5.229952,-0.118037,-50.225590,55.120808_-92.515938i,12.623974_-106.949226i,0,1,0,0.00
1386775955,0,0,0,16,-6.910552,0.000000,-1.047198,5.229952,-0.118037,-50.152134,55.120808_-92.515938i,12.623974_-106.949226i,0,1,0,0.00
1386775955,0,0,0,16,-6.910552,0.000000,-1.047198,5.229952,-0.118037,-50.101353,55.120808_-92.515938i,12.623974_-106.949226i,0,1,0,0.00
1386775955,0,0,0,16,-6.910552,0.000000,-1.047198,5.229952,-0.118037,-50.056011,55.120808_-92.515938i,12.623974_-106.949226i,0,1,0,0.00
1386775956,0,0,0,16,-6.910552,0.000000,-1.047198,5.229952,-0.118037,-50.023861,55.120808_-92.515938i,12.623974_-106.949226i,0,1,0,0.00
1386775956,0,0,0,16,-6.910552,0.000000,-1.047198,5.229952,-0.118037,-50.003685,55.120808_-92.515938i,12.623974_-106.949226i,0,1,0,0.00
1386775956,0,0,0,16,-6.910552,0.000000,-1.047198,5.229952,-0.118037,-50.001183,55.120808_-92.515938i,12.623974_-106.949226i,0,1,0,0.00
1386775956,0,0,0,16,-6.910552,0.000000,-1.047198,5.229952,-0.118037,-50.018753,55.120808_-92.515938i,12.623974_-106.949226i,0,1,0,0.00
1386775957,0,0,0,16,-6.910552,0.000000,-1.047198,5.229952,-0.118037,-50.061394,55.120808_-92.515938i,12.623974_-106.949226i,0,1,0,0.00
1386775957,0,0,0,16,-6.910552,0.000000,-1.047198,5.229952,-0.118037,-50.135349,55.120808_-92.515938i,12.623974_-106.949226i,0,1,0,0.00
1386775957,0,0,0,16,-6.910552,0.000000,-1.047198,5.229952,-0.118037,-50.255650,55.120808_-92.515938i,12.623974_-106.949226i,0,1,0,0.00
1386775957,0,0,0,16,-6.910552,0.000000,-1.047198,5.229952,-0.118037,-50.420452,55.120808_-92.515938i,12.623974_-106.949226i,0,1,0,0.00
1386775958,0,0,0,16,-6.910552,0.000000,-1.047198,5.229952,-0.118037,-50.684078,55.120808_-92.515938i,12.623974_-106.949226i,0,1,0,0.00
1386775958,0,0,0,16,-6.910552,0.000000,-1.047198,5.229952,-0.118037,-50.995861,55.120808_-92.515938i,12.623974_-106.949226i,0,1,0,0.00
1386775958,0,0,0,16,-6.910552,0.000000,-1.047198,5.229952,-0.118037,-51.406563,55.120808_-92.515938i,12.623974_-106.949226i,0,1,0,0.00
1386775958,0,0,0,16,-6.910552,0.000000,-1.047198,5.229952,-0.118037,-51.969299,55.120808_-92.515938i,12.623974_-106.949226i,0,1,0,0.00
1386775959,0,0,0,16,-6.910552,0.000000,-1.047198,5.229952,-0.118037,-52.671703,55.120808_-92.515938i,12.623974_-106.949226i,0,1,0,0.00
1386775959,0,0,0,16,-6.910552,0.000000,-1.047198,5.229952,-0.118037,-53.621857,55.120808_-92.515938i,12.623974_-106.949226i,0,1,0,0.00
1386775959,0,0,0,16,-6.910552,0.000000,-1.047198,5.229952,-0.118037,-54.806442,55.120808_-92.515938i,12.623974_-106.949226i,0,1,0,0.00
1386775959,0,0,0,16,-6.910552,0.000000,-1.047198,5.229952,-0.118037,-56.339027,55.120808_-92.515938i,12.623974_-106.949226i,0,1,0,0.00
1386775960,1,2,2,7353,-7.977343,0.000000,-2.113988,5.229952,-0.118037,-58.406906,55.120808_-92.515938i,12.623974_-106.949226i,0,1,0,0.00
1386775960,2,2,2,7353,-7.977343,0.000000,-2.113988,5.229952,-0.118037,-58.406906,55.120808_-92.515938i,12.623974_-106.949226i,0,1,0,0.00
1386775960,2,2,2,7353,-7.977343,0.000000,-2.113988,5.229952,-0.118037,-58.406906,55.120808_-92.515938i,12.623974_-106.949226i,0,1,0,0.00
1386775960,2,2,2,7353,-7.977343,0.000000,-2.113988,5.229952,-0.118037,-58.406906,55.120808_-92.515938i,12.623974_-106.949226i,0,1,0,0.00
1386775961,2,2,2,7353,-7.977343,0.000000,-2.113988,5.229952,-0.118037,-58.406906,55.120808_-92.515938i,12.623974_-106.949226i,0,1,0,0.00
1386775961,2,2,2,7353,-7.977343,0.000000,-2.113988,5.229952,-0.118037,-58.406906,55.120808_-92.515938i,12.623974_-106.949226i,0,1,0,0.00
1386775961,2,2,2,7353,-7.977343,0.000000,-2.113988,5.229952,-0.118037,-58.406906,55.120808_-92.515938i,12.623974_-106.949226i,0,1,0,0.00
1386775961,2,2,2,7353,-7.977343,0.000000,-2.113988,5.229952,-0.118037,-58.406906,55.120808_-92.515938i,12.623974_-106.949226i,0,1,0,0.00
1386775962,2,2,2,7353,-7.977343,0.000000,-2.113988,5.229952,-0.118037,-58.406906,55.120808_-92.515938i,12.623974_-106.949226i,0,1,0,0.00
1386775962,2,2,2,7353,-7.977343,0.000000,-2.113988,5.229952,-0.118037,-58.406906,55.120808_-92.515938i,12.623974_-106.949226i,0,1,0,0.00
1386775962,2,2,2,7353,-7.977343,0.000000,-2.113988,5.229952,-0.118037,-58.406906,55.120808_-92.515938i,12.623974_-106.949226i,0,1,0,0.00
1386775962,2,2,2,7353,-7.977343,0.000000,-2.113988,5.229952,-0.118037,-58.406906,55.120808_-92.515938i,12.623974_-106.949226i,0,1,0,0.00
1386775963,2,2,2,7353,-7.977343,0.000000,-2.113988,5.229952,-0.118037,-58.406906,55.120808_-92.515938i,12.623974_-106.949226i,0,1,0,0.00
1386775963,2,2,2,7353,-7.977343,0.000000,-2.113988,5.229952,-0.118037,-58.406906,55.120808_-92.515938i,12.623974_-106.949226i,0,1,0,0.00
1386775963,2,2,2,7353,-7.977343,0.000000,-2.113988,5.229952,-0.118037,-58.406906,55.120808_-92.515938i,12.623974_-106.949226i,0,1,0,0.00
1386775963,2,2,2,7353,-7.977343,0.000000,-2.113988,5.229952,-0.118037,-58.406906,55.120808_-92.515938i,12.623974_-106.949226i,0,1,0,0.00
1386775964,2,2,2,7353,-7.977343,0.000000,-2.113988,5.229952,-0.118037,-58.406906,55.120808_-92.515938i,12.623974_-106.949226i,0,1,0,0.00
1386775964,2,2,2,7353,-7.977343,0.000000,-2.113988,5.229952,-0.118037,-58.406906,55.120808_-92.515938i,12.623974_-106.949226i,0,1,0,0.00
1386775964,2,2,2,7353,-7.977343,0.000000,-2.113988,5.229952,-0.118037,-58.406906,55.120808_-92.515938i,12.623974_-106.949226i,0,1,0,0.00
1386775964,2,2,2,7353,-7.977343,0.000000,-2.113988,5.229952,-0.118037,-58.406906,55.120808_-92.515938i,12.623974_-106.949226i,0,1,0,0.00
1386775965,2,2,2,7353,-7.977343,0.000000,-2.113988,5.229952,-0.118037,-58.406906,55.120808_-92.515938i,12.623974_-106.949226i,0,1,0,0.00
1386775965,2,2,2,7353,-7.977343,0.000000,-2.113988,5.229952,-0.118037,-58.406906,55.120808_-92.515938i,12.623974_-106.949226i,0,1,0,0.00
1386775965,2,2,2,7353,-7.977343,0.000000,-2.113988,5.229952,-0.118037,-58.406906,55.120808_-92.515938i,12.623974_-106.949226i,0,1,0,0.00
1386775965,2,2,2,7353,-7.977343,0.000000,-2.113988,5.229952,-0.118037,-58.406906,55.120808_-92.515938i,12.623974_-106.949226i,0,1,0,0.00
1386775966,2,2,2,7353,-7.977343,0.000000,-2.113988,5.229952,-0.118037,-58.406906,55.120808_-92.515938i,12.623974_-106.949226i,0,1,0,0.00
1386775966,2,2,2,7353,-7.977343,0.000000,-2.113988,5.229952,-0.118037,-58.406906,55.120808_-92.515938i,12.623974_-106.949226i,0,1,0,0.00
1386775966,2,2,2,7353,-7.977343,0.000000,-2.113988,5.229952,-0.118037,-58.406906,55.120808_-92.515938i,12.623974_-106.949226i,0,1,0,0.00
1386775966,2,2,2,7353,-7.977343,0.000000,-2.113988,5.229952,-0.118037,-58.406906,55.120808_-92.515938i,12.623974_-106.949226i,0,1,0,0.00
1386775967,2,2,2,7353,-7.977343,0.000000,-2.113988,5.229952,-0.118037,-58.406906,55.120808_-92.515938i,12.623974_-106.949226i,0,1,0,0.00
1386775967,2,2,2,7353,-7.977343,0.000000,-2.113988,5.229952,-0.118037,-58.406906,55.120808_-92.515938i,12.623974_-106.949226i,0,1,0,0.00
1386775967,2,2,2,7353,-7.977343,0.000000,-2.113988,5.229952,-0.118037,-58.406906,55.120808_-92.515938i,12.623974_-106.949226i,0,1,0,0.00
1386775968,2,2,2,7353,-7.977343,0.000000,-2.113988,5.229952,-0.118037,-58.406906,55.120808_-92.515938i,12.623974_-106.949226i,0,1,0,0.00
1386775968,2,2,2,7353,-7.977343,0.000000,-2.113988,5.229952,-0.118037,-58.406906,55.120808_-92.515938i,12.623974_-106.949226i,0,1,0,0.00
1386775968,2,2,2,7353,-7.977343,0.000000,-2.113988,5.229952,-0.118037,-58.406906,55.120808_-92.515938i,12.623974_-106.949226i,0,1,0,0.00
1386775968,2,2,2,7353,-7.977343,0.000000,-2.113988,5.229952,-0.118037,-58.406906,55.120808_-92.515938i,12.623974_-106.949226i,0,1,0,0.00
1386775969,2,2,2,7353,-7.977343,0.000000,-2.113988,5.229952,-0.118037,-58.406906,55.120808_-92.515938i,12.623974_-106.949226i,0,1,0,0.00
1386775969,2,2,2,0,-7.977343,0.000000,-2.113988,5.229952,-0.118037,-58.406906,55.120808_-92.515938i,12.623974_-106.949226i,0,1,0,0.00
1386775969,2,2,2,0,-7.977343,0.000000,-2.113988,5.229952,-0.118037,-58.406906,55.120808_-92.515938i,12.623974_-106.949226i,0,1,0,0.00
1386775969,2,2,2,0,-7.977343,0.000000,-2.113988,5.229952,-0.118037,-58.406906,55.120808_-92.515938i,12.623974_-106.949226i,0,1,0,0.00
1386775970,2,2,2,0,-7.977343,0.000000,-2.113988,5.229952,-0.118037,-58.406906,55.120808_-92.515938i,12.623974_-106.949226i,0,1,0,0.00
1386775970,2,2,2,0,-7.977343,0.000000,-2.113988,5.229952,-0.118037,-58.406906,55.120808_-92.515938i,12.623974_-106.949226i,0,1,0,0.00
1386775970,2,2,2,0,-7.977343,0.000000,-2.113988,5.229952,-0.118037,-58.406906,55.120808_-92.515938i,12.623974_-106.949226i,0,1,0,0.00
1386775970,2,2,2,0,-7.977343,0.000000,-2.113988,5.229952,-0.118037,-58.406906,55.120808_-92.515938i,12.623974_-106.949226i,0,1,0,0.00
1386775971,2,2,2,0,-7.977343,0.000000,-2.113988,5.229952,-0.118037,-58.406906,55.120808_-92.515938i,12.623974_-106.949226i,0,1,0,0.00
1386775971,2,2,2,0,-7.977343,0.000000,-2.113988,5.229952,-0.118037,-58.406906,55.120808_-92.515938i,12.623974_-106.949226i,0,1,0,0.00
