MCU_timestamp,sig1,sig2,sig3,fa_debug,theta_d1,theta_d,theta_d1_b,theta_b,a_x,b_x,X_b,X_T_b,sail_hc_periods,sail_hc_direction,sail_hc_val,sail_hc_MEAN_V
1386832812,0,0,0,0,0.000000,0.000000,0.000000,0.000000,0.000000,0.000000,0.000000_0.000000i,0.000000_0.000000i,0,1,0,0.00
1386832812,0,0,0,0,0.000000,0.000000,0.000000,0.000000,0.000000,0.000000,0.000000_0.000000i,0.000000_0.000000i,0,1,0,0.00
1386832812,0,0,0,0,0.000000,0.000000,0.000000,0.000000,0.000000,0.000000,0.000000_0.000000i,0.000000_0.000000i,0,1,0,0.00
1386832813,0,0,0,0,0.000000,0.000000,0.000000,0.000000,0.000000,0.000000,0.000000_0.000000i,0.000000_0.000000i,0,1,0,0.00
1386832813,0,0,0,0,0.000000,0.000000,0.000000,0.000000,0.000000,0.000000,0.000000_0.000000i,0.000000_0.000000i,0,1,0,0.00
1386832813,0,0,0,0,0.000000,0.000000,0.000000,0.000000,0.000000,0.000000,0.000000_0.000000i,0.000000_0.000000i,0,1,0,0.00
1386832813,0,0,0,0,0.000000,0.000000,0.000000,0.000000,0.000000,0.000000,0.000000_0.000000i,0.000000_0.000000i,0,1,0,0.00
1386832814,0,0,0,0,0.000000,0.000000,0.000000,0.000000,0.000000,0.000000,0.000000_0.000000i,0.000000_0.000000i,0,1,0,0.00
1386832814,0,0,0,0,0.000000,0.000000,0.000000,0.000000,0.000000,0.000000,0.000000_0.000000i,0.000000_0.000000i,0,1,0,0.00
1386832814,0,0,0,0,0.000000,0.000000,0.000000,0.000000,0.000000,0.000000,0.000000_0.000000i,0.000000_0.000000i,0,1,0,0.00
1386832814,0,0,0,0,0.000000,0.000000,0.000000,0.000000,0.000000,0.000000,0.000000_0.000000i,0.000000_0.000000i,0,1,0,0.00
1386832815,0,0,0,0,0.000000,0.000000,0.000000,0.000000,0.000000,0.000000,0.000000_0.000000i,0.000000_0.000000i,0,1,0,0.00
1386832815,0,0,0,0,0.000000,0.000000,0.000000,0.000000,0.000000,0.000000,0.000000_0.000000i,0.000000_0.000000i,0,1,0,0.00
1386832815,0,0,0,0,0.000000,0.000000,0.000000,0.000000,0.000000,0.000000,0.000000_0.000000i,0.000000_0.000000i,0,1,0,0.00
1386832815,0,0,0,0,0.000000,0.000000,0.000000,0.000000,0.000000,0.000000,0.000000_0.000000i,0.000000_0.000000i,0,1,0,0.00
1386832816,0,0,0,0,0.000000,0.000000,0.000000,0.000000,0.000000,0.000000,0.000000_0.000000i,0.000000_0.000000i,0,1,0,0.00
1386832816,0,0,0,0,0.000000,0.000000,0.000000,0.000000,0.000000,0.000000,0.000000_0.000000i,0.000000_0.000000i,0,1,0,0.00
1386832816,0,0,0,0,0.000000,0.000000,0.000000,0.000000,0.000000,0.000000,0.000000_0.000000i,0.000000_0.000000i,0,1,0,0.00
1386832816,0,0,0,0,0.000000,0.000000,0.000000,0.000000,0.000000,0.000000,0.000000_0.000000i,0.000000_0.000000i,0,1,0,0.00
1386832817,0,0,0,0,0.000000,0.000000,0.000000,0.000000,0.000000,0.000000,0.000000_0.000000i,0.000000_0.000000i,0,1,0,0.00
1386832817,0,0,0,0,0.000000,0.000000,0.000000,0.000000,0.000000,0.000000,0.000000_0.000000i,0.000000_0.000000i,0,1,0,0.00
1386832817,0,0,0,0,0.000000,0.000000,0.000000,0.000000,0.000000,0.000000,0.000000_0.000000i,0.000000_0.000000i,0,1,0,0.00
1386832817,0,0,0,0,0.000000,0.000000,0.000000,0.000000,0.000000,0.000000,0.000000_0.000000i,0.000000_0.000000i,0,1,0,0.00
1386832818,0,0,0,0,0.000000,0.000000,0.000000,0.000000,0.000000,0.000000,0.000000_0.000000i,0.000000_0.000000i,0,1,0,0.00
1386832818,0,0,0,0,0.000000,0.000000,0.000000,0.000000,0.000000,0.000000,0.000000_0.000000i,0.000000_0.000000i,0,1,0,0.00
1386832818,0,0,0,0,0.000000,0.000000,0.000000,0.000000,0.000000,0.000000,0.000000_0.000000i,0.000000_0.000000i,0,1,0,0.00
1386832818,0,0,0,0,0.000000,0.000000,0.000000,0.000000,0.000000,0.000000,0.000000_0.000000i,0.000000_0.000000i,0,1,0,0.00
1386832819,0,0,0,0,0.000000,0.000000,0.000000,0.000000,0.000000,0.000000,0.000000_0.000000i,0.000000_0.000000i,0,1,0,0.00
1386832819,0,0,0,0,0.000000,0.000000,0.000000,0.000000,0.000000,0.000000,0.000000_0.000000i,0.000000_0.000000i,0,1,0,0.00
1386832819,0,0,0,0,0.000000,0.000000,0.000000,0.000000,0.000000,0.000000,0.000000_0.000000i,0.000000_0.000000i,0,1,0,0.00
1386832819,0,0,0,0,0.000000,0.000000,0.000000,0.000000,0.000000,0.000000,0.000000_0.000000i,0.000000_0.000000i,0,1,0,0.00
1386832820,0,0,0,0,0.000000,0.000000,0.000000,0.000000,0.000000,0.000000,0.000000_0.000000i,0.000000_0.000000i,0,1,0,0.00
1386832820,0,0,0,0,0.000000,0.000000,0.000000,0.000000,0.000000,0.000000,0.000000_0.000000i,0.000000_0.000000i,0,1,0,0.00
1386832820,0,0,0,0,0.000000,0.000000,0.000000,0.000000,0.000000,0.000000,0.000000_0.000000i,0.000000_0.000000i,0,1,0,0.00
1386832820,0,0,0,0,0.000000,0.000000,0.000000,0.000000,0.000000,0.000000,0.000000_0.000000i,0.000000_0.000000i,0,1,0,0.00
1386832821,0,0,0,0,0.000000,0.000000,0.000000,0.000000,0.000000,0.000000,0.000000_0.000000i,0.000000_0.000000i,0,1,0,0.00
1386832821,0,0,0,0,0.000000,0.000000,0.000000,0.000000,0.000000,0.000000,0.000000_0.000000i,0.000000_0.000000i,0,1,0,0.00
1386832821,0,0,0,0,0.000000,0.000000,0.000000,0.000000,0.000000,0.000000,0.000000_0.000000i,0.000000_0.000000i,0,1,0,0.00
1386832822,0,0,0,0,0.000000,0.000000,0.000000,0.000000,0.000000,0.000000,0.000000_0.000000i,0.000000_0.000000i,0,1,0,0.00
1386832822,0,0,0,0,0.000000,0.000000,0.000000,0.000000,0.000000,0.000000,0.000000_0.000000i,0.000000_0.000000i,0,1,0,0.00
1386832822,0,0,0,0,0.000000,0.000000,0.000000,0.000000,0.000000,0.000000,0.000000_0.000000i,0.000000_0.000000i,0,1,0,0.00
1386832822,0,0,0,0,0.000000,0.000000,0.000000,0.000000,0.000000,0.000000,0.000000_0.000000i,0.000000_0.000000i,0,1,0,0.00
1386832823,0,0,0,0,0.000000,0.000000,0.000000,0.000000,0.000000,0.000000,0.000000_0.000000i,0.000000_0.000000i,0,1,0,0.00
1386832823,0,0,0,0,0.000000,0.000000,0.000000,0.000000,0.000000,0.000000,0.000000_0.000000i,0.000000_0.000000i,0,1,0,0.00
1386832823,0,0,0,0,0.000000,0.000000,0.000000,0.000000,0.000000,0.000000,0.000000_0.000000i,0.000000_0.000000i,0,1,0,0.00
1386832823,0,0,0,0,0.000000,0.000000,0.000000,0.000000,0.000000,0.000000,0.000000_0.000000i,0.000000_0.000000i,0,1,0,0.00
1386832824,0,0,0,0,0.000000,0.000000,0.000000,0.000000,0.000000,0.000000,0.000000_0.000000i,0.000000_0.000000i,0,1,0,0.00
1386832824,0,0,0,0,0.000000,0.000000,0.000000,0.000000,0.000000,0.000000,0.000000_0.000000i,0.000000_0.000000i,0,1,0,0.00
1386832824,1,0,0,2,-6.601587,0.000000,-0.738233,5.765172,-1.099078,-74.296227,610.056580_-201.084869i,475.114685_-432.284851i,0,1,0,0.00
1386832824,1,0,0,2,-6.602573,0.000000,-0.739218,5.704667,-1.099078,-74.215858,610.056580_-201.084869i,475.114685_-432.284851i,0,1,0,0.00
1386832825,1,0,0,2,-6.602906,0.000000,-0.739552,5.662779,-1.099078,-74.188728,610.056580_-201.084869i,475.114685_-432.284851i,0,1,0,0.00
1386832825,1,0,0,2,-6.603242,0.000000,-0.739887,5.630199,-1.099078,-74.161453,610.056580_-201.084869i,475.114685_-432.284851i,0,1,0,0.00
1386832825,1,0,0,2,-6.603549,0.000000,-0.740195,5.606928,-1.099078,-74.136490,610.056580_-201.084869i,475.114685_-432.284851i,0,1,0,0.00
1386832825,1,0,0,2,-6.603889,0.000000,-0.740534,5.588312,-1.099078,-74.108940,610.056580_-201.084869i,475.114685_-432.284851i,0,1,0,0.00
1386832826,1,0,0,2,-6.603564,0.000000,-0.740210,5.574349,-1.099078,-74.135269,610.056580_-201.084869i,475.114685_-432.284851i,0,1,0,0.00
1386832826,1,0,0,2,-6.603876,0.000000,-0.740521,5.565040,-1.099078,-74.110016,610.056580_-201.084869i,475.114685_-432.284851i,0,1,0,0.00
1386832826,1,0,0,2,-6.604220,0.000000,-0.740865,5.560386,-1.099078,-74.082146,610.056580_-201.084869i,475.114685_-432.284851i,0,1,0,0.00
1386832826,1,0,0,2,-6.604535,0.000000,-0.741180,5.555732,-1.099078,-74.056625,610.056580_-201.084869i,475.114685_-432.284851i,0,1,0,0.00
1386832827,1,0,0,2,-6.604208,0.000000,-0.740854,5.551077,-1.099078,-74.083061,610.056580_-201.084869i,475.114685_-432.284851i,0,1,0,0.00
1386832827,1,0,0,2,-6.603911,0.000000,-0.740556,5.546423,-1.099078,-74.107185,610.056580_-201.084869i,475.114685_-432.284851i,0,1,0,0.00
1386832827,1,0,0,2,-6.604228,0.000000,-0.740873,5.546423,-1.099078,-74.081467,610.056580_-201.084869i,475.114685_-432.284851i,0,1,0,0.00
1386832827,1,0,0,2,-6.604548,0.000000,-0.741193,5.546423,-1.099078,-74.055611,610.056580_-201.084869i,475.114685_-432.284851i,0,1,0,0.00
1386832828,1,0,0,2,-6.604869,0.000000,-0.741514,5.546423,-1.099078,-74.029617,610.056580_-201.084869i,475.114685_-432.284851i,0,1,0,0.00
1386832828,1,0,0,2,-6.604538,0.000000,-0.741183,5.546423,-1.099078,-74.056366,610.056580_-201.084869i,475.114685_-432.284851i,0,1,0,0.00
1386832828,1,0,0,2,-6.604205,0.000000,-0.740850,5.546423,-1.099078,-74.083328,610.056580_-201.084869i,475.114685_-432.284851i,0,1,0,0.00
1386832828,1,0,0,2,-6.604528,0.000000,-0.741174,5.546423,-1.099078,-74.057137,610.056580_-201.084869i,475.114685_-432.284851i,0,1,0,0.00
1386832829,1,0,0,2,-6.604854,0.000000,-0.741500,5.546423,-1.099078,-74.030807,610.056580_-201.084869i,475.114685_-432.284851i,0,1,0,0.00
1386832829,1,0,0,2,-6.604519,0.000000,-0.741164,5.546423,-1.099078,-74.057915,610.056580_-201.084869i,475.114685_-432.284851i,0,1,0,0.00
1386832829,1,0,0,2,-6.604182,0.000000,-0.740827,5.546423,-1.099078,-74.085236,610.056580_-201.084869i,475.114685_-432.284851i,0,1,0,0.00
1386832829,1,0,0,2,-6.604509,0.000000,-0.741155,5.546423,-1.099078,-74.058701,610.056580_-201.084869i,475.114685_-432.284851i,0,1,0,0.00
1386832830,1,0,0,2,-6.604839,0.000000,-0.741484,5.546423,-1.099078,-74.032021,610.056580_-201.084869i,475.114685_-432.284851i,0,1,0,0.00
1386832830,1,0,0,2,-6.605171,0.000000,-0.741816,5.546423,-1.099078,-74.005203,610.056580_-201.084869i,475.114685_-432.284851i,0,1,0,0.00
1386832830,1,0,0,2,-6.604864,0.000000,-0.741509,5.546423,-1.099078,-74.030022,610.056580_-201.084869i,475.114685_-432.284851i,0,1,0,0.00
1386832830,1,0,0,2,-6.604522,0.000000,-0.741167,5.546423,-1.099078,-74.057678,610.056580_-201.084869i,475.114685_-432.284851i,0,1,0,0.00
1386832831,1,0,0,2,-6.604856,0.000000,-0.741502,5.546423,-1.099078,-74.030632,610.056580_-201.084869i,475.114685_-432.284851i,0,1,0,0.00
1386832831,1,0,0,2,-6.605193,0.000000,-0.741838,5.546423,-1.099078,-74.003441,610.056580_-201.084869i,475.114685_-432.284851i,0,1,0,0.00
1386832831,1,0,0,2,-6.604849,0.000000,-0.741494,5.546423,-1.099078,-74.031250,610.056580_-201.084869i,475.114685_-432.284851i,0,1,0,0.00
1386832831,1,0,0,2,-6.604502,0.000000,-0.741147,5.546423,-1.099078,-74.059288,610.056580_-201.084869i,475.114685_-432.284851i,0,1,0,0.00
1386832832,1,0,0,2,-6.604841,0.000000,-0.741486,5.546423,-1.099078,-74.031883,610.056580_-201.084869i,475.114685_-432.284851i,0,1,0,0.00
1386832832,1,0,0,2,-6.605182,0.000000,-0.741827,5.546423,-1.099078,-74.004318,610.056580_-201.084869i,475.114685_-432.284851i,0,1,0,0.00
1386832832,1,0,0,2,-6.605525,0.000000,-0.742171,5.546423,-1.099078,-73.976593,610.056580_-201.084869i,475.114685_-432.284851i,0,1,0,0.00
1386832832,1,0,0,2,-6.605176,0.000000,-0.741822,5.546423,-1.099078,-74.004761,610.056580_-201.084869i,475.114685_-432.284851i,0,1,0,0.00
1386832833,1,0,0,2,-6.604825,0.000000,-0.741470,5.546423,-1.099078,-74.033165,610.056580_-201.084869i,475.114685_-432.284851i,0,1,0,0.00
1386832833,1,0,0,2,-6.605171,0.000000,-0.741816,5.546423,-1.099078,-74.005219,610.056580_-201.084869i,475.114685_-432.284851i,0,1,0,0.00
1386832833,1,0,0,2,-6.605519,0.000000,-0.742164,5.546423,-1.099078,-73.977112,610.056580_-201.084869i,475.114685_-432.284851i,0,1,0,0.00
1386832833,1,0,0,2,-6.605199,0.000000,-0.741845,5.546423,-1.099078,-74.002930,610.056580_-201.084869i,475.114685_-432.284851i,0,1,0,0.00
1386832834,1,0,0,2,-6.604843,0.000000,-0.741488,5.546423,-1.099078,-74.031731,610.056580_-201.084869i,475.114685_-432.284851i,0,1,0,0.00
1386832834,1,0,0,2,-6.605194,0.000000,-0.741839,5.546423,-1.099078,-74.003380,610.056580_-201.084869i,475.114685_-432.284851i,0,1,0,0.00
1386832834,1,0,0,2,-6.605547,0.000000,-0.742192,5.546423,-1.099078,-73.974869,610.056580_-201.084869i,475.114685_-432.284851i,0,1,0,0.00
1386832834,1,0,0,2,-6.605188,0.000000,-0.741833,5.546423,-1.099078,-74.003830,610.056580_-201.084869i,475.114685_-432.284851i,0,1,0,0.00
1386832835,1,0,0,2,-6.604826,0.000000,-0.741472,5.546423,-1.099078,-74.033043,610.056580_-201.084869i,475.114685_-432.284851i,0,1,0,0.00
1386832835,1,0,0,2,-6.605182,0.000000,-0.741828,5.546423,-1.099078,-74.004295,610.056580_-201.084869i,475.114685_-432.284851i,0,1,0,0.00
1386832835,1,0,0,2,-6.605541,0.000000,-0.742186,5.546423,-1.099078,-73.975380,610.056580_-201.084869i,475.114685_-432.284851i,0,1,0,0.00
1386832835,1,0,0,2,-6.605902,0.000000,-0.742547,5.546423,-1.099078,-73.946289,610.056580_-201.084869i,475.114685_-432.284851i,0,1,0,0.00
1386832836,1,0,0,2,-6.605537,0.000000,-0.742183,5.546423,-1.099078,-73.975632,610.056580_-201.084869i,475.114685_-432.284851i,0,1,0,0.00
1386832836,1,0,0,2,-6.605171,0.000000,-0.741816,5.546423,-1.099078,-74.005241,610.056580_-201.084869i,475.114685_-432.284851i,0,1,0,0.00
1386832836,1,0,0,2,-6.605534,0.000000,-0.742180,5.546423,-1.099078,-73.975899,610.056580_-201.084869i,475.114685_-432.284851i,0,1,0,0.00
1386832836,1,0,0,2,-6.605900,0.000000,-0.742546,5.546423,-1.099078,-73.946388,610.056580_-201.084869i,475.114685_-432.284851i,0,1,0,0.00
1386832837,1,0,0,2,-6.605567,0.000000,-0.742212,5.546423,-1.099078,-73.973289,610.056580_-201.084869i,475.114685_-432.284851i,0,1,0,0.00
1386832837,1,0,0,2,-6.605195,0.000000,-0.741840,5.546423,-1.099078,-74.003319,610.056580_-201.084869i,475.114685_-432.284851i,0,1,0,0.00
1386832837,1,0,0,2,-6.605564,0.000000,-0.742209,5.546423,-1.099078,-73.973541,610.056580_-201.084869i,475.114685_-432.284851i,0,1,0,0.00
1386832837,1,0,0,2,-6.605935,0.000000,-0.742580,5.546423,-1.099078,-73.943573,610.056580_-201.084869i,475.114685_-432.284851i,0,1,0,0.00
1386832838,1,0,0,2,-6.606309,0.000000,-0.742955,5.546423,-1.099078,-73.913429,610.056580_-201.084869i,475.114685_-432.284851i,0,1,0,0.00
1386832838,1,0,0,2,-6.605935,0.000000,-0.742580,5.546423,-1.099078,-73.943604,610.056580_-201.084869i,475.114685_-432.284851i,0,1,0,0.00
1386832838,1,0,0,2,-6.605557,0.000000,-0.742202,5.546423,-1.099078,-73.974045,610.056580_-201.084869i,475.114685_-432.284851i,0,1,0,0.00
1386832838,1,0,0,2,-6.605935,0.000000,-0.742580,5.546423,-1.099078,-73.943634,610.056580_-201.084869i,475.114685_-432.284851i,0,1,0,0.00
1386832839,1,0,0,2,-6.606315,0.000000,-0.742960,5.546423,-1.099078,-73.913033,610.056580_-201.084869i,475.114685_-432.284851i,0,1,0,0.00
1386832839,1,0,0,2,-6.605934,0.000000,-0.742579,5.546423,-1.099078,-73.943665,610.056580_-201.084869i,475.114685_-432.284851i,0,1,0,0.00
1386832839,1,0,0,2,-6.605551,0.000000,-0.742196,5.546423,-1.099078,-73.974571,610.056580_-201.084869i,475.114685_-432.284851i,0,1,0,0.00
1386832839,1,0,0,2,-6.605934,0.000000,-0.742579,5.546423,-1.099078,-73.943695,610.056580_-201.084869i,475.114685_-432.284851i,0,1,0,0.00
1386832840,1,0,0,2,-6.606319,0.000000,-0.742965,5.546423,-1.099078,-73.912628,610.056580_-201.084869i,475.114685_-432.284851i,0,1,0,0.00
1386832840,1,0,0,2,-6.606746,0.000000,-0.743391,5.546423,-1.099078,-73.878342,610.056580_-201.084869i,475.114685_-432.284851i,0,1,0,0.00
1386832840,1,0,0,2,-6.606360,0.000000,-0.743005,5.546423,-1.099078,-73.909386,610.056580_-201.084869i,475.114685_-432.284851i,0,1,0,0.00
1386832840,1,0,0,2,-6.605971,0.000000,-0.742616,5.546423,-1.099078,-73.940712,610.056580_-201.084869i,475.114685_-432.284851i,0,1,0,0.00
1386832841,1,0,0,2,-6.606363,0.000000,-0.743008,5.546423,-1.099078,-73.909142,610.056580_-201.084869i,475.114685_-432.284851i,0,1,0,0.00
1386832841,1,0,0,2,-6.606758,0.000000,-0.743403,5.546423,-1.099078,-73.877380,610.056580_-201.084869i,475.114685_-432.284851i,0,1,0,0.00
1386832841,1,0,0,2,-6.606366,0.000000,-0.743011,5.546423,-1.099078,-73.908905,610.056580_-201.084869i,475.114685_-432.284851i,0,1,0,0.00
1386832841,1,0,0,2,-6.605970,0.000000,-0.742616,5.546423,-1.099078,-73.940727,610.056580_-201.084869i,475.114685_-432.284851i,0,1,0,0.00
1386832842,1,0,0,2,-6.606369,0.000000,-0.743014,5.546423,-1.099078,-73.908661,610.056580_-201.084869i,475.114685_-432.284851i,0,1,0,0.00
1386832842,1,0,0,2,-6.606771,0.000000,-0.743416,5.546423,-1.099078,-73.876381,610.056580_-201.084869i,475.114685_-432.284851i,0,1,0,0.00
1386832842,1,0,0,2,-6.607175,0.000000,-0.743820,5.546423,-1.099078,-73.843903,610.056580_-201.084869i,475.114685_-432.284851i,0,1,0,0.00
1386832842,1,0,0,2,-6.606777,0.000000,-0.743422,5.546423,-1.099078,-73.875877,610.056580_-201.084869i,475.114685_-432.284851i,0,1,0,0.00
1386832843,1,0,0,2,-6.606375,0.000000,-0.743020,5.546423,-1.099078,-73.908165,610.056580_-201.084869i,475.114685_-432.284851i,0,1,0,0.00
1386832843,1,0,0,2,-6.606783,0.000000,-0.743428,5.546423,-1.099078,-73.875359,610.056580_-201.084869i,475.114685_-432.284851i,0,1,0,0.00
1386832843,1,0,0,2,-6.607234,0.000000,-0.743879,5.546423,-1.099078,-73.839165,610.056580_-201.084869i,475.114685_-432.284851i,0,1,0,0.00
1386832843,1,0,0,2,-6.606829,0.000000,-0.743475,5.546423,-1.099078,-73.871643,610.056580_-201.084869i,475.114685_-432.284851i,0,1,0,0.00
1386832844,1,0,0,2,-6.606421,0.000000,-0.743067,5.546423,-1.099078,-73.904434,610.056580_-201.084869i,475.114685_-432.284851i,0,1,0,0.00
1386832844,1,0,0,18,-6.910552,0.000000,-1.047198,5.546423,-1.099078,-51.254585,610.056580_-201.084869i,475.114685_-432.284851i,0,1,0,0.00
1386832844,0,0,0,16,-6.910552,0.000000,-1.047198,5.462647,-1.099078,-51.239586,610.056580_-201.084869i,475.114685_-432.284851i,0,1,0,0.00
1386832844,0,0,0,16,-6.910552,0.000000,-1.047198,5.402143,-1.099078,-51.225368,610.056580_-201.084869i,475.114685_-432.284851i,0,1,0,0.00
1386832845,0,0,0,16,-6.910552,0.000000,-1.047198,5.355600,-1.099078,-51.211174,610.056580_-201.084869i,475.114685_-432.284851i,0,1,0,0.00
1386832845,0,0,0,16,-6.910552,0.000000,-1.047198,5.323021,-1.099078,-51.201614,610.056580_-201.084869i,475.114685_-432.284851i,0,1,0,0.00
1386832845,0,0,0,16,-6.910552,0.000000,-1.047198,5.299750,-1.099078,-51.188946,610.056580_-201.084869i,475.114685_-432.284851i,0,1,0,0.00
1386832845,0,0,0,16,-6.910552,0.000000,-1.047198,5.281133,-1.099078,-51.179371,610.056580_-201.084869i,475.114685_-432.284851i,0,1,0,0.00
1386832846,0,0,0,16,-6.910552,0.000000,-1.047198,5.267170,-1.099078,-51.166710,610.056580_-201.084869i,475.114685_-432.284851i,0,1,0,0.00
1386832846,0,0,0,16,-6.910552,0.000000,-1.047198,5.257862,-1.099078,-51.157871,610.056580_-201.084869i,475.114685_-432.284851i,0,1,0,0.00
1386832846,0,0,0,16,-6.910552,0.000000,-1.047198,5.253208,-1.099078,-51.149017,610.056580_-201.084869i,475.114685_-432.284851i,0,1,0,0.00
1386832846,0,0,0,16,-6.910552,0.000000,-1.047198,5.248553,-1.099078,-51.140903,610.056580_-201.084869i,475.114685_-432.284851i,0,1,0,0.00
1386832847,0,0,0,16,-6.910552,0.000000,-1.047198,5.243899,-1.099078,-51.132027,610.056580_-201.084869i,475.114685_-432.284851i,0,1,0,0.00
1386832847,0,0,0,16,-6.910552,0.000000,-1.047198,5.243899,-1.099078,-51.120113,610.056580_-201.084869i,475.114685_-432.284851i,0,1,0,0.00
1386832847,0,0,0,16,-6.910552,0.000000,-1.047198,5.243899,-1.099078,-51.111217,610.056580_-201.084869i,475.114685_-432.284851i,0,1,0,0.00
1386832847,0,0,0,16,-6.910552,0.000000,-1.047198,5.243899,-1.099078,-51.098576,610.056580_-201.084869i,475.114685_-432.284851i,0,1,0,0.00
1386832848,0,0,0,16,-6.910552,0.000000,-1.047198,5.243899,-1.099078,-51.090412,610.056580_-201.084869i,475.114685_-432.284851i,0,1,0,0.00
1386832848,0,0,0,16,-6.910552,0.000000,-1.047198,5.243899,-1.099078,-51.081490,610.056580_-201.084869i,475.114685_-432.284851i,0,1,0,0.00
1386832848,0,0,0,16,-6.910552,0.000000,-1.047198,5.243899,-1.099078,-51.069599,610.056580_-201.084869i,475.114685_-432.284851i,0,1,0,0.00
1386832848,0,0,0,16,-6.910552,0.000000,-1.047198,5.243899,-1.099078,-51.060665,610.056580_-201.084869i,475.114685_-432.284851i,0,1,0,0.00
1386832849,0,0,0,16,-6.910552,0.000000,-1.047198,5.243899,-1.099078,-51.048050,610.056580_-201.084869i,475.114685_-432.284851i,0,1,0,0.00
1386832849,0,0,0,16,-6.910552,0.000000,-1.047198,5.243899,-1.099078,-51.039845,610.056580_-201.084869i,475.114685_-432.284851i,0,1,0,0.00
1386832849,0,0,0,16,-6.910552,0.000000,-1.047198,5.243899,-1.099078,-51.030891,610.056580_-201.084869i,475.114685_-432.284851i,0,1,0,0.00
1386832849,0,0,0,16,-6.910552,0.000000,-1.047198,5.243899,-1.099078,-51.019032,610.056580_-201.084869i,475.114685_-432.284851i,0,1,0,0.00
1386832850,0,0,0,16,-6.910552,0.000000,-1.047198,5.243899,-1.099078,-51.010067,610.056580_-201.084869i,475.114685_-432.284851i,0,1,0,0.00
1386832850,0,0,0,16,-6.910552,0.000000,-1.047198,5.243899,-1.099078,-50.997494,610.056580_-201.084869i,475.114685_-432.284851i,0,1,0,0.00
1386832850,0,0,0,16,-6.910552,0.000000,-1.047198,5.243899,-1.099078,-50.988522,610.056580_-201.084869i,475.114685_-432.284851i,0,1,0,0.00
1386832850,0,0,0,16,-6.910552,0.000000,-1.047198,5.243899,-1.099078,-50.979542,610.056580_-201.084869i,475.114685_-432.284851i,0,1,0,0.00
1386832851,0,0,0,16,-6.910552,0.000000,-1.047198,5.243899,-1.099078,-50.971283,610.056580_-201.084869i,475.114685_-432.284851i,0,1,0,0.00
1386832851,0,0,0,16,-6.910552,0.000000,-1.047198,5.243899,-1.099078,-50.962284,610.056580_-201.084869i,475.114685_-432.284851i,0,1,0,0.00
1386832851,0,0,0,16,-6.910552,0.000000,-1.047198,5.243899,-1.099078,-50.949745,610.056580_-201.084869i,475.114685_-432.284851i,0,1,0,0.00
1386832851,0,0,0,16,-6.910552,0.000000,-1.047198,5.243899,-1.099078,-50.114918,610.056580_-201.084869i,475.114685_-432.284851i,0,1,0,0.00
1386832852,0,0,0,16,-6.910552,0.000000,-1.047198,5.243899,-1.099078,-50.110455,610.056580_-201.084869i,475.114685_-432.284851i,0,1,0,0.00
1386832852,0,0,0,16,-6.910552,0.000000,-1.047198,5.243899,-1.099078,-50.106331,610.056580_-201.084869i,475.114685_-432.284851i,0,1,0,0.00
1386832852,0,0,0,16,-6.910552,0.000000,-1.047198,5.243899,-1.099078,-50.101990,610.056580_-201.084869i,475.114685_-432.284851i,0,1,0,0.00
1386832852,0,0,0,16,-6.910552,0.000000,-1.047198,5.243899,-1.099078,-50.097980,610.056580_-201.084869i,475.114685_-432.284851i,0,1,0,0.00
1386832853,0,0,0,16,-6.910552,0.000000,-1.047198,5.243899,-1.099078,-50.093773,610.056580_-201.084869i,475.114685_-432.284851i,0,1,0,0.00
1386832853,0,0,0,16,-6.910552,0.000000,-1.047198,5.243899,-1.099078,-50.088722,610.056580_-201.084869i,475.114685_-432.284851i,0,1,0,0.00
1386832853,0,0,0,16,-6.910552,0.000000,-1.047198,5.243899,-1.099078,-50.084923,610.056580_-201.084869i,475.114685_-432.284851i,0,1,0,0.00
1386832853,0,0,0,16,-6.910552,0.000000,-1.047198,5.243899,-1.099078,-50.080078,610.056580_-201.084869i,475.114685_-432.284851i,0,1,0,0.00
1386832854,0,0,0,16,-6.910552,0.000000,-1.047198,5.243899,-1.099078,-50.076424,610.056580_-201.084869i,475.114685_-432.284851i,0,1,0,0.00
1386832854,0,0,0,16,-6.910552,0.000000,-1.047198,5.243899,-1.099078,-50.072609,610.056580_-201.084869i,475.114685_-432.284851i,0,1,0,0.00
1386832854,0,0,0,16,-6.910552,0.000000,-1.047198,5.243899,-1.099078,-50.068867,610.056580_-201.084869i,475.114685_-432.284851i,0,1,0,0.00
1386832855,0,0,0,16,-6.910552,0.000000,-1.047198,5.243899,-1.099078,-50.065422,610.056580_-201.084869i,475.114685_-432.284851i,0,1,0,0.00
1386832855,0,0,0,16,-6.910552,0.000000,-1.047198,5.243899,-1.099078,-50.061081,610.056580_-201.084869i,475.114685_-432.284851i,0,1,0,0.00
1386832855,0,0,0,16,-6.910552,0.000000,-1.047198,5.243899,-1.099078,-50.057800,610.056580_-201.084869i,475.114685_-432.284851i,0,1,0,0.00
1386832855,0,0,0,16,-6.910552,0.000000,-1.047198,5.243899,-1.099078,-50.003929,610.056580_-201.084869i,475.114685_-432.284851i,0,1,0,0.00
1386832856,0,0,0,16,-6.910552,0.000000,-1.047198,5.243899,-1.099078,-50.005066,610.056580_-201.084869i,475.114685_-432.284851i,0,1,0,0.00
1386832856,0,0,0,16,-6.910552,0.000000,-1.047198,5.243899,-1.099078,-50.006279,610.056580_-201.084869i,475.114685_-432.284851i,0,1,0,0.00
1386832856,0,0,0,16,-6.910552,0.000000,-1.047198,5.243899,-1.099078,-50.007710,610.056580_-201.084869i,475.114685_-432.284851i,0,1,0,0.00
1386832856,0,0,0,16,-6.910552,0.000000,-1.047198,5.243899,-1.099078,-50.009571,610.056580_-201.084869i,475.114685_-432.284851i,0,1,0,0.00
1386832857,0,0,0,16,-6.910552,0.000000,-1.047198,5.243899,-1.099078,-50.011345,610.056580_-201.084869i,475.114685_-432.284851i,0,1,0,0.00
1386832857,0,0,0,16,-6.910552,0.000000,-1.047198,5.243899,-1.099078,-50.013603,610.056580_-201.084869i,475.114685_-432.284851i,0,1,0,0.00
1386832857,0,0,0,16,-6.910552,0.000000,-1.047198,5.243899,-1.099078,-50.513195,610.056580_-201.084869i,475.114685_-432.284851i,0,1,0,0.00
1386832857,0,0,0,16,-6.910552,0.000000,-1.047198,5.243899,-1.099078,-50.530762,610.056580_-201.084869i,475.114685_-432.284851i,0,1,0,0.00
1386832858,0,0,0,16,-6.910552,0.000000,-1.047198,5.243899,-1.099078,-50.546413,610.056580_-201.084869i,475.114685_-432.284851i,0,1,0,0.00
1386832858,0,0,0,16,-6.910552,0.000000,-1.047198,5.243899,-1.099078,-50.563194,610.056580_-201.084869i,475.114685_-432.284851i,0,1,0,0.00
1386832858,0,0,0,16,-6.910552,0.000000,-1.047198,5.243899,-1.099078,-50.580338,610.056580_-201.084869i,475.114685_-432.284851i,0,1,0,0.00
1386832858,0,0,0,16,-6.910552,0.000000,-1.047198,5.243899,-1.099078,-50.597019,610.056580_-201.084869i,475.114685_-432.284851i,0,1,0,0.00
1386832859,0,0,0,16,-6.910552,0.000000,-1.047198,5.243899,-1.099078,-51.012573,610.056580_-201.084869i,475.114685_-432.284851i,0,1,0,0.00
1386832859,0,0,0,16,-6.910552,0.000000,-1.047198,5.243899,-1.099078,-51.039169,610.056580_-201.084869i,475.114685_-432.284851i,0,1,0,0.00
1386832859,0,0,0,16,-6.910552,0.000000,-1.047198,5.243899,-1.099078,-51.063381,610.056580_-201.084869i,475.114685_-432.284851i,0,1,0,0.00
1386832859,0,0,0,16,-6.910552,0.000000,-1.047198,5.243899,-1.099078,-51.089188,610.056580_-201.084869i,475.114685_-432.284851i,0,1,0,0.00
1386832860,0,0,0,16,-6.910552,0.000000,-1.047198,5.243899,-1.099078,-51.115471,610.056580_-201.084869i,475.114685_-432.284851i,0,1,0,0.00
1386832860,0,0,0,16,-6.910552,0.000000,-1.047198,5.243899,-1.099078,-51.141045,610.056580_-201.084869i,475.114685_-432.284851i,0,1,0,0.00
1386832860,0,0,0,16,-6.910552,0.000000,-1.047198,5.243899,-1.099078,-51.170033,610.056580_-201.084869i,475.114685_-432.284851i,0,1,0,0.00
1386832860,0,0,0,16,-6.910552,0.000000,-1.047198,5.243899,-1.099078,-51.196545,610.056580_-201.084869i,475.114685_-432.284851i,0,1,0,0.00
1386832861,0,0,0,16,-6.910552,0.000000,-1.047198,5.243899,-1.099078,-51.226540,610.056580_-201.084869i,475.114685_-432.284851i,0,1,0,0.00
1386832861,0,0,0,16,-6.910552,0.000000,-1.047198,5.243899,-1.099078,-51.255291,610.056580_-201.084869i,475.114685_-432.284851i,0,1,0,0.00
1386832861,0,0,0,16,-6.910552,0.000000,-1.047198,5.243899,-1.099078,-51.284569,610.056580_-201.084869i,475.114685_-432.284851i,0,1,0,0.00
1386832861,0,0,0,16,-6.910552,0.000000,-1.047198,5.243899,-1.099078,-51.316143,610.056580_-201.084869i,475.114685_-432.284851i,0,1,0,0.00
1386832862,0,0,0,16,-6.910552,0.000000,-1.047198,5.243899,-1.099078,-51.345165,610.056580_-201.084869i,475.114685_-432.284851i,0,1,0,0.00
1386832862,0,0,0,16,-6.910552,0.000000,-1.047198,5.243899,-1.099078,-51.377815,610.056580_-201.084869i,475.114685_-432.284851i,0,1,0,0.00
1386832862,0,0,0,16,-6.910552,0.000000,-1.047198,5.243899,-1.099078,-51.409252,610.056580_-201.084869i,475.114685_-432.284851i,0,1,0,0.00
1386832862,0,0,0,16,-6.910552,0.000000,-1.047198,5.243899,-1.099078,-51.441250,610.056580_-201.084869i,475.114685_-432.284851i,0,1,0,0.00
1386832863,0,0,0,16,-6.910552,0.000000,-1.047198,5.243899,-1.099078,-51.475601,610.056580_-201.084869i,475.114685_-432.284851i,0,1,0,0.00
1386832863,0,0,0,16,-6.910552,0.000000,-1.047198,5.243899,-1.099078,-51.507320,610.056580_-201.084869i,475.114685_-432.284851i,0,1,0,0.00
1386832863,0,0,0,16,-6.910552,0.000000,-1.047198,5.243899,-1.099078,-51.542820,610.056580_-201.084869i,475.114685_-432.284851i,0,1,0,0.00
1386832863,0,0,0,16,-6.910552,0.000000,-1.047198,5.243899,-1.099078,-51.575665,610.056580_-201.084869i,475.114685_-432.284851i,0,1,0,0.00
1386832864,0,0,0,16,-6.910552,0.000000,-1.047198,5.243899,-1.099078,-51.610573,610.056580_-201.084869i,475.114685_-432.284851i,0,1,0,0.00
1386832864,0,0,0,16,-6.910552,0.000000,-1.047198,5.243899,-1.099078,-51.647873,610.056580_-201.084869i,475.114685_-432.284851i,0,1,0,0.00
1386832864,1,2,2,7353,-7.971270,0.000000,-2.107915,5.243899,-1.099078,-58.194595,610.056580_-201.084869i,475.114685_-432.284851i,0,1,0,0.00
1386832864,2,2,2,7353,-7.971270,0.000000,-2.107915,5.243899,-1.099078,-58.194595,610.056580_-201.084869i,475.114685_-432.284851i,0,1,0,0.00
1386832865,2,2,2,7353,-7.971270,0.000000,-2.107915,5.243899,-1.099078,-58.194595,610.056580_-201.084869i,475.114685_-432.284851i,0,1,0,0.00
1386832865,2,2,2,7353,-7.971270,0.000000,-2.107915,5.243899,-1.099078,-58.194595,610.056580_-201.084869i,475.114685_-432.284851i,0,1,0,0.00
1386832865,2,2,2,7353,-7.971270,0.000000,-2.107915,5.243899,-1.099078,-58.194595,610.056580_-201.084869i,475.114685_-432.284851i,0,1,0,0.00
1386832865,2,2,2,7353,-7.971270,0.000000,-2.107915,5.243899,-1.099078,-58.194595,610.056580_-201.084869i,475.114685_-432.284851i,0,1,0,0.00
1386832866,2,2,2,7353,-7.971270,0.000000,-2.107915,5.243899,-1.099078,-58.194595,610.056580_-201.084869i,475.114685_-432.284851i,0,1,0,0.00
1386832866,2,2,2,7353,-7.971270,0.000000,-2.107915,5.243899,-1.099078,-58.194595,610.056580_-201.084869i,475.114685_-432.284851i,0,1,0,0.00
1386832866,2,2,2,7353,-7.971270,0.000000,-2.107915,5.243899,-1.099078,-58.194595,610.056580_-201.084869i,475.114685_-432.284851i,0,1,0,0.00
1386832866,2,2,2,7353,-7.971270,0.000000,-2.107915,5.243899,-1.099078,-58.194595,610.056580_-201.084869i,475.114685_-432.284851i,0,1,0,0.00
1386832867,2,2,2,7353,-7.971270,0.000000,-2.107915,5.243899,-1.099078,-58.194595,610.056580_-201.084869i,475.114685_-432.284851i,0,1,0,0.00
1386832867,2,2,2,7353,-7.971270,0.000000,-2.107915,5.243899,-1.099078,-58.194595,610.056580_-201.084869i,475.114685_-432.284851i,0,1,0,0.00
1386832867,2,2,2,7353,-7.971270,0.000000,-2.107915,5.243899,-1.099078,-58.194595,610.056580_-201.084869i,475.114685_-432.284851i,0,1,0,0.00
1386832867,2,2,2,7353,-7.971270,0.000000,-2.107915,5.243899,-1.099078,-58.194595,610.056580_-201.084869i,475.114685_-432.284851i,0,1,0,0.00
1386832868,2,2,2,7353,-7.971270,0.000000,-2.107915,5.243899,-1.099078,-58.194595,610.056580_-201.084869i,475.114685_-432.284851i,0,1,0,0.00
1386832868,2,2,2,7353,-7.971270,0.000000,-2.107915,5.243899,-1.099078,-58.194595,610.056580_-201.084869i,475.114685_-432.284851i,0,1,0,0.00
1386832868,2,2,2,7353,-7.971270,0.000000,-2.107915,5.243899,-1.099078,-58.194595,610.056580_-201.084869i,475.114685_-432.284851i,0,1,0,0.00
1386832868,2,2,2,7353,-7.971270,0.000000,-2.107915,5.243899,-1.099078,-58.194595,610.056580_-201.084869i,475.114685_-432.284851i,0,1,0,0.00
1386832869,2,2,2,7353,-7.971270,0.000000,-2.107915,5.243899,-1.099078,-58.194595,610.056580_-201.084869i,475.114685_-432.284851i,0,1,0,0.00
1386832869,2,2,2,7353,-7.971270,0.000000,-2.107915,5.081002,-1.099078,-58.194595,610.056580_-201.084869i,475.114685_-432.284851i,0,1,0,0.00
1386832869,2,2,2,7353,-7.971270,0.000000,-2.107915,4.918104,-1.099078,-58.194595,610.056580_-201.084869i,475.114685_-432.284851i,0,1,0,0.00
1386832869,2,2,2,7353,-7.971270,0.000000,-2.107915,4.755207,-1.099078,-58.194595,610.056580_-201.084869i,475.114685_-432.284851i,0,1,0,0.00
1386832870,2,2,2,7353,-7.971270,0.000000,-2.107915,4.606272,-1.099078,-58.194595,610.056580_-201.084869i,475.114685_-432.284851i,0,1,0,0.00
1386832870,2,2,2,7353,-7.971270,0.000000,-2.107915,4.494571,-1.099078,-58.194595,610.056580_-201.084869i,475.114685_-432.284851i,0,1,0,0.00
1386832870,2,2,2,7353,-7.971270,0.000000,-2.107915,4.410795,-1.099078,-58.194595,610.056580_-201.084869i,475.114685_-432.284851i,0,1,0,0.00
1386832870,2,2,2,7353,-7.971270,0.000000,-2.107915,4.350291,-1.099078,-58.194595,610.056580_-201.084869i,475.114685_-432.284851i,0,1,0,0.00
1386832871,2,2,2,7353,-7.971270,0.000000,-2.107915,4.308403,-1.099078,-58.194595,610.056580_-201.084869i,475.114685_-432.284851i,0,1,0,0.00
1386832871,2,2,2,7353,-7.971270,0.000000,-2.107915,4.275824,-1.099078,-58.194595,610.056580_-201.084869i,475.114685_-432.284851i,0,1,0,0.00
1386832871,2,2,2,7353,-7.971270,0.000000,-2.107915,4.252553,-1.099078,-58.194595,610.056580_-201.084869i,475.114685_-432.284851i,0,1,0,0.00
1386832871,2,2,2,7353,-7.971270,0.000000,-2.107915,4.233935,-1.099078,-58.194595,610.056580_-201.084869i,475.114685_-432.284851i,0,1,0,0.00
1386832872,2,2,2,7353,-7.971270,0.000000,-2.107915,4.219973,-1.099078,-58.194595,610.056580_-201.084869i,475.114685_-432.284851i,0,1,0,0.00
1386832872,2,2,2,7353,-7.971270,0.000000,-2.107915,4.210664,-1.099078,-58.194595,610.056580_-201.084869i,475.114685_-432.284851i,0,1,0,0.00
1386832872,2,2,2,7353,-7.971270,0.000000,-2.107915,4.206010,-1.099078,-58.194595,610.056580_-201.084869i,475.114685_-432.284851i,0,1,0,0.00
1386832872,2,2,2,7353,-7.971270,0.000000,-2.107915,4.201356,-1.099078,-58.194595,610.056580_-201.084869i,475.114685_-432.284851i,0,1,0,0.00
1386832873,2,2,2,7353,-7.971270,0.000000,-2.107915,4.196702,-1.099078,-58.194595,610.056580_-201.084869i,475.114685_-432.284851i,0,1,0,0.00
1386832873,2,2,2,7353,-7.971270,0.000000,-2.107915,4.196702,-1.099078,-58.194595,610.056580_-201.084869i,475.114685_-432.284851i,0,1,0,0.00
1386832873,2,2,2,7353,-7.971270,0.000000,-2.107915,4.196702,-1.099078,-58.194595,610.056580_-201.084869i,475.114685_-432.284851i,0,1,0,0.00
1386832873,2,2,2,7353,-7.971270,0.000000,-2.107915,4.196702,-1.099078,-58.194595,610.056580_-201.084869i,475.114685_-432.284851i,0,1,0,0.00
1386832874,2,2,2,7353,-7.971270,0.000000,-2.107915,4.196702,-1.099078,-58.194595,610.056580_-201.084869i,475.114685_-432.284851i,0,1,0,0.00
1386832874,2,2,2,7353,-7.971270,0.000000,-2.107915,4.196702,-1.099078,-58.194595,610.056580_-201.084869i,475.114685_-432.284851i,0,1,0,0.00
1386832874,2,2,2,7353,-7.971270,0.000000,-2.107915,4.196702,-1.099078,-58.194595,610.056580_-201.084869i,475.114685_-432.284851i,0,1,0,0.00
1386832874,2,2,2,7353,-7.971270,0.000000,-2.107915,4.196702,-1.099078,-58.194595,610.056580_-201.084869i,475.114685_-432.284851i,0,1,0,0.00
1386832875,2,2,2,7353,-7.971270,0.000000,-2.107915,4.196702,-1.099078,-58.194595,610.056580_-201.084869i,475.114685_-432.284851i,0,1,0,0.00
1386832875,2,2,2,7353,-7.971270,0.000000,-2.107915,4.196702,-1.099078,-58.194595,610.056580_-201.084869i,475.114685_-432.284851i,0,1,0,0.00
1386832875,2,2,2,7353,-7.971270,0.000000,-2.107915,4.196702,-1.099078,-58.194595,610.056580_-201.084869i,475.114685_-432.284851i,0,1,0,0.00
1386832875,2,2,2,7353,-7.971270,0.000000,-2.107915,4.196702,-1.099078,-58.194595,610.056580_-201.084869i,475.114685_-432.284851i,0,1,0,0.00
1386832876,2,2,2,7353,-7.971270,0.000000,-2.107915,4.196702,-1.099078,-58.194595,610.056580_-201.084869i,475.114685_-432.284851i,0,1,0,0.00
1386832876,2,2,2,7353,-7.971270,0.000000,-2.107915,4.196702,-1.099078,-58.194595,610.056580_-201.084869i,475.114685_-432.284851i,0,1,0,0.00
1386832876,2,2,2,7353,-7.971270,0.000000,-2.107915,4.196702,-1.099078,-58.194595,610.056580_-201.084869i,475.114685_-432.284851i,0,1,0,0.00
1386832876,2,2,2,7353,-7.971270,0.000000,-2.107915,4.196702,-1.099078,-58.194595,610.056580_-201.084869i,475.114685_-432.284851i,0,1,0,0.00
1386832877,2,2,2,7353,-7.971270,0.000000,-2.107915,4.196702,-1.099078,-58.194595,610.056580_-201.084869i,475.114685_-432.284851i,0,1,0,0.00
1386832877,2,2,2,7353,-7.971270,0.000000,-2.107915,4.196702,-1.099078,-58.194595,610.056580_-201.084869i,475.114685_-432.284851i,0,1,0,0.00
1386832877,2,2,2,7353,-7.971270,0.000000,-2.107915,4.196702,-1.099078,-58.194595,610.056580_-201.084869i,475.114685_-432.284851i,0,1,0,0.00
1386832877,2,2,2,7353,-7.971270,0.000000,-2.107915,4.196702,-1.099078,-58.194595,610.056580_-201.084869i,475.114685_-432.284851i,0,1,0,0.00
1386832878,2,2,2,7353,-7.971270,0.000000,-2.107915,4.196702,-1.099078,-58.194595,610.056580_-201.084869i,475.114685_-432.284851i,0,1,0,0.00
1386832878,2,2,2,7353,-7.971270,0.000000,-2.107915,4.196702,-1.099078,-58.194595,610.056580_-201.084869i,475.114685_-432.284851i,0,1,0,0.00
1386832878,2,2,2,7353,-7.971270,0.000000,-2.107915,4.196702,-1.099078,-58.194595,610.056580_-201.084869i,475.114685_-432.284851i,0,1,0,0.00
1386832878,2,2,2,7353,-7.971270,0.000000,-2.107915,4.196702,-1.099078,-58.194595,610.056580_-201.084869i,475.114685_-432.284851i,0,1,0,0.00
1386832879,2,2,2,7353,-7.971270,0.000000,-2.107915,4.196702,-1.099078,-58.194595,610.056580_-201.084869i,475.114685_-432.284851i,0,1,0,0.00
1386832879,2,2,2,7353,-7.971270,0.000000,-2.107915,4.196702,-1.099078,-58.194595,610.056580_-201.084869i,475.114685_-432.284851i,0,1,0,0.00
1386832879,2,2,2,7353,-7.971270,0.000000,-2.107915,4.196702,-1.099078,-58.194595,610.056580_-201.084869i,475.114685_-432.284851i,0,1,0,0.00
1386832879,2,2,2,7353,-7.971270,0.000000,-2.107915,4.196702,-1.099078,-58.194595,610.056580_-201.084869i,475.114685_-432.284851i,0,1,0,0.00
1386832880,2,2,2,7353,-7.971270,0.000000,-2.107915,4.196702,-1.099078,-58.194595,610.056580_-201.084869i,475.114685_-432.284851i,0,1,0,0.00
1386832880,2,2,2,7353,-7.971270,0.000000,-2.107915,4.196702,-1.099078,-58.194595,610.056580_-201.084869i,475.114685_-432.284851i,0,1,0,0.00
1386832880,2,2,2,7353,-7.971270,0.000000,-2.107915,4.196702,-1.099078,-58.194595,610.056580_-201.084869i,475.114685_-432.284851i,0,1,0,0.00
1386832880,2,2,2,7353,-7.971270,0.000000,-2.107915,4.196702,-1.099078,-58.194595,610.056580_-201.084869i,475.114685_-432.284851i,0,1,0,0.00
1386832881,2,2,2,7353,-7.971270,0.000000,-2.107915,4.196702,-1.099078,-58.194595,610.056580_-201.084869i,475.114685_-432.284851i,0,1,0,0.00
1386832881,2,2,2,7353,-7.971270,0.000000,-2.107915,4.196702,-1.099078,-58.194595,610.056580_-201.084869i,475.114685_-432.284851i,0,1,0,0.00
1386832881,2,2,2,7353,-7.971270,0.000000,-2.107915,4.196702,-1.099078,-58.194595,610.056580_-201.084869i,475.114685_-432.284851i,0,1,0,0.00
1386832881,2,2,2,7353,-7.971270,0.000000,-2.107915,4.196702,-1.099078,-58.194595,610.056580_-201.084869i,475.114685_-432.284851i,0,1,0,0.00
1386832882,2,2,2,7353,-7.971270,0.000000,-2.107915,4.196702,-1.099078,-58.194595,610.056580_-201.084869i,475.114685_-432.284851i,0,1,0,0.00
1386832882,2,2,2,7353,-7.971270,0.000000,-2.107915,4.196702,-1.099078,-58.194595,610.056580_-201.084869i,475.114685_-432.284851i,0,1,0,0.00
1386832882,2,2,2,7353,-7.971270,0.000000,-2.107915,4.196702,-1.099078,-58.194595,610.056580_-201.084869i,475.114685_-432.284851i,0,1,0,0.00
1386832882,2,2,2,7353,-7.971270,0.000000,-2.107915,4.196702,-1.099078,-58.194595,610.056580_-201.084869i,475.114685_-432.284851i,0,1,0,0.00
1386832883,2,2,2,7353,-7.971270,0.000000,-2.107915,4.196702,-1.099078,-58.194595,610.056580_-201.084869i,475.114685_-432.284851i,0,1,0,0.00
1386832883,2,2,2,7353,-7.971270,0.000000,-2.107915,4.196702,-1.099078,-58.194595,610.056580_-201.084869i,475.114685_-432.284851i,0,1,0,0.00
1386832883,2,2,2,7353,-7.971270,0.000000,-2.107915,4.196702,-1.099078,-58.194595,610.056580_-201.084869i,475.114685_-432.284851i,0,1,0,0.00
1386832883,2,2,2,7353,-7.971270,0.000000,-2.107915,4.196702,-1.099078,-58.194595,610.056580_-201.084869i,475.114685_-432.284851i,0,1,0,0.00
1386832884,2,2,2,7353,-7.971270,0.000000,-2.107915,4.196702,-1.099078,-58.194595,610.056580_-201.084869i,475.114685_-432.284851i,0,1,0,0.00
1386832884,2,2,2,7353,-7.971270,0.000000,-2.107915,4.196702,-1.099078,-58.194595,610.056580_-201.084869i,475.114685_-432.284851i,0,1,0,0.00
1386832884,2,2,2,7353,-7.971270,0.000000,-2.107915,4.196702,-1.099078,-58.194595,610.056580_-201.084869i,475.114685_-432.284851i,0,1,0,0.00
1386832884,2,2,2,7353,-7.971270,0.000000,-2.107915,4.196702,-1.099078,-58.194595,610.056580_-201.084869i,475.114685_-432.284851i,0,1,0,0.00
1386832885,2,2,2,7353,-7.971270,0.000000,-2.107915,4.196702,-1.099078,-58.194595,610.056580_-201.084869i,475.114685_-432.284851i,0,1,0,0.00
1386832885,2,2,2,7353,-7.971270,0.000000,-2.107915,4.196702,-1.099078,-58.194595,610.056580_-201.084869i,475.114685_-432.284851i,0,1,0,0.00
1386832885,2,2,2,7353,-7.971270,0.000000,-2.107915,4.196702,-1.099078,-58.194595,610.056580_-201.084869i,475.114685_-432.284851i,0,1,0,0.00
1386832885,2,2,2,7353,-7.971270,0.000000,-2.107915,4.196702,-1.099078,-58.194595,610.056580_-201.084869i,475.114685_-432.284851i,0,1,0,0.00
1386832886,2,2,2,7353,-7.971270,0.000000,-2.107915,4.196702,-1.099078,-58.194595,610.056580_-201.084869i,475.114685_-432.284851i,0,1,0,0.00
1386832886,2,2,2,7353,-7.971270,0.000000,-2.107915,4.196702,-1.099078,-58.194595,610.056580_-201.084869i,475.114685_-432.284851i,0,1,0,0.00
1386832886,2,2,2,7353,-7.971270,0.000000,-2.107915,4.196702,-1.099078,-58.194595,610.056580_-201.084869i,475.114685_-432.284851i,0,1,0,0.00
1386832887,2,2,2,7353,-7.971270,0.000000,-2.107915,4.196702,-1.099078,-58.194595,610.056580_-201.084869i,475.114685_-432.284851i,0,1,0,0.00
1386832887,2,2,2,7353,-7.971270,0.000000,-2.107915,4.196702,-1.099078,-58.194595,610.056580_-201.084869i,475.114685_-432.284851i,0,1,0,0.00
1386832887,2,2,2,7353,-7.971270,0.000000,-2.107915,4.196702,-1.099078,-58.194595,610.056580_-201.084869i,475.114685_-432.284851i,0,1,0,0.00
1386832887,2,2,2,7353,-7.971270,0.000000,-2.107915,4.196702,-1.099078,-58.194595,610.056580_-201.084869i,475.114685_-432.284851i,0,1,0,0.00
1386832888,2,2,2,7353,-7.971270,0.000000,-2.107915,4.196702,-1.099078,-58.194595,610.056580_-201.084869i,475.114685_-432.284851i,0,1,0,0.00
1386832888,2,2,2,7353,-7.971270,0.000000,-2.107915,4.196702,-1.099078,-58.194595,610.056580_-201.084869i,475.114685_-432.284851i,0,1,0,0.00
1386832888,2,2,2,7353,-7.971270,0.000000,-2.107915,4.196702,-1.099078,-58.194595,610.056580_-201.084869i,475.114685_-432.284851i,0,1,0,0.00
1386832888,2,2,2,7353,-7.971270,0.000000,-2.107915,4.196702,-1.099078,-58.194595,610.056580_-201.084869i,475.114685_-432.284851i,0,1,0,0.00
1386832889,2,2,2,7353,-7.971270,0.000000,-2.107915,4.196702,-1.099078,-58.194595,610.056580_-201.084869i,475.114685_-432.284851i,0,1,0,0.00
1386832889,2,2,2,7353,-7.971270,0.000000,-2.107915,4.196702,-1.099078,-58.194595,610.056580_-201.084869i,475.114685_-432.284851i,0,1,0,0.00
1386832889,2,2,2,7353,-7.971270,0.000000,-2.107915,4.196702,-1.099078,-58.194595,610.056580_-201.084869i,475.114685_-432.284851i,0,1,0,0.00
1386832889,2,2,2,7353,-7.971270,0.000000,-2.107915,4.196702,-1.099078,-58.194595,610.056580_-201.084869i,475.114685_-432.284851i,0,1,0,0.00
1386832890,2,2,2,7353,-7.971270,0.000000,-2.107915,4.196702,-1.099078,-58.194595,610.056580_-201.084869i,475.114685_-432.284851i,0,1,0,0.00
1386832890,2,2,2,7353,-7.971270,0.000000,-2.107915,4.196702,-1.099078,-58.194595,610.056580_-201.084869i,475.114685_-432.284851i,0,1,0,0.00
1386832890,2,2,2,7353,-7.971270,0.000000,-2.107915,4.196702,-1.099078,-58.194595,610.056580_-201.084869i,475.114685_-432.284851i,0,1,0,0.00
1386832890,2,2,2,7353,-7.971270,0.000000,-2.107915,4.196702,-1.099078,-58.194595,610.056580_-201.084869i,475.114685_-432.284851i,0,1,0,0.00
1386832891,2,2,2,7353,-7.971270,0.000000,-2.107915,4.196702,-1.099078,-58.194595,610.056580_-201.084869i,475.114685_-432.284851i,0,1,0,0.00
1386832891,2,2,2,7353,-7.971270,0.000000,-2.107915,4.196702,-1.099078,-58.194595,610.056580_-201.084869i,475.114685_-432.284851i,0,1,0,0.00
1386832891,2,2,2,7353,-7.971270,0.000000,-2.107915,4.196702,-1.099078,-58.194595,610.056580_-201.084869i,475.114685_-432.284851i,0,1,0,0.00
1386832891,2,2,2,7353,-7.971270,0.000000,-2.107915,4.196702,-1.099078,-58.194595,610.056580_-201.084869i,475.114685_-432.284851i,0,1,0,0.00
1386832892,2,2,2,7353,-7.971270,0.000000,-2.107915,4.196702,-1.099078,-58.194595,610.056580_-201.084869i,475.114685_-432.284851i,0,1,0,0.00
1386832892,2,2,2,7353,-7.971270,0.000000,-2.107915,4.196702,-1.099078,-58.194595,610.056580_-201.084869i,475.114685_-432.284851i,0,1,0,0.00
1386832892,2,2,2,7353,-7.971270,0.000000,-2.107915,4.196702,-1.099078,-58.194595,610.056580_-201.084869i,475.114685_-432.284851i,0,1,0,0.00
1386832892,2,2,2,7353,-7.971270,0.000000,-2.107915,4.196702,-1.099078,-58.194595,610.056580_-201.084869i,475.114685_-432.284851i,0,1,0,0.00
1386832893,2,2,2,7353,-7.971270,0.000000,-2.107915,4.196702,-1.099078,-58.194595,610.056580_-201.084869i,475.114685_-432.284851i,0,1,0,0.00
1386832893,2,2,2,7353,-7.971270,0.000000,-2.107915,4.196702,-1.099078,-58.194595,610.056580_-201.084869i,475.114685_-432.284851i,0,1,0,0.00
1386832893,2,2,2,7353,-7.971270,0.000000,-2.107915,4.196702,-1.099078,-58.194595,610.056580_-201.084869i,475.114685_-432.284851i,0,1,0,0.00
1386832893,2,2,2,7353,-7.971270,0.000000,-2.107915,4.196702,-1.099078,-58.194595,610.056580_-201.084869i,475.114685_-432.284851i,0,1,0,0.00
1386832894,2,2,2,7353,-7.971270,0.000000,-2.107915,4.196702,-1.099078,-58.194595,610.056580_-201.084869i,475.114685_-432.284851i,0,1,0,0.00
1386832894,2,2,2,7353,-7.971270,0.000000,-2.107915,4.196702,-1.099078,-58.194595,610.056580_-201.084869i,475.114685_-432.284851i,0,1,0,0.00
1386832894,2,2,2,7353,-7.971270,0.000000,-2.107915,4.196702,-1.099078,-58.194595,610.056580_-201.084869i,475.114685_-432.284851i,0,1,0,0.00
1386832894,2,2,2,7353,-7.971270,0.000000,-2.107915,4.196702,-1.099078,-58.194595,610.056580_-201.084869i,475.114685_-432.284851i,0,1,0,0.00
1386832895,2,2,2,7353,-7.971270,0.000000,-2.107915,4.196702,-1.099078,-58.194595,610.056580_-201.084869i,475.114685_-432.284851i,0,1,0,0.00
1386832895,2,2,2,7353,-7.971270,0.000000,-2.107915,4.196702,-1.099078,-58.194595,610.056580_-201.084869i,475.114685_-432.284851i,0,1,0,0.00
1386832895,2,2,2,7353,-7.971270,0.000000,-2.107915,4.196702,-1.099078,-58.194595,610.056580_-201.084869i,475.114685_-432.284851i,0,1,0,0.00
1386832895,2,2,2,0,-7.971270,0.000000,-2.107915,4.196702,-1.099078,-58.194595,610.056580_-201.084869i,475.114685_-432.284851i,0,1,0,0.00
1386832896,2,2,2,0,-7.971270,0.000000,-2.107915,4.196702,-1.099078,-58.194595,610.056580_-201.084869i,475.114685_-432.284851i,0,1,0,0.00
1386832896,2,2,2,0,-7.971270,0.000000,-2.107915,4.196702,-1.099078,-58.194595,610.056580_-201.084869i,475.114685_-432.284851i,0,1,0,0.00
1386832896,2,2,2,0,-7.971270,0.000000,-2.107915,4.196702,-1.099078,-58.194595,610.056580_-201.084869i,475.114685_-432.284851i,0,1,0,0.00
1386832896,2,2,2,0,-7.971270,0.000000,-2.107915,4.196702,-1.099078,-58.194595,610.056580_-201.084869i,475.114685_-432.284851i,0,1,0,0.00
1386832897,2,2,2,0,-7.971270,0.000000,-2.107915,4.196702,-1.099078,-58.194595,610.056580_-201.084869i,475.114685_-432.284851i,0,1,0,0.00
1386832897,2,2,2,0,-7.971270,0.000000,-2.107915,4.196702,-1.099078,-58.194595,610.056580_-201.084869i,475.114685_-432.284851i,0,1,0,0.00
1386832897,2,2,2,0,-7.971270,0.000000,-2.107915,4.196702,-1.099078,-58.194595,610.056580_-201.084869i,475.114685_-432.284851i,0,1,0,0.00
1386832897,2,2,2,0,-7.971270,0.000000,-2.107915,4.196702,-1.099078,-58.194595,610.056580_-201.084869i,475.114685_-432.284851i,0,1,0,0.00
1386832898,2,2,2,0,-7.971270,0.000000,-2.107915,4.196702,-1.099078,-58.194595,610.056580_-201.084869i,475.114685_-432.284851i,0,1,0,0.00
1386832898,2,2,2,0,-7.971270,0.000000,-2.107915,4.196702,-1.099078,-58.194595,610.056580_-201.084869i,475.114685_-432.284851i,0,1,0,0.00
1386832898,2,2,2,0,-7.971270,0.000000,-2.107915,4.196702,-1.099078,-58.194595,610.056580_-201.084869i,475.114685_-432.284851i,0,1,0,0.00
1386832898,2,2,2,0,-7.971270,0.000000,-2.107915,4.196702,-1.099078,-58.194595,610.056580_-201.084869i,475.114685_-432.284851i,0,1,0,0.00
1386832899,2,2,2,0,-7.971270,0.000000,-2.107915,4.196702,-1.099078,-58.194595,610.056580_-201.084869i,475.114685_-432.284851i,0,1,0,0.00
1386832899,2,2,2,0,-7.971270,0.000000,-2.107915,4.196702,-1.099078,-58.194595,610.056580_-201.084869i,475.114685_-432.284851i,0,1,0,0.00
1386832899,2,2,2,0,-7.971270,0.000000,-2.107915,4.196702,-1.099078,-58.194595,610.056580_-201.084869i,475.114685_-432.284851i,0,1,0,0.00
1386832899,2,2,2,0,-7.971270,0.000000,-2.107915,4.196702,-1.099078,-58.194595,610.056580_-201.084869i,475.114685_-432.284851i,0,1,0,0.00
1386832900,2,2,2,0,-7.971270,0.000000,-2.107915,4.196702,-1.099078,-58.194595,610.056580_-201.084869i,475.114685_-432.284851i,0,1,0,0.00
1386832900,2,2,2,0,-7.971270,0.000000,-2.107915,4.196702,-1.099078,-58.194595,610.056580_-201.084869i,475.114685_-432.284851i,0,1,0,0.00
1386832900,2,2,2,0,-7.971270,0.000000,-2.107915,4.196702,-1.099078,-58.194595,610.056580_-201.084869i,475.114685_-432.284851i,0,1,0,0.00
1386832900,2,2,2,0,-7.971270,0.000000,-2.107915,4.196702,-1.099078,-58.194595,610.056580_-201.084869i,475.114685_-432.284851i,0,1,0,0.00
1386832901,2,2,2,0,-7.971270,0.000000,-2.107915,4.196702,-1.099078,-58.194595,610.056580_-201.084869i,475.114685_-432.284851i,0,1,0,0.00
1386832901,2,2,2,0,-7.971270,0.000000,-2.107915,4.196702,-1.099078,-58.194595,610.056580_-201.084869i,475.114685_-432.284851i,0,1,0,0.00
1386832901,2,2,2,0,-7.971270,0.000000,-2.107915,4.196702,-1.099078,-58.194595,610.056580_-201.084869i,475.114685_-432.284851i,0,1,0,0.00
1386832901,2,2,2,0,-7.971270,0.000000,-2.107915,4.196702,-1.099078,-58.194595,610.056580_-201.084869i,475.114685_-432.284851i,0,1,0,0.00
1386832902,2,2,2,0,-7.971270,0.000000,-2.107915,4.196702,-1.099078,-58.194595,610.056580_-201.084869i,475.114685_-432.284851i,0,1,0,0.00
1386832902,2,2,2,0,-7.971270,0.000000,-2.107915,4.196702,-1.099078,-58.194595,610.056580_-201.084869i,475.114685_-432.284851i,0,1,0,0.00
1386832902,2,2,2,0,-7.971270,0.000000,-2.107915,4.196702,-1.099078,-58.194595,610.056580_-201.084869i,475.114685_-432.284851i,0,1,0,0.00
1386832902,2,2,2,0,-7.971270,0.000000,-2.107915,4.196702,-1.099078,-58.194595,610.056580_-201.084869i,475.114685_-432.284851i,0,1,0,0.00
1386832903,2,2,2,0,-7.971270,0.000000,-2.107915,4.196702,-1.099078,-58.194595,610.056580_-201.084869i,475.114685_-432.284851i,0,1,0,0.00
1386832903,2,2,2,0,-7.971270,0.000000,-2.107915,4.196702,-1.099078,-58.194595,610.056580_-201.084869i,475.114685_-432.284851i,0,1,0,0.00
1386832903,2,2,2,0,-7.971270,0.000000,-2.107915,4.196702,-1.099078,-58.194595,610.056580_-201.084869i,475.114685_-432.284851i,0,1,0,0.00
1386832903,2,2,2,0,-7.971270,0.000000,-2.107915,4.196702,-1.099078,-58.194595,610.056580_-201.084869i,475.114685_-432.284851i,0,1,0,0.00
1386832904,2,2,2,0,-7.971270,0.000000,-2.107915,4.196702,-1.099078,-58.194595,610.056580_-201.084869i,475.114685_-432.284851i,0,1,0,0.00
1386832904,2,2,2,0,-7.971270,0.000000,-2.107915,4.196702,-1.099078,-58.194595,610.056580_-201.084869i,475.114685_-432.284851i,0,1,0,0.00
1386832904,2,2,2,0,-7.971270,0.000000,-2.107915,4.196702,-1.099078,-58.194595,610.056580_-201.084869i,475.114685_-432.284851i,0,1,0,0.00
1386832904,2,2,2,0,-7.971270,0.000000,-2.107915,4.196702,-1.099078,-58.194595,610.056580_-201.084869i,475.114685_-432.284851i,0,1,0,0.00
1386832905,2,2,2,0,-7.971270,0.000000,-2.107915,4.196702,-1.099078,-58.194595,610.056580_-201.084869i,475.114685_-432.284851i,0,1,0,0.00
1386832905,2,2,2,0,-7.971270,0.000000,-2.107915,4.196702,-1.099078,-58.194595,610.056580_-201.084869i,475.114685_-432.284851i,0,1,0,0.00
1386832905,2,2,2,0,-7.971270,0.000000,-2.107915,4.196702,-1.099078,-58.194595,610.056580_-201.084869i,475.114685_-432.284851i,0,1,0,0.00
1386832905,2,2,2,0,-7.971270,0.000000,-2.107915,4.196702,-1.099078,-58.194595,610.056580_-201.084869i,475.114685_-432.284851i,0,1,0,0.00
1386832906,2,2,2,0,-7.971270,0.000000,-2.107915,4.196702,-1.099078,-58.194595,610.056580_-201.084869i,475.114685_-432.284851i,0,1,0,0.00
1386832906,2,2,2,0,-7.971270,0.000000,-2.107915,4.196702,-1.099078,-58.194595,610.056580_-201.084869i,475.114685_-432.284851i,0,1,0,0.00
1386832906,2,2,2,0,-7.971270,0.000000,-2.107915,4.196702,-1.099078,-58.194595,610.056580_-201.084869i,475.114685_-432.284851i,0,1,0,0.00
1386832906,2,2,2,0,-7.971270,0.000000,-2.107915,4.196702,-1.099078,-58.194595,610.056580_-201.084869i,475.114685_-432.284851i,0,1,0,0.00
1386832907,2,2,2,0,-7.971270,0.000000,-2.107915,4.196702,-1.099078,-58.194595,610.056580_-201.084869i,475.114685_-432.284851i,0,1,0,0.00
1386832907,2,2,2,0,-7.971270,0.000000,-2.107915,4.196702,-1.099078,-58.194595,610.056580_-201.084869i,475.114685_-432.284851i,0,1,0,0.00
1386832907,2,2,2,0,-7.971270,0.000000,-2.107915,4.196702,-1.099078,-58.194595,610.056580_-201.084869i,475.114685_-432.284851i,0,1,0,0.00
1386832907,2,2,2,0,-7.971270,0.000000,-2.107915,4.196702,-1.099078,-58.194595,610.056580_-201.084869i,475.114685_-432.284851i,0,1,0,0.00
1386832908,2,2,2,0,-7.971270,0.000000,-2.107915,4.196702,-1.099078,-58.194595,610.056580_-201.084869i,475.114685_-432.284851i,0,1,0,0.00
1386832908,2,2,2,0,-7.971270,0.000000,-2.107915,4.196702,-1.099078,-58.194595,610.056580_-201.084869i,475.114685_-432.284851i,0,1,0,0.00
1386832908,2,2,2,0,-7.971270,0.000000,-2.107915,4.196702,-1.099078,-58.194595,610.056580_-201.084869i,475.114685_-432.284851i,0,1,0,0.00
1386832908,2,2,2,0,-7.971270,0.000000,-2.107915,4.196702,-1.099078,-58.194595,610.056580_-201.084869i,475.114685_-432.284851i,0,1,0,0.00
1386832909,2,2,2,0,-7.971270,0.000000,-2.107915,4.196702,-1.099078,-58.194595,610.056580_-201.084869i,475.114685_-432.284851i,0,1,0,0.00
1386832909,2,2,2,0,-7.971270,0.000000,-2.107915,4.196702,-1.099078,-58.194595,610.056580_-201.084869i,475.114685_-432.284851i,0,1,0,0.00
1386832909,2,2,2,0,-7.971270,0.000000,-2.107915,4.196702,-1.099078,-58.194595,610.056580_-201.084869i,475.114685_-432.284851i,0,1,0,0.00
1386832909,2,2,2,0,-7.971270,0.000000,-2.107915,4.196702,-1.099078,-58.194595,610.056580_-201.084869i,475.114685_-432.284851i,0,1,0,0.00
1386832910,2,2,2,0,-7.971270,0.000000,-2.107915,4.196702,-1.099078,-58.194595,610.056580_-201.084869i,475.114685_-432.284851i,0,1,0,0.00
1386832910,2,2,2,0,-7.971270,0.000000,-2.107915,4.196702,-1.099078,-58.194595,610.056580_-201.084869i,475.114685_-432.284851i,0,1,0,0.00
1386832910,2,2,2,0,-7.971270,0.000000,-2.107915,4.196702,-1.099078,-58.194595,610.056580_-201.084869i,475.114685_-432.284851i,0,1,0,0.00
1386832910,2,2,2,0,-7.971270,0.000000,-2.107915,4.196702,-1.099078,-58.194595,610.056580_-201.084869i,475.114685_-432.284851i,0,1,0,0.00
1386832911,2,2,2,0,-7.971270,0.000000,-2.107915,4.196702,-1.099078,-58.194595,610.056580_-201.084869i,475.114685_-432.284851i,0,1,0,0.00
1386832911,2,2,2,0,-7.971270,0.000000,-2.107915,4.196702,-1.099078,-58.194595,610.056580_-201.084869i,475.114685_-432.284851i,0,1,0,0.00
1386832911,2,2,2,0,-7.971270,0.000000,-2.107915,4.196702,-1.099078,-58.194595,610.056580_-201.084869i,475.114685_-432.284851i,0,1,0,0.00
1386832911,2,2,2,0,-7.971270,0.000000,-2.107915,4.196702,-1.099078,-58.194595,610.056580_-201.084869i,475.114685_-432.284851i,0,1,0,0.00
1386832912,2,2,2,0,-7.971270,0.000000,-2.107915,4.196702,-1.099078,-58.194595,610.056580_-201.084869i,475.114685_-432.284851i,0,1,0,0.00
1386832912,2,2,2,0,-7.971270,0.000000,-2.107915,4.196702,-1.099078,-58.194595,610.056580_-201.084869i,475.114685_-432.284851i,0,1,0,0.00
1386832912,2,2,2,0,-7.971270,0.000000,-2.107915,4.196702,-1.099078,-58.194595,610.056580_-201.084869i,475.114685_-432.284851i,0,1,0,0.00
1386832912,2,2,2,0,-7.971270,0.000000,-2.107915,4.196702,-1.099078,-58.194595,610.056580_-201.084869i,475.114685_-432.284851i,0,1,0,0.00
1386832913,2,2,2,0,-7.971270,0.000000,-2.107915,4.196702,-1.099078,-58.194595,610.056580_-201.084869i,475.114685_-432.284851i,0,1,0,0.00
1386832913,2,2,2,0,-7.971270,0.000000,-2.107915,4.196702,-1.099078,-58.194595,610.056580_-201.084869i,475.114685_-432.284851i,0,1,0,0.00
1386832913,2,2,2,0,-7.971270,0.000000,-2.107915,4.196702,-1.099078,-58.194595,610.056580_-201.084869i,475.114685_-432.284851i,0,1,0,0.00
1386832913,2,2,2,0,-7.971270,0.000000,-2.107915,4.196702,-1.099078,-58.194595,610.056580_-201.084869i,475.114685_-432.284851i,0,1,0,0.00
1386832914,2,2,2,0,-7.971270,0.000000,-2.107915,4.196702,-1.099078,-58.194595,610.056580_-201.084869i,475.114685_-432.284851i,0,1,0,0.00
1386832914,2,2,2,0,-7.971270,0.000000,-2.107915,4.196702,-1.099078,-58.194595,610.056580_-201.084869i,475.114685_-432.284851i,0,1,0,0.00
1386832914,2,2,2,0,-7.971270,0.000000,-2.107915,4.196702,-1.099078,-58.194595,610.056580_-201.084869i,475.114685_-432.284851i,0,1,0,0.00
1386832914,2,2,2,0,-7.971270,0.000000,-2.107915,4.196702,-1.099078,-58.194595,610.056580_-201.084869i,475.114685_-432.284851i,0,1,0,0.00
1386832915,2,2,2,0,-7.971270,0.000000,-2.107915,4.196702,-1.099078,-58.194595,610.056580_-201.084869i,475.114685_-432.284851i,0,1,0,0.00
1386832915,2,2,2,0,-7.971270,0.000000,-2.107915,4.196702,-1.099078,-58.194595,610.056580_-201.084869i,475.114685_-432.284851i,0,1,0,0.00
1386832915,2,2,2,0,-7.971270,0.000000,-2.107915,4.196702,-1.099078,-58.194595,610.056580_-201.084869i,475.114685_-432.284851i,0,1,0,0.00
1386832915,2,2,2,0,-7.971270,0.000000,-2.107915,4.196702,-1.099078,-58.194595,610.056580_-201.084869i,475.114685_-432.284851i,0,1,0,0.00
1386832916,2,2,2,0,-7.971270,0.000000,-2.107915,4.196702,-1.099078,-58.194595,610.056580_-201.084869i,475.114685_-432.284851i,0,1,0,0.00
1386832916,2,2,2,0,-7.971270,0.000000,-2.107915,4.196702,-1.099078,-58.194595,610.056580_-201.084869i,475.114685_-432.284851i,0,1,0,0.00
1386832916,2,2,2,0,-7.971270,0.000000,-2.107915,4.196702,-1.099078,-58.194595,610.056580_-201.084869i,475.114685_-432.284851i,0,1,0,0.00
1386832916,2,2,2,0,-7.971270,0.000000,-2.107915,4.196702,-1.099078,-58.194595,610.056580_-201.084869i,475.114685_-432.284851i,0,1,0,0.00
1386832917,2,2,2,0,-7.971270,0.000000,-2.107915,4.196702,-1.099078,-58.194595,610.056580_-201.084869i,475.114685_-432.284851i,0,1,0,0.00
1386832917,2,2,2,0,-7.971270,0.000000,-2.107915,4.196702,-1.099078,-58.194595,610.056580_-201.084869i,475.114685_-432.284851i,0,1,0,0.00
1386832917,2,2,2,0,-7.971270,0.000000,-2.107915,4.196702,-1.099078,-58.194595,610.056580_-201.084869i,475.114685_-432.284851i,0,1,0,0.00
1386832917,2,2,2,0,-7.971270,0.000000,-2.107915,4.196702,-1.099078,-58.194595,610.056580_-201.084869i,475.114685_-432.284851i,0,1,0,0.00
1386832918,2,2,2,0,-7.971270,0.000000,-2.107915,4.196702,-1.099078,-58.194595,610.056580_-201.084869i,475.114685_-432.284851i,0,1,0,0.00
1386832918,2,2,2,0,-7.971270,0.000000,-2.107915,4.196702,-1.099078,-58.194595,610.056580_-201.084869i,475.114685_-432.284851i,0,1,0,0.00
1386832918,2,2,2,0,-7.971270,0.000000,-2.107915,4.196702,-1.099078,-58.194595,610.056580_-201.084869i,475.114685_-432.284851i,0,1,0,0.00
1386832918,2,2,2,0,-7.971270,0.000000,-2.107915,4.196702,-1.099078,-58.194595,610.056580_-201.084869i,475.114685_-432.284851i,0,1,0,0.00
1386832919,2,2,2,0,-7.971270,0.000000,-2.107915,4.196702,-1.099078,-58.194595,610.056580_-201.084869i,475.114685_-432.284851i,0,1,0,0.00
1386832919,2,2,2,0,-7.971270,0.000000,-2.107915,4.196702,-1.099078,-58.194595,610.056580_-201.084869i,475.114685_-432.284851i,0,1,0,0.00
1386832919,2,2,2,0,-7.971270,0.000000,-2.107915,4.196702,-1.099078,-58.194595,610.056580_-201.084869i,475.114685_-432.284851i,0,1,0,0.00
1386832919,2,2,2,0,-7.971270,0.000000,-2.107915,4.196702,-1.099078,-58.194595,610.056580_-201.084869i,475.114685_-432.284851i,0,1,0,0.00
1386832920,2,2,2,0,-7.971270,0.000000,-2.107915,4.196702,-1.099078,-58.194595,610.056580_-201.084869i,475.114685_-432.284851i,0,1,0,0.00
1386832920,2,2,2,0,-7.971270,0.000000,-2.107915,4.196702,-1.099078,-58.194595,610.056580_-201.084869i,475.114685_-432.284851i,0,1,0,0.00
1386832920,2,2,2,0,-7.971270,0.000000,-2.107915,4.196702,-1.099078,-58.194595,610.056580_-201.084869i,475.114685_-432.284851i,0,1,0,0.00
1386832920,2,2,2,0,-7.971270,0.000000,-2.107915,4.196702,-1.099078,-58.194595,610.056580_-201.084869i,475.114685_-432.284851i,0,1,0,0.00
1386832921,2,2,2,0,-7.971270,0.000000,-2.107915,4.196702,-1.099078,-58.194595,610.056580_-201.084869i,475.114685_-432.284851i,0,1,0,0.00
1386832921,2,2,2,0,-7.971270,0.000000,-2.107915,4.196702,-1.099078,-58.194595,610.056580_-201.084869i,475.114685_-432.284851i,0,1,0,0.00
1386832921,2,2,2,0,-7.971270,0.000000,-2.107915,4.196702,-1.099078,-58.194595,610.056580_-201.084869i,475.114685_-432.284851i,0,1,0,0.00
1386832921,2,2,2,0,-7.971270,0.000000,-2.107915,4.196702,-1.099078,-58.194595,610.056580_-201.084869i,475.114685_-432.284851i,0,1,0,0.00
1386832922,2,2,2,0,-7.971270,0.000000,-2.107915,4.196702,-1.099078,-58.194595,610.056580_-201.084869i,475.114685_-432.284851i,0,1,0,0.00
1386832922,2,2,2,0,-7.971270,0.000000,-2.107915,4.196702,-1.099078,-58.194595,610.056580_-201.084869i,475.114685_-432.284851i,0,1,0,0.00
1386832922,2,2,2,0,-7.971270,0.000000,-2.107915,4.196702,-1.099078,-58.194595,610.056580_-201.084869i,475.114685_-432.284851i,0,1,0,0.00
1386832922,2,2,2,0,-7.971270,0.000000,-2.107915,4.196702,-1.099078,-58.194595,610.056580_-201.084869i,475.114685_-432.284851i,0,1,0,0.00
1386832923,2,2,2,0,-7.971270,0.000000,-2.107915,4.196702,-1.099078,-58.194595,610.056580_-201.084869i,475.114685_-432.284851i,0,1,0,0.00
1386832923,2,2,2,0,-7.971270,0.000000,-2.107915,4.196702,-1.099078,-58.194595,610.056580_-201.084869i,475.114685_-432.284851i,0,1,0,0.00
1386832923,2,2,2,0,-7.971270,0.000000,-2.107915,4.196702,-1.099078,-58.194595,610.056580_-201.084869i,475.114685_-432.284851i,0,1,0,0.00
1386832923,2,2,2,0,-7.971270,0.000000,-2.107915,4.196702,-1.099078,-58.194595,610.056580_-201.084869i,475.114685_-432.284851i,0,1,0,0.00
1386832924,2,2,2,0,-7.971270,0.000000,-2.107915,4.196702,-1.099078,-58.194595,610.056580_-201.084869i,475.114685_-432.284851i,0,1,0,0.00
1386832924,2,2,2,0,-7.971270,0.000000,-2.107915,4.196702,-1.099078,-58.194595,610.056580_-201.084869i,475.114685_-432.284851i,0,1,0,0.00
1386832924,2,2,2,0,-7.971270,0.000000,-2.107915,4.196702,-1.099078,-58.194595,610.056580_-201.084869i,475.114685_-432.284851i,0,1,0,0.00
1386832924,2,2,2,0,-7.971270,0.000000,-2.107915,4.196702,-1.099078,-58.194595,610.056580_-201.084869i,475.114685_-432.284851i,0,1,0,0.00
1386832925,2,2,2,0,-7.971270,0.000000,-2.107915,4.196702,-1.099078,-58.194595,610.056580_-201.084869i,475.114685_-432.284851i,0,1,0,0.00
1386832925,2,2,2,0,-7.971270,0.000000,-2.107915,4.196702,-1.099078,-58.194595,610.056580_-201.084869i,475.114685_-432.284851i,0,1,0,0.00
1386832925,2,2,2,0,-7.971270,0.000000,-2.107915,4.196702,-1.099078,-58.194595,610.056580_-201.084869i,475.114685_-432.284851i,0,1,0,0.00
1386832925,2,2,2,0,-7.971270,0.000000,-2.107915,4.196702,-1.099078,-58.194595,610.056580_-201.084869i,475.114685_-432.284851i,0,1,0,0.00
1386832926,2,2,2,0,-7.971270,0.000000,-2.107915,4.196702,-1.099078,-58.194595,610.056580_-201.084869i,475.114685_-432.284851i,0,1,0,0.00
1386832926,2,2,2,0,-7.971270,0.000000,-2.107915,4.196702,-1.099078,-58.194595,610.056580_-201.084869i,475.114685_-432.284851i,0,1,0,0.00
1386832926,2,2,2,0,-7.971270,0.000000,-2.107915,4.196702,-1.099078,-58.194595,610.056580_-201.084869i,475.114685_-432.284851i,0,1,0,0.00
1386832926,2,2,2,0,-7.971270,0.000000,-2.107915,4.196702,-1.099078,-58.194595,610.056580_-201.084869i,475.114685_-432.284851i,0,1,0,0.00
1386832927,2,2,2,0,-7.971270,0.000000,-2.107915,4.196702,-1.099078,-58.194595,610.056580_-201.084869i,475.114685_-432.284851i,0,1,0,0.00
1386832927,2,2,2,0,-7.971270,0.000000,-2.107915,4.196702,-1.099078,-58.194595,610.056580_-201.084869i,475.114685_-432.284851i,0,1,0,0.00
1386832927,2,2,2,0,-7.971270,0.000000,-2.107915,4.196702,-1.099078,-58.194595,610.056580_-201.084869i,475.114685_-432.284851i,0,1,0,0.00
1386832927,2,2,2,0,-7.971270,0.000000,-2.107915,4.196702,-1.099078,-58.194595,610.056580_-201.084869i,475.114685_-432.284851i,0,1,0,0.00
1386832928,2,2,2,0,-7.971270,0.000000,-2.107915,4.196702,-1.099078,-58.194595,610.056580_-201.084869i,475.114685_-432.284851i,0,1,0,0.00
1386832928,2,2,2,0,-7.971270,0.000000,-2.107915,4.196702,-1.099078,-58.194595,610.056580_-201.084869i,475.114685_-432.284851i,0,1,0,0.00
1386832928,2,2,2,0,-7.971270,0.000000,-2.107915,4.196702,-1.099078,-58.194595,610.056580_-201.084869i,475.114685_-432.284851i,0,1,0,0.00
1386832928,2,2,2,0,-7.971270,0.000000,-2.107915,4.196702,-1.099078,-58.194595,610.056580_-201.084869i,475.114685_-432.284851i,0,1,0,0.00
1386832929,2,2,2,0,-7.971270,0.000000,-2.107915,4.196702,-1.099078,-58.194595,610.056580_-201.084869i,475.114685_-432.284851i,0,1,0,0.00
1386832929,2,2,2,0,-7.971270,0.000000,-2.107915,4.196702,-1.099078,-58.194595,610.056580_-201.084869i,475.114685_-432.284851i,0,1,0,0.00
1386832929,2,2,2,0,-7.971270,0.000000,-2.107915,4.196702,-1.099078,-58.194595,610.056580_-201.084869i,475.114685_-432.284851i,0,1,0,0.00
1386832929,2,2,2,0,-7.971270,0.000000,-2.107915,4.196702,-1.099078,-58.194595,610.056580_-201.084869i,475.114685_-432.284851i,0,1,0,0.00
1386832930,2,2,2,0,-7.971270,0.000000,-2.107915,4.196702,-1.099078,-58.194595,610.056580_-201.084869i,475.114685_-432.284851i,0,1,0,0.00
1386832930,2,2,2,0,-7.971270,0.000000,-2.107915,4.196702,-1.099078,-58.194595,610.056580_-201.084869i,475.114685_-432.284851i,0,1,0,0.00
1386832930,2,2,2,0,-7.971270,0.000000,-2.107915,4.196702,-1.099078,-58.194595,610.056580_-201.084869i,475.114685_-432.284851i,0,1,0,0.00
1386832930,2,2,2,0,-7.971270,0.000000,-2.107915,4.196702,-1.099078,-58.194595,610.056580_-201.084869i,475.114685_-432.284851i,0,1,0,0.00
1386832931,2,2,2,0,-7.971270,0.000000,-2.107915,4.196702,-1.099078,-58.194595,610.056580_-201.084869i,475.114685_-432.284851i,0,1,0,0.00
1386832931,2,2,2,0,-7.971270,0.000000,-2.107915,4.196702,-1.099078,-58.194595,610.056580_-201.084869i,475.114685_-432.284851i,0,1,0,0.00
1386832931,2,2,2,0,-7.971270,0.000000,-2.107915,4.196702,-1.099078,-58.194595,610.056580_-201.084869i,475.114685_-432.284851i,0,1,0,0.00
1386832931,2,2,2,0,-7.971270,0.000000,-2.107915,4.196702,-1.099078,-58.194595,610.056580_-201.084869i,475.114685_-432.284851i,0,1,0,0.00
1386832932,2,2,2,0,-7.971270,0.000000,-2.107915,4.196702,-1.099078,-58.194595,610.056580_-201.084869i,475.114685_-432.284851i,0,1,0,0.00
1386832932,2,2,2,0,-7.971270,0.000000,-2.107915,4.196702,-1.099078,-58.194595,610.056580_-201.084869i,475.114685_-432.284851i,0,1,0,0.00
1386832932,2,2,2,0,-7.971270,0.000000,-2.107915,4.196702,-1.099078,-58.194595,610.056580_-201.084869i,475.114685_-432.284851i,0,1,0,0.00
1386832932,2,2,2,0,-7.971270,0.000000,-2.107915,4.196702,-1.099078,-58.194595,610.056580_-201.084869i,475.114685_-432.284851i,0,1,0,0.00
1386832933,2,2,2,0,-7.971270,0.000000,-2.107915,4.196702,-1.099078,-58.194595,610.056580_-201.084869i,475.114685_-432.284851i,0,1,0,0.00
1386832933,2,2,2,0,-7.971270,0.000000,-2.107915,4.196702,-1.099078,-58.194595,610.056580_-201.084869i,475.114685_-432.284851i,0,1,0,0.00
1386832933,2,2,2,0,-7.971270,0.000000,-2.107915,4.196702,-1.099078,-58.194595,610.056580_-201.084869i,475.114685_-432.284851i,0,1,0,0.00
1386832933,2,2,2,0,-7.971270,0.000000,-2.107915,4.196702,-1.099078,-58.194595,610.056580_-201.084869i,475.114685_-432.284851i,0,1,0,0.00
1386832934,2,2,2,0,-7.971270,0.000000,-2.107915,4.196702,-1.099078,-58.194595,610.056580_-201.084869i,475.114685_-432.284851i,0,1,0,0.00
1386832934,2,2,2,0,-7.971270,0.000000,-2.107915,4.196702,-1.099078,-58.194595,610.056580_-201.084869i,475.114685_-432.284851i,0,1,0,0.00
1386832934,2,2,2,0,-7.971270,0.000000,-2.107915,4.196702,-1.099078,-58.194595,610.056580_-201.084869i,475.114685_-432.284851i,0,1,0,0.00
1386832934,2,2,2,0,-7.971270,0.000000,-2.107915,4.196702,-1.099078,-58.194595,610.056580_-201.084869i,475.114685_-432.284851i,0,1,0,0.00
1386832935,2,2,2,0,-7.971270,0.000000,-2.107915,4.196702,-1.099078,-58.194595,610.056580_-201.084869i,475.114685_-432.284851i,0,1,0,0.00
1386832935,2,2,2,0,-7.971270,0.000000,-2.107915,4.196702,-1.099078,-58.194595,610.056580_-201.084869i,475.114685_-432.284851i,0,1,0,0.00
1386832935,2,2,2,0,-7.971270,0.000000,-2.107915,4.196702,-1.099078,-58.194595,610.056580_-201.084869i,475.114685_-432.284851i,0,1,0,0.00
1386832935,2,2,2,0,-7.971270,0.000000,-2.107915,4.196702,-1.099078,-58.194595,610.056580_-201.084869i,475.114685_-432.284851i,0,1,0,0.00
1386832936,2,2,2,0,-7.971270,0.000000,-2.107915,4.196702,-1.099078,-58.194595,610.056580_-201.084869i,475.114685_-432.284851i,0,1,0,0.00
1386832936,2,2,2,0,-7.971270,0.000000,-2.107915,4.196702,-1.099078,-58.194595,610.056580_-201.084869i,475.114685_-432.284851i,0,1,0,0.00
1386832936,2,2,2,0,-7.971270,0.000000,-2.107915,4.196702,-1.099078,-58.194595,610.056580_-201.084869i,475.114685_-432.284851i,0,1,0,0.00
1386832936,2,2,2,0,-7.971270,0.000000,-2.107915,4.196702,-1.099078,-58.194595,610.056580_-201.084869i,475.114685_-432.284851i,0,1,0,0.00
1386832937,2,2,2,0,-7.971270,0.000000,-2.107915,4.196702,-1.099078,-58.194595,610.056580_-201.084869i,475.114685_-432.284851i,0,1,0,0.00
1386832937,2,2,2,0,-7.971270,0.000000,-2.107915,4.196702,-1.099078,-58.194595,610.056580_-201.084869i,475.114685_-432.284851i,0,1,0,0.00
1386832937,2,2,2,0,-7.971270,0.000000,-2.107915,4.196702,-1.099078,-58.194595,610.056580_-201.084869i,475.114685_-432.284851i,0,1,0,0.00
1386832937,2,2,2,0,-7.971270,0.000000,-2.107915,4.196702,-1.099078,-58.194595,610.056580_-201.084869i,475.114685_-432.284851i,0,1,0,0.00
1386832938,2,2,2,0,-7.971270,0.000000,-2.107915,4.196702,-1.099078,-58.194595,610.056580_-201.084869i,475.114685_-432.284851i,0,1,0,0.00
1386832938,2,2,2,0,-7.971270,0.000000,-2.107915,4.196702,-1.099078,-58.194595,610.056580_-201.084869i,475.114685_-432.284851i,0,1,0,0.00
1386832938,2,2,2,0,-7.971270,0.000000,-2.107915,4.196702,-1.099078,-58.194595,610.056580_-201.084869i,475.114685_-432.284851i,0,1,0,0.00
1386832938,2,2,2,0,-7.971270,0.000000,-2.107915,4.196702,-1.099078,-58.194595,610.056580_-201.084869i,475.114685_-432.284851i,0,1,0,0.00
1386832939,2,2,2,0,-7.971270,0.000000,-2.107915,4.196702,-1.099078,-58.194595,610.056580_-201.084869i,475.114685_-432.284851i,0,1,0,0.00
1386832939,2,2,2,0,-7.971270,0.000000,-2.107915,4.196702,-1.099078,-58.194595,610.056580_-201.084869i,475.114685_-432.284851i,0,1,0,0.00
1386832939,2,2,2,0,-7.971270,0.000000,-2.107915,4.196702,-1.099078,-58.194595,610.056580_-201.084869i,475.114685_-432.284851i,0,1,0,0.00
1386832939,2,2,2,0,-7.971270,0.000000,-2.107915,4.196702,-1.099078,-58.194595,610.056580_-201.084869i,475.114685_-432.284851i,0,1,0,0.00
1386832940,2,2,2,0,-7.971270,0.000000,-2.107915,4.196702,-1.099078,-58.194595,610.056580_-201.084869i,475.114685_-432.284851i,0,1,0,0.00
1386832940,2,2,2,0,-7.971270,0.000000,-2.107915,4.196702,-1.099078,-58.194595,610.056580_-201.084869i,475.114685_-432.284851i,0,1,0,0.00
1386832940,2,2,2,0,-7.971270,0.000000,-2.107915,4.196702,-1.099078,-58.194595,610.056580_-201.084869i,475.114685_-432.284851i,0,1,0,0.00
1386832940,2,2,2,0,-7.971270,0.000000,-2.107915,4.196702,-1.099078,-58.194595,610.056580_-201.084869i,475.114685_-432.284851i,0,1,0,0.00
1386832941,2,2,2,0,-7.971270,0.000000,-2.107915,4.196702,-1.099078,-58.194595,610.056580_-201.084869i,475.114685_-432.284851i,0,1,0,0.00
1386832941,2,2,2,0,-7.971270,0.000000,-2.107915,4.196702,-1.099078,-58.194595,610.056580_-201.084869i,475.114685_-432.284851i,0,1,0,0.00
1386832941,2,2,2,0,-7.971270,0.000000,-2.107915,4.196702,-1.099078,-58.194595,610.056580_-201.084869i,475.114685_-432.284851i,0,1,0,0.00
1386832941,2,2,2,0,-7.971270,0.000000,-2.107915,4.196702,-1.099078,-58.194595,610.056580_-201.084869i,475.114685_-432.284851i,0,1,0,0.00
1386832942,2,2,2,0,-7.971270,0.000000,-2.107915,4.196702,-1.099078,-58.194595,610.056580_-201.084869i,475.114685_-432.284851i,0,1,0,0.00
1386832942,2,2,2,0,-7.971270,0.000000,-2.107915,4.196702,-1.099078,-58.194595,610.056580_-201.084869i,475.114685_-432.284851i,0,1,0,0.00
1386832942,2,2,2,0,-7.971270,0.000000,-2.107915,4.196702,-1.099078,-58.194595,610.056580_-201.084869i,475.114685_-432.284851i,0,1,0,0.00
1386832942,2,2,2,0,-7.971270,0.000000,-2.107915,4.196702,-1.099078,-58.194595,610.056580_-201.084869i,475.114685_-432.284851i,0,1,0,0.00
1386832943,2,2,2,0,-7.971270,0.000000,-2.107915,4.196702,-1.099078,-58.194595,610.056580_-201.084869i,475.114685_-432.284851i,0,1,0,0.00
1386832943,2,2,2,0,-7.971270,0.000000,-2.107915,4.196702,-1.099078,-58.194595,610.056580_-201.084869i,475.114685_-432.284851i,0,1,0,0.00
1386832943,2,2,2,0,-7.971270,0.000000,-2.107915,4.196702,-1.099078,-58.194595,610.056580_-201.084869i,475.114685_-432.284851i,0,1,0,0.00
1386832943,2,2,2,0,-7.971270,0.000000,-2.107915,4.196702,-1.099078,-58.194595,610.056580_-201.084869i,475.114685_-432.284851i,0,1,0,0.00
1386832944,2,2,2,0,-7.971270,0.000000,-2.107915,4.196702,-1.099078,-58.194595,610.056580_-201.084869i,475.114685_-432.284851i,0,1,0,0.00
1386832944,2,2,2,0,-7.971270,0.000000,-2.107915,4.196702,-1.099078,-58.194595,610.056580_-201.084869i,475.114685_-432.284851i,0,1,0,0.00
1386832944,2,2,2,0,-7.971270,0.000000,-2.107915,4.196702,-1.099078,-58.194595,610.056580_-201.084869i,475.114685_-432.284851i,0,1,0,0.00
1386832944,2,2,2,0,-7.971270,0.000000,-2.107915,4.196702,-1.099078,-58.194595,610.056580_-201.084869i,475.114685_-432.284851i,0,1,0,0.00
1386832945,2,2,2,0,-7.971270,0.000000,-2.107915,4.196702,-1.099078,-58.194595,610.056580_-201.084869i,475.114685_-432.284851i,0,1,0,0.00
1386832945,2,2,2,0,-7.971270,0.000000,-2.107915,4.196702,-1.099078,-58.194595,610.056580_-201.084869i,475.114685_-432.284851i,0,1,0,0.00
1386832945,2,2,2,0,-7.971270,0.000000,-2.107915,4.196702,-1.099078,-58.194595,610.056580_-201.084869i,475.114685_-432.284851i,0,1,0,0.00
1386832945,2,2,2,0,-7.971270,0.000000,-2.107915,4.196702,-1.099078,-58.194595,610.056580_-201.084869i,475.114685_-432.284851i,0,1,0,0.00
1386832946,2,2,2,0,-7.971270,0.000000,-2.107915,4.196702,-1.099078,-58.194595,610.056580_-201.084869i,475.114685_-432.284851i,0,1,0,0.00
1386832946,2,2,2,0,-7.971270,0.000000,-2.107915,4.196702,-1.099078,-58.194595,610.056580_-201.084869i,475.114685_-432.284851i,0,1,0,0.00
1386832946,2,2,2,0,-7.971270,0.000000,-2.107915,4.196702,-1.099078,-58.194595,610.056580_-201.084869i,475.114685_-432.284851i,0,1,0,0.00
1386832946,2,2,2,0,-7.971270,0.000000,-2.107915,4.196702,-1.099078,-58.194595,610.056580_-201.084869i,475.114685_-432.284851i,0,1,0,0.00
1386832947,2,2,2,0,-7.971270,0.000000,-2.107915,4.196702,-1.099078,-58.194595,610.056580_-201.084869i,475.114685_-432.284851i,0,1,0,0.00
1386832947,2,2,2,0,-7.971270,0.000000,-2.107915,4.196702,-1.099078,-58.194595,610.056580_-201.084869i,475.114685_-432.284851i,0,1,0,0.00
1386832947,2,2,2,0,-7.971270,0.000000,-2.107915,4.196702,-1.099078,-58.194595,610.056580_-201.084869i,475.114685_-432.284851i,0,1,0,0.00
1386832947,2,2,2,0,-7.971270,0.000000,-2.107915,4.196702,-1.099078,-58.194595,610.056580_-201.084869i,475.114685_-432.284851i,0,1,0,0.00
1386832948,2,2,2,0,-7.971270,0.000000,-2.107915,4.196702,-1.099078,-58.194595,610.056580_-201.084869i,475.114685_-432.284851i,0,1,0,0.00
1386832948,2,2,2,0,-7.971270,0.000000,-2.107915,4.196702,-1.099078,-58.194595,610.056580_-201.084869i,475.114685_-432.284851i,0,1,0,0.00
1386832948,2,2,2,0,-7.971270,0.000000,-2.107915,4.196702,-1.099078,-58.194595,610.056580_-201.084869i,475.114685_-432.284851i,0,1,0,0.00
1386832949,2,2,2,0,-7.971270,0.000000,-2.107915,4.196702,-1.099078,-58.194595,610.056580_-201.084869i,475.114685_-432.284851i,0,1,0,0.00
1386832949,2,2,2,0,-7.971270,0.000000,-2.107915,4.196702,-1.099078,-58.194595,610.056580_-201.084869i,475.114685_-432.284851i,0,1,0,0.00
1386832949,2,2,2,0,-7.971270,0.000000,-2.107915,4.196702,-1.099078,-58.194595,610.056580_-201.084869i,475.114685_-432.284851i,0,1,0,0.00
1386832949,2,2,2,0,-7.971270,0.000000,-2.107915,4.196702,-1.099078,-58.194595,610.056580_-201.084869i,475.114685_-432.284851i,0,1,0,0.00
1386832950,2,2,2,0,-7.971270,0.000000,-2.107915,4.196702,-1.099078,-58.194595,610.056580_-201.084869i,475.114685_-432.284851i,0,1,0,0.00
1386832950,2,2,2,0,-7.971270,0.000000,-2.107915,4.196702,-1.099078,-58.194595,610.056580_-201.084869i,475.114685_-432.284851i,0,1,0,0.00
1386832950,2,2,2,0,-7.971270,0.000000,-2.107915,4.196702,-1.099078,-58.194595,610.056580_-201.084869i,475.114685_-432.284851i,0,1,0,0.00
1386832950,2,2,2,0,-7.971270,0.000000,-2.107915,4.196702,-1.099078,-58.194595,610.056580_-201.084869i,475.114685_-432.284851i,0,1,0,0.00
1386832951,2,2,2,0,-7.971270,0.000000,-2.107915,4.196702,-1.099078,-58.194595,610.056580_-201.084869i,475.114685_-432.284851i,0,1,0,0.00
1386832951,2,2,2,0,-7.971270,0.000000,-2.107915,4.196702,-1.099078,-58.194595,610.056580_-201.084869i,475.114685_-432.284851i,0,1,0,0.00
1386832951,2,2,2,0,-7.971270,0.000000,-2.107915,4.196702,-1.099078,-58.194595,610.056580_-201.084869i,475.114685_-432.284851i,0,1,0,0.00
1386832951,2,2,2,0,-7.971270,0.000000,-2.107915,4.196702,-1.099078,-58.194595,610.056580_-201.084869i,475.114685_-432.284851i,0,1,0,0.00
1386832952,2,2,2,0,-7.971270,0.000000,-2.107915,4.196702,-1.099078,-58.194595,610.056580_-201.084869i,475.114685_-432.284851i,0,1,0,0.00
1386832952,2,2,2,0,-7.971270,0.000000,-2.107915,4.196702,-1.099078,-58.194595,610.056580_-201.084869i,475.114685_-432.284851i,0,1,0,0.00
1386832952,2,2,2,0,-7.971270,0.000000,-2.107915,4.196702,-1.099078,-58.194595,610.056580_-201.084869i,475.114685_-432.284851i,0,1,0,0.00
1386832952,2,2,2,0,-7.971270,0.000000,-2.107915,4.196702,-1.099078,-58.194595,610.056580_-201.084869i,475.114685_-432.284851i,0,1,0,0.00
1386832953,2,2,2,0,-7.971270,0.000000,-2.107915,4.196702,-1.099078,-58.194595,610.056580_-201.084869i,475.114685_-432.284851i,0,1,0,0.00
1386832953,2,2,2,0,-7.971270,0.000000,-2.107915,4.196702,-1.099078,-58.194595,610.056580_-201.084869i,475.114685_-432.284851i,0,1,0,0.00
1386832953,2,2,2,0,-7.971270,0.000000,-2.107915,4.196702,-1.099078,-58.194595,610.056580_-201.084869i,475.114685_-432.284851i,0,1,0,0.00
1386832953,2,2,2,0,-7.971270,0.000000,-2.107915,4.196702,-1.099078,-58.194595,610.056580_-201.084869i,475.114685_-432.284851i,0,1,0,0.00
1386832954,2,2,2,0,-7.971270,0.000000,-2.107915,4.196702,-1.099078,-58.194595,610.056580_-201.084869i,475.114685_-432.284851i,0,1,0,0.00
1386832954,2,2,2,0,-7.971270,0.000000,-2.107915,4.196702,-1.099078,-58.194595,610.056580_-201.084869i,475.114685_-432.284851i,0,1,0,0.00
1386832954,2,2,2,0,-7.971270,0.000000,-2.107915,4.196702,-1.099078,-58.194595,610.056580_-201.084869i,475.114685_-432.284851i,0,1,0,0.00
1386832954,2,2,2,0,-7.971270,0.000000,-2.107915,4.196702,-1.099078,-58.194595,610.056580_-201.084869i,475.114685_-432.284851i,0,1,0,0.00
1386832955,2,2,2,0,-7.971270,0.000000,-2.107915,4.196702,-1.099078,-58.194595,610.056580_-201.084869i,475.114685_-432.284851i,0,1,0,0.00
1386832955,2,2,2,0,-7.971270,0.000000,-2.107915,4.196702,-1.099078,-58.194595,610.056580_-201.084869i,475.114685_-432.284851i,0,1,0,0.00
1386832955,2,2,2,0,-7.971270,0.000000,-2.107915,4.196702,-1.099078,-58.194595,610.056580_-201.084869i,475.114685_-432.284851i,0,1,0,0.00
1386832955,2,2,2,0,-7.971270,0.000000,-2.107915,4.196702,-1.099078,-58.194595,610.056580_-201.084869i,475.114685_-432.284851i,0,1,0,0.00
1386832956,2,2,2,0,-7.971270,0.000000,-2.107915,4.196702,-1.099078,-58.194595,610.056580_-201.084869i,475.114685_-432.284851i,0,1,0,0.00
1386832956,2,2,2,0,-7.971270,0.000000,-2.107915,4.196702,-1.099078,-58.194595,610.056580_-201.084869i,475.114685_-432.284851i,0,1,0,0.00
1386832956,2,2,2,0,-7.971270,0.000000,-2.107915,4.196702,-1.099078,-58.194595,610.056580_-201.084869i,475.114685_-432.284851i,0,1,0,0.00
1386832956,2,2,2,0,-7.971270,0.000000,-2.107915,4.196702,-1.099078,-58.194595,610.056580_-201.084869i,475.114685_-432.284851i,0,1,0,0.00
1386832957,2,2,2,0,-7.971270,0.000000,-2.107915,4.196702,-1.099078,-58.194595,610.056580_-201.084869i,475.114685_-432.284851i,0,1,0,0.00
1386832957,2,2,2,0,-7.971270,0.000000,-2.107915,4.196702,-1.099078,-58.194595,610.056580_-201.084869i,475.114685_-432.284851i,0,1,0,0.00
1386832957,2,2,2,0,-7.971270,0.000000,-2.107915,4.196702,-1.099078,-58.194595,610.056580_-201.084869i,475.114685_-432.284851i,0,1,0,0.00
1386832957,2,2,2,0,-7.971270,0.000000,-2.107915,4.196702,-1.099078,-58.194595,610.056580_-201.084869i,475.114685_-432.284851i,0,1,0,0.00
1386832958,2,2,2,0,-7.971270,0.000000,-2.107915,4.196702,-1.099078,-58.194595,610.056580_-201.084869i,475.114685_-432.284851i,0,1,0,0.00
1386832958,2,2,2,0,-7.971270,0.000000,-2.107915,4.196702,-1.099078,-58.194595,610.056580_-201.084869i,475.114685_-432.284851i,0,1,0,0.00
1386832958,2,2,2,0,-7.971270,0.000000,-2.107915,4.196702,-1.099078,-58.194595,610.056580_-201.084869i,475.114685_-432.284851i,0,1,0,0.00
1386832958,2,2,2,0,-7.971270,0.000000,-2.107915,4.196702,-1.099078,-58.194595,610.056580_-201.084869i,475.114685_-432.284851i,0,1,0,0.00
1386832959,2,2,2,0,-7.971270,0.000000,-2.107915,4.196702,-1.099078,-58.194595,610.056580_-201.084869i,475.114685_-432.284851i,0,1,0,0.00
1386832959,2,2,2,0,-7.971270,0.000000,-2.107915,4.196702,-1.099078,-58.194595,610.056580_-201.084869i,475.114685_-432.284851i,0,1,0,0.00
1386832959,2,2,2,0,-7.971270,0.000000,-2.107915,4.196702,-1.099078,-58.194595,610.056580_-201.084869i,475.114685_-432.284851i,0,1,0,0.00
1386832959,2,2,2,0,-7.971270,0.000000,-2.107915,4.196702,-1.099078,-58.194595,610.056580_-201.084869i,475.114685_-432.284851i,0,1,0,0.00
1386832960,2,2,2,0,-7.971270,0.000000,-2.107915,4.196702,-1.099078,-58.194595,610.056580_-201.084869i,475.114685_-432.284851i,0,1,0,0.00
1386832960,2,2,2,0,-7.971270,0.000000,-2.107915,4.196702,-1.099078,-58.194595,610.056580_-201.084869i,475.114685_-432.284851i,0,1,0,0.00
1386832960,2,2,2,0,-7.971270,0.000000,-2.107915,4.196702,-1.099078,-58.194595,610.056580_-201.084869i,475.114685_-432.284851i,0,1,0,0.00
1386832960,2,2,2,0,-7.971270,0.000000,-2.107915,4.196702,-1.099078,-58.194595,610.056580_-201.084869i,475.114685_-432.284851i,0,1,0,0.00
1386832961,2,2,2,0,-7.971270,0.000000,-2.107915,4.196702,-1.099078,-58.194595,610.056580_-201.084869i,475.114685_-432.284851i,0,1,0,0.00
1386832961,2,2,2,0,-7.971270,0.000000,-2.107915,4.196702,-1.099078,-58.194595,610.056580_-201.084869i,475.114685_-432.284851i,0,1,0,0.00
1386832961,2,2,2,0,-7.971270,0.000000,-2.107915,4.196702,-1.099078,-58.194595,610.056580_-201.084869i,475.114685_-432.284851i,0,1,0,0.00
1386832961,2,2,2,0,-7.971270,0.000000,-2.107915,4.196702,-1.099078,-58.194595,610.056580_-201.084869i,475.114685_-432.284851i,0,1,0,0.00
1386832962,2,2,2,0,-7.971270,0.000000,-2.107915,4.196702,-1.099078,-58.194595,610.056580_-201.084869i,475.114685_-432.284851i,0,1,0,0.00
1386832962,2,2,2,0,-7.971270,0.000000,-2.107915,4.196702,-1.099078,-58.194595,610.056580_-201.084869i,475.114685_-432.284851i,0,1,0,0.00
1386832962,2,2,2,0,-7.971270,0.000000,-2.107915,4.196702,-1.099078,-58.194595,610.056580_-201.084869i,475.114685_-432.284851i,0,1,0,0.00
1386832962,2,2,2,0,-7.971270,0.000000,-2.107915,4.196702,-1.099078,-58.194595,610.056580_-201.084869i,475.114685_-432.284851i,0,1,0,0.00
1386832963,2,2,2,0,-7.971270,0.000000,-2.107915,4.196702,-1.099078,-58.194595,610.056580_-201.084869i,475.114685_-432.284851i,0,1,0,0.00
1386832963,2,2,2,0,-7.971270,0.000000,-2.107915,4.196702,-1.099078,-58.194595,610.056580_-201.084869i,475.114685_-432.284851i,0,1,0,0.00
1386832963,2,2,2,0,-7.971270,0.000000,-2.107915,4.196702,-1.099078,-58.194595,610.056580_-201.084869i,475.114685_-432.284851i,0,1,0,0.00
1386832963,2,2,2,0,-7.971270,0.000000,-2.107915,4.196702,-1.099078,-58.194595,610.056580_-201.084869i,475.114685_-432.284851i,0,1,0,0.00
1386832964,2,2,2,0,-7.971270,0.000000,-2.107915,4.196702,-1.099078,-58.194595,610.056580_-201.084869i,475.114685_-432.284851i,0,1,0,0.00
1386832964,2,2,2,0,-7.971270,0.000000,-2.107915,4.196702,-1.099078,-58.194595,610.056580_-201.084869i,475.114685_-432.284851i,0,1,0,0.00
1386832964,2,2,2,0,-7.971270,0.000000,-2.107915,4.196702,-1.099078,-58.194595,610.056580_-201.084869i,475.114685_-432.284851i,0,1,0,0.00
1386832964,2,2,2,0,-7.971270,0.000000,-2.107915,4.196702,-1.099078,-58.194595,610.056580_-201.084869i,475.114685_-432.284851i,0,1,0,0.00
1386832965,2,2,2,0,-7.971270,0.000000,-2.107915,4.196702,-1.099078,-58.194595,610.056580_-201.084869i,475.114685_-432.284851i,0,1,0,0.00
1386832965,2,2,2,0,-7.971270,0.000000,-2.107915,4.196702,-1.099078,-58.194595,610.056580_-201.084869i,475.114685_-432.284851i,0,1,0,0.00
1386832965,2,2,2,0,-7.971270,0.000000,-2.107915,4.196702,-1.099078,-58.194595,610.056580_-201.084869i,475.114685_-432.284851i,0,1,0,0.00
1386832965,2,2,2,0,-7.971270,0.000000,-2.107915,4.196702,-1.099078,-58.194595,610.056580_-201.084869i,475.114685_-432.284851i,0,1,0,0.00
1386832966,2,2,2,0,-7.971270,0.000000,-2.107915,4.196702,-1.099078,-58.194595,610.056580_-201.084869i,475.114685_-432.284851i,0,1,0,0.00
1386832966,2,2,2,0,-7.971270,0.000000,-2.107915,4.196702,-1.099078,-58.194595,610.056580_-201.084869i,475.114685_-432.284851i,0,1,0,0.00
1386832966,2,2,2,0,-7.971270,0.000000,-2.107915,4.196702,-1.099078,-58.194595,610.056580_-201.084869i,475.114685_-432.284851i,0,1,0,0.00
1386832966,2,2,2,0,-7.971270,0.000000,-2.107915,4.196702,-1.099078,-58.194595,610.056580_-201.084869i,475.114685_-432.284851i,0,1,0,0.00
1386832967,2,2,2,0,-7.971270,0.000000,-2.107915,4.196702,-1.099078,-58.194595,610.056580_-201.084869i,475.114685_-432.284851i,0,1,0,0.00
1386832967,2,2,2,0,-7.971270,0.000000,-2.107915,4.196702,-1.099078,-58.194595,610.056580_-201.084869i,475.114685_-432.284851i,0,1,0,0.00
1386832967,2,2,2,0,-7.971270,0.000000,-2.107915,4.196702,-1.099078,-58.194595,610.056580_-201.084869i,475.114685_-432.284851i,0,1,0,0.00
1386832967,2,2,2,0,-7.971270,0.000000,-2.107915,4.196702,-1.099078,-58.194595,610.056580_-201.084869i,475.114685_-432.284851i,0,1,0,0.00
1386832968,2,2,2,0,-7.971270,0.000000,-2.107915,4.196702,-1.099078,-58.194595,610.056580_-201.084869i,475.114685_-432.284851i,0,1,0,0.00
1386832968,2,2,2,0,-7.971270,0.000000,-2.107915,4.196702,-1.099078,-58.194595,610.056580_-201.084869i,475.114685_-432.284851i,0,1,0,0.00
1386832968,2,2,2,0,-7.971270,0.000000,-2.107915,4.196702,-1.099078,-58.194595,610.056580_-201.084869i,475.114685_-432.284851i,0,1,0,0.00
1386832968,2,2,2,0,-7.971270,0.000000,-2.107915,4.196702,-1.099078,-58.194595,610.056580_-201.084869i,475.114685_-432.284851i,0,1,0,0.00
1386832969,2,2,2,0,-7.971270,0.000000,-2.107915,4.196702,-1.099078,-58.194595,610.056580_-201.084869i,475.114685_-432.284851i,0,1,0,0.00
1386832969,2,2,2,0,-7.971270,0.000000,-2.107915,4.196702,-1.099078,-58.194595,610.056580_-201.084869i,475.114685_-432.284851i,0,1,0,0.00
1386832969,2,2,2,0,-7.971270,0.000000,-2.107915,4.196702,-1.099078,-58.194595,610.056580_-201.084869i,475.114685_-432.284851i,0,1,0,0.00
1386832969,2,2,2,0,-7.971270,0.000000,-2.107915,4.196702,-1.099078,-58.194595,610.056580_-201.084869i,475.114685_-432.284851i,0,1,0,0.00
1386832970,2,2,2,0,-7.971270,0.000000,-2.107915,4.196702,-1.099078,-58.194595,610.056580_-201.084869i,475.114685_-432.284851i,0,1,0,0.00
1386832970,2,2,2,0,-7.971270,0.000000,-2.107915,4.196702,-1.099078,-58.194595,610.056580_-201.084869i,475.114685_-432.284851i,0,1,0,0.00
1386832970,2,2,2,0,-7.971270,0.000000,-2.107915,4.196702,-1.099078,-58.194595,610.056580_-201.084869i,475.114685_-432.284851i,0,1,0,0.00
1386832970,2,2,2,0,-7.971270,0.000000,-2.107915,4.196702,-1.099078,-58.194595,610.056580_-201.084869i,475.114685_-432.284851i,0,1,0,0.00
1386832971,2,2,2,0,-7.971270,0.000000,-2.107915,4.196702,-1.099078,-58.194595,610.056580_-201.084869i,475.114685_-432.284851i,0,1,0,0.00
1386832971,2,2,2,0,-7.971270,0.000000,-2.107915,4.196702,-1.099078,-58.194595,610.056580_-201.084869i,475.114685_-432.284851i,0,1,0,0.00
1386832971,2,2,2,0,-7.971270,0.000000,-2.107915,4.196702,-1.099078,-58.194595,610.056580_-201.084869i,475.114685_-432.284851i,0,1,0,0.00
1386832971,2,2,2,0,-7.971270,0.000000,-2.107915,4.196702,-1.099078,-58.194595,610.056580_-201.084869i,475.114685_-432.284851i,0,1,0,0.00
1386832972,2,2,2,0,-7.971270,0.000000,-2.107915,4.196702,-1.099078,-58.194595,610.056580_-201.084869i,475.114685_-432.284851i,0,1,0,0.00
1386832972,2,2,2,0,-7.971270,0.000000,-2.107915,4.196702,-1.099078,-58.194595,610.056580_-201.084869i,475.114685_-432.284851i,0,1,0,0.00
1386832972,2,2,2,0,-7.971270,0.000000,-2.107915,4.196702,-1.099078,-58.194595,610.056580_-201.084869i,475.114685_-432.284851i,0,1,0,0.00
1386832972,2,2,2,0,-7.971270,0.000000,-2.107915,4.196702,-1.099078,-58.194595,610.056580_-201.084869i,475.114685_-432.284851i,0,1,0,0.00
1386832973,2,2,2,0,-7.971270,0.000000,-2.107915,4.196702,-1.099078,-58.194595,610.056580_-201.084869i,475.114685_-432.284851i,0,1,0,0.00
1386832973,2,2,2,0,-7.971270,0.000000,-2.107915,4.196702,-1.099078,-58.194595,610.056580_-201.084869i,475.114685_-432.284851i,0,1,0,0.00
1386832973,2,2,2,0,-7.971270,0.000000,-2.107915,4.196702,-1.099078,-58.194595,610.056580_-201.084869i,475.114685_-432.284851i,0,1,0,0.00
1386832973,2,2,2,0,-7.971270,0.000000,-2.107915,4.196702,-1.099078,-58.194595,610.056580_-201.084869i,475.114685_-432.284851i,0,1,0,0.00
1386832974,2,2,2,0,-7.971270,0.000000,-2.107915,4.196702,-1.099078,-58.194595,610.056580_-201.084869i,475.114685_-432.284851i,0,1,0,0.00
1386832974,2,2,2,0,-7.971270,0.000000,-2.107915,4.196702,-1.099078,-58.194595,610.056580_-201.084869i,475.114685_-432.284851i,0,1,0,0.00
1386832974,2,2,2,0,-7.971270,0.000000,-2.107915,4.196702,-1.099078,-58.194595,610.056580_-201.084869i,475.114685_-432.284851i,0,1,0,0.00
1386832974,2,2,2,0,-7.971270,0.000000,-2.107915,4.196702,-1.099078,-58.194595,610.056580_-201.084869i,475.114685_-432.284851i,0,1,0,0.00
1386832975,2,2,2,0,-7.971270,0.000000,-2.107915,4.196702,-1.099078,-58.194595,610.056580_-201.084869i,475.114685_-432.284851i,0,1,0,0.00
1386832975,2,2,2,0,-7.971270,0.000000,-2.107915,4.196702,-1.099078,-58.194595,610.056580_-201.084869i,475.114685_-432.284851i,0,1,0,0.00
1386832975,2,2,2,0,-7.971270,0.000000,-2.107915,4.196702,-1.099078,-58.194595,610.056580_-201.084869i,475.114685_-432.284851i,0,1,0,0.00
1386832975,2,2,2,0,-7.971270,0.000000,-2.107915,4.196702,-1.099078,-58.194595,610.056580_-201.084869i,475.114685_-432.284851i,0,1,0,0.00
1386832976,2,2,2,0,-7.971270,0.000000,-2.107915,4.196702,-1.099078,-58.194595,610.056580_-201.084869i,475.114685_-432.284851i,0,1,0,0.00
1386832976,2,2,2,0,-7.971270,0.000000,-2.107915,4.196702,-1.099078,-58.194595,610.056580_-201.084869i,475.114685_-432.284851i,0,1,0,0.00
1386832976,2,2,2,0,-7.971270,0.000000,-2.107915,4.196702,-1.099078,-58.194595,610.056580_-201.084869i,475.114685_-432.284851i,0,1,0,0.00
1386832976,2,2,2,0,-7.971270,0.000000,-2.107915,4.196702,-1.099078,-58.194595,610.056580_-201.084869i,475.114685_-432.284851i,0,1,0,0.00
1386832977,2,2,2,0,-7.971270,0.000000,-2.107915,4.196702,-1.099078,-58.194595,610.056580_-201.084869i,475.114685_-432.284851i,0,1,0,0.00
1386832977,2,2,2,0,-7.971270,0.000000,-2.107915,4.196702,-1.099078,-58.194595,610.056580_-201.084869i,475.114685_-432.284851i,0,1,0,0.00
1386832977,2,2,2,0,-7.971270,0.000000,-2.107915,4.196702,-1.099078,-58.194595,610.056580_-201.084869i,475.114685_-432.284851i,0,1,0,0.00
1386832977,2,2,2,0,-7.971270,0.000000,-2.107915,4.196702,-1.099078,-58.194595,610.056580_-201.084869i,475.114685_-432.284851i,0,1,0,0.00
1386832978,2,2,2,0,-7.971270,0.000000,-2.107915,4.196702,-1.099078,-58.194595,610.056580_-201.084869i,475.114685_-432.284851i,0,1,0,0.00
1386832978,2,2,2,0,-7.971270,0.000000,-2.107915,4.196702,-1.099078,-58.194595,610.056580_-201.084869i,475.114685_-432.284851i,0,1,0,0.00
1386832978,2,2,2,0,-7.971270,0.000000,-2.107915,4.196702,-1.099078,-58.194595,610.056580_-201.084869i,475.114685_-432.284851i,0,1,0,0.00
1386832978,2,2,2,0,-7.971270,0.000000,-2.107915,4.196702,-1.099078,-58.194595,610.056580_-201.084869i,475.114685_-432.284851i,0,1,0,0.00
1386832979,2,2,2,0,-7.971270,0.000000,-2.107915,4.196702,-1.099078,-58.194595,610.056580_-201.084869i,475.114685_-432.284851i,0,1,0,0.00
1386832979,2,2,2,0,-7.971270,0.000000,-2.107915,4.196702,-1.099078,-58.194595,610.056580_-201.084869i,475.114685_-432.284851i,0,1,0,0.00
1386832979,2,2,2,0,-7.971270,0.000000,-2.107915,4.196702,-1.099078,-58.194595,610.056580_-201.084869i,475.114685_-432.284851i,0,1,0,0.00
1386832979,2,2,2,0,-7.971270,0.000000,-2.107915,4.196702,-1.099078,-58.194595,610.056580_-201.084869i,475.114685_-432.284851i,0,1,0,0.00
1386832980,2,2,2,0,-7.971270,0.000000,-2.107915,4.196702,-1.099078,-58.194595,610.056580_-201.084869i,475.114685_-432.284851i,0,1,0,0.00
1386832980,2,2,2,0,-7.971270,0.000000,-2.107915,4.196702,-1.099078,-58.194595,610.056580_-201.084869i,475.114685_-432.284851i,0,1,0,0.00
1386832980,2,2,2,0,-7.971270,0.000000,-2.107915,4.196702,-1.099078,-58.194595,610.056580_-201.084869i,475.114685_-432.284851i,0,1,0,0.00
1386832980,2,2,2,0,-7.971270,0.000000,-2.107915,4.196702,-1.099078,-58.194595,610.056580_-201.084869i,475.114685_-432.284851i,0,1,0,0.00
1386832981,2,2,2,0,-7.971270,0.000000,-2.107915,4.196702,-1.099078,-58.194595,610.056580_-201.084869i,475.114685_-432.284851i,0,1,0,0.00
1386832981,2,2,2,0,-7.971270,0.000000,-2.107915,4.196702,-1.099078,-58.194595,610.056580_-201.084869i,475.114685_-432.284851i,0,1,0,0.00
1386832981,2,2,2,0,-7.971270,0.000000,-2.107915,4.196702,-1.099078,-58.194595,610.056580_-201.084869i,475.114685_-432.284851i,0,1,0,0.00
1386832981,2,2,2,0,-7.971270,0.000000,-2.107915,4.196702,-1.099078,-58.194595,610.056580_-201.084869i,475.114685_-432.284851i,0,1,0,0.00
