MCU_timestamp,sig1,sig2,sig3,fa_debug,theta_d1,theta_d,theta_d1_b,theta_b,a_x,b_x,X_b,X_T_b,sail_hc_periods,sail_hc_direction,sail_hc_val,sail_hc_MEAN_V
1386942026,0,0,0,0,0.000000,0.000000,0.000000,0.000000,0.000000,0.000000,0.000000_0.000000i,0.000000_0.000000i,0,1,0,0.00
1386942026,0,0,0,0,0.000000,0.000000,0.000000,0.000000,0.000000,0.000000,0.000000_0.000000i,0.000000_0.000000i,0,1,0,0.00
1386942027,0,0,0,0,0.000000,0.000000,0.000000,0.000000,0.000000,0.000000,0.000000_0.000000i,0.000000_0.000000i,0,1,0,0.00
1386942027,0,0,0,0,0.000000,0.000000,0.000000,0.000000,0.000000,0.000000,0.000000_0.000000i,0.000000_0.000000i,0,1,0,0.00
1386942027,0,0,0,0,0.000000,0.000000,0.000000,0.000000,0.000000,0.000000,0.000000_0.000000i,0.000000_0.000000i,0,1,0,0.00
1386942027,0,0,0,0,0.000000,0.000000,0.000000,0.000000,0.000000,0.000000,0.000000_0.000000i,0.000000_0.000000i,0,1,0,0.00
1386942028,0,0,0,0,0.000000,0.000000,0.000000,0.000000,0.000000,0.000000,0.000000_0.000000i,0.000000_0.000000i,0,1,0,0.00
1386942028,0,0,0,0,0.000000,0.000000,0.000000,0.000000,0.000000,0.000000,0.000000_0.000000i,0.000000_0.000000i,0,1,0,0.00
1386942028,0,0,0,0,0.000000,0.000000,0.000000,0.000000,0.000000,0.000000,0.000000_0.000000i,0.000000_0.000000i,0,1,0,0.00
1386942028,0,0,0,0,0.000000,0.000000,0.000000,0.000000,0.000000,0.000000,0.000000_0.000000i,0.000000_0.000000i,0,1,0,0.00
1386942029,0,0,0,0,0.000000,0.000000,0.000000,0.000000,0.000000,0.000000,0.000000_0.000000i,0.000000_0.000000i,0,1,0,0.00
1386942029,0,0,0,0,0.000000,0.000000,0.000000,0.000000,0.000000,0.000000,0.000000_0.000000i,0.000000_0.000000i,0,1,0,0.00
1386942029,0,0,0,0,0.000000,0.000000,0.000000,0.000000,0.000000,0.000000,0.000000_0.000000i,0.000000_0.000000i,0,1,0,0.00
1386942029,0,0,0,0,0.000000,0.000000,0.000000,0.000000,0.000000,0.000000,0.000000_0.000000i,0.000000_0.000000i,0,1,0,0.00
1386942030,0,0,0,0,0.000000,0.000000,0.000000,0.000000,0.000000,0.000000,0.000000_0.000000i,0.000000_0.000000i,0,1,0,0.00
1386942030,0,0,0,0,0.000000,0.000000,0.000000,0.000000,0.000000,0.000000,0.000000_0.000000i,0.000000_0.000000i,0,1,0,0.00
1386942030,0,0,0,0,0.000000,0.000000,0.000000,0.000000,0.000000,0.000000,0.000000_0.000000i,0.000000_0.000000i,0,1,0,0.00
1386942030,0,0,0,0,0.000000,0.000000,0.000000,0.000000,0.000000,0.000000,0.000000_0.000000i,0.000000_0.000000i,0,1,0,0.00
1386942031,0,0,0,0,0.000000,0.000000,0.000000,0.000000,0.000000,0.000000,0.000000_0.000000i,0.000000_0.000000i,0,1,0,0.00
1386942031,0,0,0,0,0.000000,0.000000,0.000000,0.000000,0.000000,0.000000,0.000000_0.000000i,0.000000_0.000000i,0,1,0,0.00
1386942031,0,0,0,0,0.000000,0.000000,0.000000,0.000000,0.000000,0.000000,0.000000_0.000000i,0.000000_0.000000i,0,1,0,0.00
1386942031,0,0,0,0,0.000000,0.000000,0.000000,0.000000,0.000000,0.000000,0.000000_0.000000i,0.000000_0.000000i,0,1,0,0.00
1386942032,1,2,2,7353,2.128385,0.000000,3.001049,-0.807950,-7.068331,713.871948,-50.843140_81.532310i,-95.138710_13.459854i,0,1,0,0.00
1386942032,2,2,2,7353,2.128385,0.000000,3.001049,-0.873109,-7.068331,713.871948,-50.843140_81.532310i,-95.138710_13.459854i,0,1,0,0.00
1386942032,2,2,2,7353,2.128385,0.000000,3.001049,-0.919651,-7.068331,713.871948,-50.843140_81.532310i,-95.138710_13.459854i,0,1,0,0.00
1386942032,2,2,2,7353,2.128385,0.000000,3.001049,-0.952231,-7.068331,713.871948,-50.843140_81.532310i,-95.138710_13.459854i,0,1,0,0.00
1386942033,2,2,2,7353,2.128385,0.000000,3.001049,-0.975502,-7.068331,713.871948,-50.843140_81.532310i,-95.138710_13.459854i,0,1,0,0.00
1386942033,2,2,2,7353,2.128385,0.000000,3.001049,-0.994119,-7.068331,713.871948,-50.843140_81.532310i,-95.138710_13.459854i,0,1,0,0.00
1386942033,2,2,2,7353,2.128385,0.000000,3.001049,-1.008082,-7.068331,713.871948,-50.843140_81.532310i,-95.138710_13.459854i,0,1,0,0.00
1386942033,2,2,2,7353,2.128385,0.000000,3.001049,-1.017390,-7.068331,713.871948,-50.843140_81.532310i,-95.138710_13.459854i,0,1,0,0.00
1386942034,2,2,2,7353,2.128385,0.000000,3.001049,-1.026698,-7.068331,713.871948,-50.843140_81.532310i,-95.138710_13.459854i,0,1,0,0.00
1386942034,2,2,2,7353,2.128385,0.000000,3.001049,-1.031353,-7.068331,713.871948,-50.843140_81.532310i,-95.138710_13.459854i,0,1,0,0.00
1386942034,2,2,2,7353,2.128385,0.000000,3.001049,-1.036007,-7.068331,713.871948,-50.843140_81.532310i,-95.138710_13.459854i,0,1,0,0.00
1386942034,2,2,2,7353,2.128385,0.000000,3.001049,-1.040661,-7.068331,713.871948,-50.843140_81.532310i,-95.138710_13.459854i,0,1,0,0.00
1386942035,2,2,2,7353,2.128385,0.000000,3.001049,-1.040661,-7.068331,713.871948,-50.843140_81.532310i,-95.138710_13.459854i,0,1,0,0.00
1386942035,2,2,2,7353,2.128385,0.000000,3.001049,-1.040661,-7.068331,713.871948,-50.843140_81.532310i,-95.138710_13.459854i,0,1,0,0.00
1386942035,2,2,2,7353,2.128385,0.000000,3.001049,-1.040661,-7.068331,713.871948,-50.843140_81.532310i,-95.138710_13.459854i,0,1,0,0.00
1386942035,2,2,2,7353,2.128385,0.000000,3.001049,-1.040661,-7.068331,713.871948,-50.843140_81.532310i,-95.138710_13.459854i,0,1,0,0.00
1386942036,2,2,2,7353,2.128385,0.000000,3.001049,-1.040661,-7.068331,713.871948,-50.843140_81.532310i,-95.138710_13.459854i,0,1,0,0.00
1386942036,2,2,2,7353,2.128385,0.000000,3.001049,-1.040661,-7.068331,713.871948,-50.843140_81.532310i,-95.138710_13.459854i,0,1,0,0.00
1386942036,2,2,2,7353,2.128385,0.000000,3.001049,-1.040661,-7.068331,713.871948,-50.843140_81.532310i,-95.138710_13.459854i,0,1,0,0.00
1386942036,2,2,2,7353,2.128385,0.000000,3.001049,-1.040661,-7.068331,713.871948,-50.843140_81.532310i,-95.138710_13.459854i,0,1,0,0.00
1386942037,2,2,2,7353,2.128385,0.000000,3.001049,-1.040661,-7.068331,713.871948,-50.843140_81.532310i,-95.138710_13.459854i,0,1,0,0.00
1386942037,2,2,2,7353,2.128385,0.000000,3.001049,-1.203558,-7.068331,713.871948,-50.843140_81.532310i,-95.138710_13.459854i,0,1,0,0.00
1386942037,2,2,2,7353,2.128385,0.000000,3.001049,-1.366456,-7.068331,713.871948,-50.843140_81.532310i,-95.138710_13.459854i,0,1,0,0.00
1386942037,2,2,2,7353,2.128385,0.000000,3.001049,-1.529353,-7.068331,713.871948,-50.843140_81.532310i,-95.138710_13.459854i,0,1,0,0.00
1386942038,2,2,2,7353,2.128385,0.000000,3.001049,-1.678288,-7.068331,713.871948,-50.843140_81.532310i,-95.138710_13.459854i,0,1,0,0.00
1386942038,2,2,2,7353,2.128385,0.000000,3.001049,-1.789989,-7.068331,713.871948,-50.843140_81.532310i,-95.138710_13.459854i,0,1,0,0.00
1386942038,2,2,2,7353,2.128385,0.000000,3.001049,-1.869110,-7.068331,713.871948,-50.843140_81.532310i,-95.138710_13.459854i,0,1,0,0.00
1386942038,2,2,2,7353,2.128385,0.000000,3.001049,-1.929615,-7.068331,713.871948,-50.843140_81.532310i,-95.138710_13.459854i,0,1,0,0.00
1386942039,2,2,2,7353,2.128385,0.000000,3.001049,-1.971503,-7.068331,713.871948,-50.843140_81.532310i,-95.138710_13.459854i,0,1,0,0.00
1386942039,2,2,2,7353,2.128385,0.000000,3.001049,-2.004083,-7.068331,713.871948,-50.843140_81.532310i,-95.138710_13.459854i,0,1,0,0.00
1386942039,2,2,2,7353,2.128385,0.000000,3.001049,-2.027354,-7.068331,713.871948,-50.843140_81.532310i,-95.138710_13.459854i,0,1,0,0.00
1386942039,2,2,2,7353,2.128385,0.000000,3.001049,-2.045971,-7.068331,713.871948,-50.843140_81.532310i,-95.138710_13.459854i,0,1,0,0.00
1386942040,2,2,2,7353,2.128385,0.000000,3.001049,-2.059933,-7.068331,713.871948,-50.843140_81.532310i,-95.138710_13.459854i,0,1,0,0.00
1386942040,2,2,2,7353,2.128385,0.000000,3.001049,-2.069242,-7.068331,713.871948,-50.843140_81.532310i,-95.138710_13.459854i,0,1,0,0.00
1386942040,2,2,2,7353,2.128385,0.000000,3.001049,-2.073895,-7.068331,713.871948,-50.843140_81.532310i,-95.138710_13.459854i,0,1,0,0.00
1386942040,2,2,2,7353,2.128385,0.000000,3.001049,-2.078550,-7.068331,713.871948,-50.843140_81.532310i,-95.138710_13.459854i,0,1,0,0.00
1386942041,2,2,2,7353,2.128385,0.000000,3.001049,-2.083204,-7.068331,713.871948,-50.843140_81.532310i,-95.138710_13.459854i,0,1,0,0.00
1386942041,2,2,2,7353,2.128385,0.000000,3.001049,-2.087858,-7.068331,713.871948,-50.843140_81.532310i,-95.138710_13.459854i,0,1,0,0.00
1386942041,2,2,0,7353,2.128385,0.000000,3.001049,-2.087858,-7.068331,713.871948,-50.843140_81.532310i,-95.138710_13.459854i,0,1,0,0.00
1386942041,1,0,0,7,1.658063,0.000000,2.530727,-2.250756,-7.068331,161.863983,-50.843140_81.532310i,-95.138710_13.459854i,0,1,0,0.00
1386942042,1,1,1,7353,-0.261799,0.000000,0.610865,-2.413653,-7.068331,158.875351,-50.843140_81.532310i,-95.138710_13.459854i,0,1,0,0.00
1386942042,1,1,1,7353,-0.261799,0.000000,0.610865,-2.329878,-7.068331,158.875351,-50.843140_81.532310i,-95.138710_13.459854i,0,1,0,0.00
1386942042,1,1,1,7353,-0.261799,0.000000,0.610865,-2.269373,-7.068331,158.875351,-50.843140_81.532310i,-95.138710_13.459854i,0,1,0,0.00
1386942042,1,1,1,7353,-0.261799,0.000000,0.610865,-2.222831,-7.068331,158.875351,-50.843140_81.532310i,-95.138710_13.459854i,0,1,0,0.00
1386942043,1,1,1,7353,-0.261799,0.000000,0.610865,-2.190251,-7.068331,158.875351,-50.843140_81.532310i,-95.138710_13.459854i,0,1,0,0.00
1386942043,1,1,1,7353,-0.261799,0.000000,0.610865,-2.166980,-7.068331,158.875351,-50.843140_81.532310i,-95.138710_13.459854i,0,1,0,0.00
1386942043,1,1,1,7353,-0.261799,0.000000,0.610865,-2.148363,-7.068331,158.875351,-50.843140_81.532310i,-95.138710_13.459854i,0,1,0,0.00
1386942043,1,1,1,7353,-0.261799,0.000000,0.610865,-2.134400,-7.068331,158.875351,-50.843140_81.532310i,-95.138710_13.459854i,0,1,0,0.00
1386942044,1,1,1,7353,-0.261799,0.000000,0.610865,-2.125093,-7.068331,158.875351,-50.843140_81.532310i,-95.138710_13.459854i,0,1,0,0.00
1386942044,1,1,1,7353,-0.261799,0.000000,0.610865,-2.115784,-7.068331,158.875351,-50.843140_81.532310i,-95.138710_13.459854i,0,1,0,0.00
1386942044,1,1,1,7353,-0.261799,0.000000,0.610865,-2.111130,-7.068331,158.875351,-50.843140_81.532310i,-95.138710_13.459854i,0,1,0,0.00
1386942044,1,1,1,7353,-0.261799,0.000000,0.610865,-2.106476,-7.068331,158.875351,-50.843140_81.532310i,-95.138710_13.459854i,0,1,0,0.00
1386942045,1,1,1,7353,-0.261799,0.000000,0.610865,-2.101821,-7.068331,158.875351,-50.843140_81.532310i,-95.138710_13.459854i,0,1,0,0.00
1386942045,1,1,1,7353,-0.261799,0.000000,0.610865,-2.101821,-7.068331,158.875351,-50.843140_81.532310i,-95.138710_13.459854i,0,1,0,0.00
1386942045,1,1,1,7353,-0.261799,0.000000,0.610865,-2.101821,-7.068331,158.875351,-50.843140_81.532310i,-95.138710_13.459854i,0,1,0,0.00
1386942045,1,1,1,7353,-0.261799,0.000000,0.610865,-2.101821,-7.068331,158.875351,-50.843140_81.532310i,-95.138710_13.459854i,0,1,0,0.00
1386942046,1,1,1,7353,-0.261799,0.000000,0.610865,-2.101821,-7.068331,158.875351,-50.843140_81.532310i,-95.138710_13.459854i,0,1,0,0.00
1386942046,1,1,1,7353,-0.261799,0.000000,0.610865,-2.101821,-7.068331,158.875351,-50.843140_81.532310i,-95.138710_13.459854i,0,1,0,0.00
1386942046,1,1,1,7353,-0.261799,0.000000,0.610865,-2.101821,-7.068331,158.875351,-50.843140_81.532310i,-95.138710_13.459854i,0,1,0,0.00
1386942046,1,1,1,7353,-0.261799,0.000000,0.610865,-2.101821,-7.068331,158.875351,-50.843140_81.532310i,-95.138710_13.459854i,0,1,0,0.00
1386942047,1,1,1,7353,-0.261799,0.000000,0.610865,-2.101821,-7.068331,158.875351,-50.843140_81.532310i,-95.138710_13.459854i,0,1,0,0.00
1386942047,1,1,1,7353,-0.261799,0.000000,0.610865,-2.101821,-7.068331,158.875351,-50.843140_81.532310i,-95.138710_13.459854i,0,1,0,0.00
1386942047,1,1,1,7353,-0.261799,0.000000,0.610865,-2.101821,-7.068331,158.875351,-50.843140_81.532310i,-95.138710_13.459854i,0,1,0,0.00
1386942047,1,1,1,7353,-0.261799,0.000000,0.610865,-1.938924,-7.068331,158.875351,-50.843140_81.532310i,-95.138710_13.459854i,0,1,0,0.00
1386942048,1,1,1,7353,-0.261799,0.000000,0.610865,-1.776027,-7.068331,158.875351,-50.843140_81.532310i,-95.138710_13.459854i,0,1,0,0.00
1386942048,1,1,1,7353,-0.261799,0.000000,0.610865,-1.613129,-7.068331,158.875351,-50.843140_81.532310i,-95.138710_13.459854i,0,1,0,0.00
1386942048,1,1,1,7353,-0.261799,0.000000,0.610865,-1.464195,-7.068331,158.875351,-50.843140_81.532310i,-95.138710_13.459854i,0,1,0,0.00
1386942048,1,1,1,7353,-0.261799,0.000000,0.610865,-1.352494,-7.068331,158.875351,-50.843140_81.532310i,-95.138710_13.459854i,0,1,0,0.00
1386942049,1,1,1,7353,-0.261799,0.000000,0.610865,-1.273372,-7.068331,158.875351,-50.843140_81.532310i,-95.138710_13.459854i,0,1,0,0.00
1386942049,1,1,1,7353,-0.261799,0.000000,0.610865,-1.212867,-7.068331,158.875351,-50.843140_81.532310i,-95.138710_13.459854i,0,1,0,0.00
1386942049,1,1,1,7353,-0.261799,0.000000,0.610865,-1.170980,-7.068331,158.875351,-50.843140_81.532310i,-95.138710_13.459854i,0,1,0,0.00
1386942049,1,1,1,7353,-0.261799,0.000000,0.610865,-1.138400,-7.068331,158.875351,-50.843140_81.532310i,-95.138710_13.459854i,0,1,0,0.00
1386942050,1,1,1,7353,-0.261799,0.000000,0.610865,-1.115129,-7.068331,158.875351,-50.843140_81.532310i,-95.138710_13.459854i,0,1,0,0.00
1386942050,1,1,1,7353,-0.261799,0.000000,0.610865,-1.096512,-7.068331,158.875351,-50.843140_81.532310i,-95.138710_13.459854i,0,1,0,0.00
1386942050,1,1,1,7353,-0.261799,0.000000,0.610865,-1.082549,-7.068331,158.875351,-50.843140_81.532310i,-95.138710_13.459854i,0,1,0,0.00
1386942050,1,1,1,7353,-0.261799,0.000000,0.610865,-1.073241,-7.068331,158.875351,-50.843140_81.532310i,-95.138710_13.459854i,0,1,0,0.00
1386942051,1,1,1,7353,-0.261799,0.000000,0.610865,-1.068587,-7.068331,158.875351,-50.843140_81.532310i,-95.138710_13.459854i,0,1,0,0.00
1386942051,1,1,1,7353,-0.261799,0.000000,0.610865,-1.063933,-7.068331,158.875351,-50.843140_81.532310i,-95.138710_13.459854i,0,1,0,0.00
1386942051,1,1,1,7353,-0.261799,0.000000,0.610865,-1.059279,-7.068331,158.875351,-50.843140_81.532310i,-95.138710_13.459854i,0,1,0,0.00
1386942051,1,1,1,7353,-0.261799,0.000000,0.610865,-1.054624,-7.068331,158.875351,-50.843140_81.532310i,-95.138710_13.459854i,0,1,0,0.00
1386942052,1,1,0,7353,-0.261799,0.000000,0.610865,-1.054624,-7.068331,158.875351,-50.843140_81.532310i,-95.138710_13.459854i,0,1,0,0.00
1386942052,0,0,0,6,-0.261799,0.000000,0.610865,-0.891727,-7.068331,115.144440,-50.843140_81.532310i,-95.138710_13.459854i,0,1,0,0.00
1386942052,0,0,0,6,-0.261799,0.000000,0.610865,-0.728830,-7.068331,115.399391,-50.843140_81.532310i,-95.138710_13.459854i,0,1,0,0.00
1386942052,0,0,0,6,-0.261799,0.000000,0.610865,-0.565933,-7.068331,115.706223,-50.843140_81.532310i,-95.138710_13.459854i,0,1,0,0.00
1386942053,0,0,0,6,-0.261799,0.000000,0.610865,-0.403035,-7.068331,116.176712,-50.843140_81.532310i,-95.138710_13.459854i,0,1,0,0.00
1386942053,0,0,0,6,-0.261799,0.000000,0.610865,-0.240138,-7.068331,116.759605,-50.843140_81.532310i,-95.138710_13.459854i,0,1,0,0.00
1386942053,0,0,0,6,-0.261799,0.000000,0.610865,-0.077241,-7.068331,117.407372,-50.843140_81.532310i,-95.138710_13.459854i,0,1,0,0.00
1386942053,0,0,0,6,-0.261799,0.000000,0.610865,0.085657,-7.068331,118.104965,-50.843140_81.532310i,-95.138710_13.459854i,0,1,0,0.00
1386942054,0,0,0,6,-0.261799,0.000000,0.610865,0.225283,-7.068331,118.888741,-50.843140_81.532310i,-95.138710_13.459854i,0,1,0,0.00
1386942054,0,0,0,6,-0.261799,0.000000,0.610865,0.327676,-7.068331,119.687653,-50.843140_81.532310i,-95.138710_13.459854i,0,1,0,0.00
1386942054,0,0,0,6,-0.261799,0.000000,0.610865,0.402143,-7.068331,120.559319,-50.843140_81.532310i,-95.138710_13.459854i,0,1,0,0.00
1386942054,0,0,0,6,-0.261799,0.000000,0.610865,0.457994,-7.068331,121.455276,-50.843140_81.532310i,-95.138710_13.459854i,0,1,0,0.00
1386942055,0,0,0,6,-0.261799,0.000000,0.610865,0.499882,-7.068331,122.375885,-50.843140_81.532310i,-95.138710_13.459854i,0,1,0,0.00
1386942055,0,0,0,6,-0.261799,0.000000,0.610865,0.527807,-7.068331,123.300049,-50.843140_81.532310i,-95.138710_13.459854i,0,1,0,0.00
1386942055,0,0,0,6,-0.261799,0.000000,0.610865,0.551078,-7.068331,124.252815,-50.843140_81.532310i,-95.138710_13.459854i,0,1,0,0.00
1386942055,0,0,0,6,-0.261799,0.000000,0.610865,0.565040,-7.068331,125.283516,-50.843140_81.532310i,-95.138710_13.459854i,0,1,0,0.00
1386942056,0,0,0,6,-0.261799,0.000000,0.610865,0.579003,-7.068331,126.373993,-50.843140_81.532310i,-95.138710_13.459854i,0,1,0,0.00
1386942056,0,0,0,6,-0.261799,0.000000,0.610865,0.588312,-7.068331,127.448517,-50.843140_81.532310i,-95.138710_13.459854i,0,1,0,0.00
1386942056,0,0,0,6,-0.261799,0.000000,0.610865,0.592966,-7.068331,128.522781,-50.843140_81.532310i,-95.138710_13.459854i,0,1,0,0.00
1386942057,0,0,0,6,-0.261799,0.000000,0.610865,0.597620,-7.068331,129.629150,-50.843140_81.532310i,-95.138710_13.459854i,0,1,0,0.00
1386942057,0,0,0,6,-0.261799,0.000000,0.610865,0.602274,-7.068331,130.804276,-50.843140_81.532310i,-95.138710_13.459854i,0,1,0,0.00
1386942057,0,0,0,6,-0.261799,0.000000,0.610865,0.602274,-7.068331,132.057129,-50.843140_81.532310i,-95.138710_13.459854i,0,1,0,0.00
1386942057,0,0,0,6,-0.261799,0.000000,0.610865,0.602274,-7.068331,133.265396,-50.843140_81.532310i,-95.138710_13.459854i,0,1,0,0.00
1386942058,0,0,0,6,-0.261799,0.000000,0.610865,0.602274,-7.068331,134.548462,-50.843140_81.532310i,-95.138710_13.459854i,0,1,0,0.00
1386942058,0,0,0,6,-0.261799,0.000000,0.610865,0.602274,-7.068331,135.870255,-50.843140_81.532310i,-95.138710_13.459854i,0,1,0,0.00
1386942058,0,0,0,6,-0.261799,0.000000,0.610865,0.602274,-7.068331,137.189697,-50.843140_81.532310i,-95.138710_13.459854i,0,1,0,0.00
1386942058,0,0,0,6,-0.261799,0.000000,0.610865,0.602274,-7.068331,138.579742,-50.843140_81.532310i,-95.138710_13.459854i,0,1,0,0.00
1386942059,0,0,0,6,-0.261799,0.000000,0.610865,0.602274,-7.068331,140.018784,-50.843140_81.532310i,-95.138710_13.459854i,0,1,0,0.00
1386942059,0,0,0,6,-0.261799,0.000000,0.610865,0.602274,-7.068331,141.454453,-50.843140_81.532310i,-95.138710_13.459854i,0,1,0,0.00
1386942059,0,0,0,6,-0.261799,0.000000,0.610865,0.602274,-7.068331,142.931076,-50.843140_81.532310i,-95.138710_13.459854i,0,1,0,0.00
1386942059,0,0,0,6,-0.261799,0.000000,0.610865,0.602274,-7.068331,144.498703,-50.843140_81.532310i,-95.138710_13.459854i,0,1,0,0.00
1386942060,0,0,0,6,-0.261799,0.000000,0.610865,0.602274,-7.068331,146.131897,-50.843140_81.532310i,-95.138710_13.459854i,0,1,0,0.00
1386942060,0,0,0,6,-0.261799,0.000000,0.610865,0.602274,-7.068331,147.737869,-50.843140_81.532310i,-95.138710_13.459854i,0,1,0,0.00
1386942060,0,0,0,6,-0.261799,0.000000,0.610865,0.602274,-7.068331,149.442734,-50.843140_81.532310i,-95.138710_13.459854i,0,1,0,0.00
1386942060,0,0,0,6,-0.261799,0.000000,0.610865,0.602274,-7.068331,151.197372,-50.843140_81.532310i,-95.138710_13.459854i,0,1,0,0.00
1386942061,0,0,0,6,-0.261799,0.000000,0.610865,0.602274,-7.068331,152.946152,-50.843140_81.532310i,-95.138710_13.459854i,0,1,0,0.00
1386942061,0,0,0,6,-0.261799,0.000000,0.610865,0.602274,-7.068331,154.744003,-50.843140_81.532310i,-95.138710_13.459854i,0,1,0,0.00
1386942061,0,0,0,6,-0.261799,0.000000,0.610865,0.602274,-7.068331,156.650421,-50.843140_81.532310i,-95.138710_13.459854i,0,1,0,0.00
1386942061,0,0,0,6,-0.261799,0.000000,0.610865,0.602274,-7.068331,158.547974,-50.843140_81.532310i,-95.138710_13.459854i,0,1,0,0.00
1386942062,0,0,0,6,-0.261799,0.000000,0.610865,0.602274,-7.068331,160.498520,-50.843140_81.532310i,-95.138710_13.459854i,0,1,0,0.00
1386942062,0,0,0,6,-0.261799,0.000000,0.610865,0.602274,-7.068331,162.569702,-50.843140_81.532310i,-95.138710_13.459854i,0,1,0,0.00
1386942062,0,0,0,6,-0.261799,0.000000,0.610865,0.602274,-7.068331,164.700974,-50.843140_81.532310i,-95.138710_13.459854i,0,1,0,0.00
1386942062,0,0,0,6,-0.261799,0.000000,0.610865,0.602274,-7.068331,166.796951,-50.843140_81.532310i,-95.138710_13.459854i,0,1,0,0.00
1386942063,0,0,0,6,-0.261799,0.000000,0.610865,0.602274,-7.068331,169.045807,-50.843140_81.532310i,-95.138710_13.459854i,0,1,0,0.00
1386942063,0,0,0,6,-0.261799,0.000000,0.610865,0.602274,-7.068331,171.359879,-50.843140_81.532310i,-95.138710_13.459854i,0,1,0,0.00
1386942063,0,0,0,6,-0.261799,0.000000,0.610865,0.602274,-7.068331,173.664368,-50.843140_81.532310i,-95.138710_13.459854i,0,1,0,0.00
1386942063,0,0,0,6,-0.261799,0.000000,0.610865,0.602274,-7.068331,176.033432,-50.843140_81.532310i,-95.138710_13.459854i,0,1,0,0.00
1386942064,0,0,0,6,-0.261799,0.000000,0.610865,0.602274,-7.068331,178.550583,-50.843140_81.532310i,-95.138710_13.459854i,0,1,0,0.00
1386942064,0,0,0,6,-0.261799,0.000000,0.610865,0.602274,-7.068331,180.991287,-50.843140_81.532310i,-95.138710_13.459854i,0,1,0,0.00
1386942064,0,0,0,6,-0.261799,0.000000,0.610865,0.602274,-7.068331,183.560944,-50.843140_81.532310i,-95.138710_13.459854i,0,1,0,0.00
1386942064,0,0,0,6,-0.261799,0.000000,0.610865,0.602274,-7.068331,186.292236,-50.843140_81.532310i,-95.138710_13.459854i,0,1,0,0.00
1386942065,0,0,0,6,-0.261799,0.000000,0.610865,0.602274,-7.068331,189.103806,-50.843140_81.532310i,-95.138710_13.459854i,0,1,0,0.00
1386942065,0,0,0,6,-0.261799,0.000000,0.610865,0.602274,-7.068331,191.903473,-50.843140_81.532310i,-95.138710_13.459854i,0,1,0,0.00
1386942065,0,0,0,6,-0.261799,0.000000,0.610865,0.602274,-7.068331,194.772476,-50.843140_81.532310i,-95.138710_13.459854i,0,1,0,0.00
1386942065,0,0,0,6,-0.261799,0.000000,0.610865,0.602274,-7.068331,197.828232,-50.843140_81.532310i,-95.138710_13.459854i,0,1,0,0.00
1386942066,0,0,0,6,-0.261799,0.000000,0.610865,0.602274,-7.068331,200.871338,-50.843140_81.532310i,-95.138710_13.459854i,0,1,0,0.00
1386942066,0,0,0,6,-0.261799,0.000000,0.610865,0.602274,-7.068331,204.002151,-50.843140_81.532310i,-95.138710_13.459854i,0,1,0,0.00
1386942066,0,0,0,6,-0.261799,0.000000,0.610865,0.602274,-7.068331,207.333984,-50.843140_81.532310i,-95.138710_13.459854i,0,1,0,0.00
1386942066,0,0,0,6,-0.261799,0.000000,0.610865,0.602274,-7.068331,210.652679,-50.843140_81.532310i,-95.138710_13.459854i,0,1,0,0.00
1386942067,0,0,0,6,-0.261799,0.000000,0.610865,0.602274,-7.068331,213.894287,-50.843140_81.532310i,-95.138710_13.459854i,0,1,0,0.00
1386942067,0,0,0,6,-0.261799,0.000000,0.610865,0.602274,-7.068331,217.518494,-50.843140_81.532310i,-95.138710_13.459854i,0,1,0,0.00
1386942067,0,0,0,6,-0.261799,0.000000,0.610865,0.602274,-7.068331,221.254120,-50.843140_81.532310i,-95.138710_13.459854i,0,1,0,0.00
1386942067,0,0,0,6,-0.261799,0.000000,0.610865,0.602274,-7.068331,224.976410,-50.843140_81.532310i,-95.138710_13.459854i,0,1,0,0.00
1386942068,0,0,0,6,-0.261799,0.000000,0.610865,0.602274,-7.068331,228.943283,-50.843140_81.532310i,-95.138710_13.459854i,0,1,0,0.00
1386942068,0,0,0,6,-0.261799,0.000000,0.610865,0.602274,-7.068331,232.787872,-50.843140_81.532310i,-95.138710_13.459854i,0,1,0,0.00
1386942068,0,0,0,6,-0.261799,0.000000,0.610865,0.602274,-7.068331,236.849869,-50.843140_81.532310i,-95.138710_13.459854i,0,1,0,0.00
1386942068,0,0,0,6,-0.261799,0.000000,0.610865,0.602274,-7.068331,241.035995,-50.843140_81.532310i,-95.138710_13.459854i,0,1,0,0.00
1386942069,0,0,0,6,-0.261799,0.000000,0.610865,0.602274,-7.068331,245.502365,-50.843140_81.532310i,-95.138710_13.459854i,0,1,0,0.00
1386942069,0,0,0,6,-0.261799,0.000000,0.610865,0.602274,-7.068331,249.956726,-50.843140_81.532310i,-95.138710_13.459854i,0,1,0,0.00
1386942069,0,0,0,6,-0.261799,0.000000,0.610865,0.602274,-7.068331,254.550842,-50.843140_81.532310i,-95.138710_13.459854i,0,1,0,0.00
1386942069,0,0,0,6,-0.261799,0.000000,0.610865,0.602274,-7.068331,259.098175,-50.843140_81.532310i,-95.138710_13.459854i,0,1,0,0.00
1386942070,0,0,0,6,-0.261799,0.000000,0.610865,0.602274,-7.068331,264.144745,-50.843140_81.532310i,-95.138710_13.459854i,0,1,0,0.00
1386942070,0,0,0,6,-0.261799,0.000000,0.610865,0.602274,-7.068331,269.182007,-50.843140_81.532310i,-95.138710_13.459854i,0,1,0,0.00
1386942070,0,0,0,6,-0.261799,0.000000,0.610865,0.602274,-7.068331,274.567444,-50.843140_81.532310i,-95.138710_13.459854i,0,1,0,0.00
1386942070,0,0,0,6,-0.261799,0.000000,0.610865,0.602274,-7.068331,280.137390,-50.843140_81.532310i,-95.138710_13.459854i,0,1,0,0.00
1386942071,0,0,0,6,-0.261799,0.000000,0.610865,0.602274,-7.068331,285.217896,-50.843140_81.532310i,-95.138710_13.459854i,0,1,0,0.00
1386942071,0,0,0,6,-0.261799,0.000000,0.610865,0.602274,-7.068331,290.940247,-50.843140_81.532310i,-95.138710_13.459854i,0,1,0,0.00
1386942071,0,0,0,6,-0.261799,0.000000,0.610865,0.602274,-7.068331,297.068359,-50.843140_81.532310i,-95.138710_13.459854i,0,1,0,0.00
1386942071,0,0,0,6,-0.261799,0.000000,0.610865,0.602274,-7.068331,303.415588,-50.843140_81.532310i,-95.138710_13.459854i,0,1,0,0.00
1386942072,0,0,0,6,-0.261799,0.000000,0.610865,0.602274,-7.068331,309.763977,-50.843140_81.532310i,-95.138710_13.459854i,0,1,0,0.00
1386942072,0,0,0,6,-0.261799,0.000000,0.610865,0.602274,-7.068331,316.573090,-50.843140_81.532310i,-95.138710_13.459854i,0,1,0,0.00
1386942072,0,0,0,6,-0.261799,0.000000,0.610865,0.602274,-7.068331,322.949707,-50.843140_81.532310i,-95.138710_13.459854i,0,1,0,0.00
1386942072,0,0,0,6,-0.261799,0.000000,0.610865,0.602274,-7.068331,329.981293,-50.843140_81.532310i,-95.138710_13.459854i,0,1,0,0.00
1386942073,0,0,0,6,-0.261799,0.000000,0.610865,0.602274,-7.068331,337.534332,-50.843140_81.532310i,-95.138710_13.459854i,0,1,0,0.00
1386942073,0,0,0,6,-0.261799,0.000000,0.610865,0.602274,-7.068331,345.379578,-50.843140_81.532310i,-95.138710_13.459854i,0,1,0,0.00
1386942073,0,0,0,6,-0.261799,0.000000,0.610865,0.602274,-7.068331,353.245667,-50.843140_81.532310i,-95.138710_13.459854i,0,1,0,0.00
1386942073,0,0,0,6,-0.261799,0.000000,0.610865,0.602274,-7.068331,360.502777,-50.843140_81.532310i,-95.138710_13.459854i,0,1,0,0.00
1386942074,0,0,0,6,-0.261799,0.000000,0.610865,0.602274,-7.068331,369.241821,-50.843140_81.532310i,-95.138710_13.459854i,0,1,0,0.00
1386942074,0,0,0,6,-0.261799,0.000000,0.610865,0.602274,-7.068331,378.339020,-50.843140_81.532310i,-95.138710_13.459854i,0,1,0,0.00
1386942074,1,2,2,7353,2.007896,0.000000,2.880560,0.602274,-7.068331,387.479797,-50.843140_81.532310i,-95.138710_13.459854i,0,1,0,0.00
1386942074,2,2,2,7353,2.007896,0.000000,2.880560,0.439377,-7.068331,387.479797,-50.843140_81.532310i,-95.138710_13.459854i,0,1,0,0.00
1386942075,2,2,2,7353,2.007896,0.000000,2.880560,0.276480,-7.068331,387.479797,-50.843140_81.532310i,-95.138710_13.459854i,0,1,0,0.00
1386942075,2,2,2,7353,2.007896,0.000000,2.880560,0.113582,-7.068331,387.479797,-50.843140_81.532310i,-95.138710_13.459854i,0,1,0,0.00
1386942075,2,2,2,7353,2.007896,0.000000,2.880560,-0.049315,-7.068331,387.479797,-50.843140_81.532310i,-95.138710_13.459854i,0,1,0,0.00
1386942075,2,2,2,7353,2.007896,0.000000,2.880560,-0.212212,-7.068331,387.479797,-50.843140_81.532310i,-95.138710_13.459854i,0,1,0,0.00
1386942076,2,2,2,7353,2.007896,0.000000,2.880560,-0.375110,-7.068331,387.479797,-50.843140_81.532310i,-95.138710_13.459854i,0,1,0,0.00
1386942076,2,2,2,7353,2.007896,0.000000,2.880560,-0.538007,-7.068331,387.479797,-50.843140_81.532310i,-95.138710_13.459854i,0,1,0,0.00
1386942076,2,2,2,7353,2.007896,0.000000,2.880560,-0.672979,-7.068331,387.479797,-50.843140_81.532310i,-95.138710_13.459854i,0,1,0,0.00
1386942076,2,2,2,7353,2.007896,0.000000,2.880560,-0.770718,-7.068331,387.479797,-50.843140_81.532310i,-95.138710_13.459854i,0,1,0,0.00
1386942077,2,2,2,7353,2.007896,0.000000,2.880560,-0.845185,-7.068331,387.479797,-50.843140_81.532310i,-95.138710_13.459854i,0,1,0,0.00
1386942077,2,2,2,7353,2.007896,0.000000,2.880560,-0.901035,-7.068331,387.479797,-50.843140_81.532310i,-95.138710_13.459854i,0,1,0,0.00
1386942077,2,2,2,7353,2.007896,0.000000,2.880560,-0.938269,-7.068331,387.479797,-50.843140_81.532310i,-95.138710_13.459854i,0,1,0,0.00
1386942077,2,2,2,7353,2.007896,0.000000,2.880560,-0.966195,-7.068331,387.479797,-50.843140_81.532310i,-95.138710_13.459854i,0,1,0,0.00
1386942078,2,2,2,7353,2.007896,0.000000,2.880560,-0.989465,-7.068331,387.479797,-50.843140_81.532310i,-95.138710_13.459854i,0,1,0,0.00
1386942078,2,2,2,7353,2.007896,0.000000,2.880560,-1.003428,-7.068331,387.479797,-50.843140_81.532310i,-95.138710_13.459854i,0,1,0,0.00
1386942078,2,2,2,7353,2.007896,0.000000,2.880560,-1.017391,-7.068331,387.479797,-50.843140_81.532310i,-95.138710_13.459854i,0,1,0,0.00
1386942078,2,2,2,7353,2.007896,0.000000,2.880560,-1.026699,-7.068331,387.479797,-50.843140_81.532310i,-95.138710_13.459854i,0,1,0,0.00
1386942079,2,2,2,7353,2.007896,0.000000,2.880560,-1.031354,-7.068331,387.479797,-50.843140_81.532310i,-95.138710_13.459854i,0,1,0,0.00
1386942079,2,2,2,7353,2.007896,0.000000,2.880560,-1.036008,-7.068331,387.479797,-50.843140_81.532310i,-95.138710_13.459854i,0,1,0,0.00
1386942079,2,2,2,7353,2.007896,0.000000,2.880560,-1.040662,-7.068331,387.479797,-50.843140_81.532310i,-95.138710_13.459854i,0,1,0,0.00
1386942079,2,2,2,7353,2.007896,0.000000,2.880560,-1.040662,-7.068331,387.479797,-50.843140_81.532310i,-95.138710_13.459854i,0,1,0,0.00
1386942080,2,2,2,7353,2.007896,0.000000,2.880560,-1.040662,-7.068331,387.479797,-50.843140_81.532310i,-95.138710_13.459854i,0,1,0,0.00
1386942080,2,2,2,7353,2.007896,0.000000,2.880560,-1.040662,-7.068331,387.479797,-50.843140_81.532310i,-95.138710_13.459854i,0,1,0,0.00
1386942080,2,2,2,7353,2.007896,0.000000,2.880560,-1.040662,-7.068331,387.479797,-50.843140_81.532310i,-95.138710_13.459854i,0,1,0,0.00
1386942080,2,2,2,7353,2.007896,0.000000,2.880560,-1.040662,-7.068331,387.479797,-50.843140_81.532310i,-95.138710_13.459854i,0,1,0,0.00
1386942081,2,2,2,7353,2.007896,0.000000,2.880560,-1.040662,-7.068331,387.479797,-50.843140_81.532310i,-95.138710_13.459854i,0,1,0,0.00
1386942081,2,2,2,7353,2.007896,0.000000,2.880560,-1.040662,-7.068331,387.479797,-50.843140_81.532310i,-95.138710_13.459854i,0,1,0,0.00
1386942081,2,2,2,7353,2.007896,0.000000,2.880560,-1.040662,-7.068331,387.479797,-50.843140_81.532310i,-95.138710_13.459854i,0,1,0,0.00
1386942081,2,2,2,7353,2.007896,0.000000,2.880560,-1.203559,-7.068331,387.479797,-50.843140_81.532310i,-95.138710_13.459854i,0,1,0,0.00
1386942082,2,2,2,7353,2.007896,0.000000,2.880560,-1.366456,-7.068331,387.479797,-50.843140_81.532310i,-95.138710_13.459854i,0,1,0,0.00
1386942082,2,2,2,7353,2.007896,0.000000,2.880560,-1.529354,-7.068331,387.479797,-50.843140_81.532310i,-95.138710_13.459854i,0,1,0,0.00
1386942082,2,2,2,7353,2.007896,0.000000,2.880560,-1.678289,-7.068331,387.479797,-50.843140_81.532310i,-95.138710_13.459854i,0,1,0,0.00
1386942082,2,2,2,7353,2.007896,0.000000,2.880560,-1.789989,-7.068331,387.479797,-50.843140_81.532310i,-95.138710_13.459854i,0,1,0,0.00
1386942083,2,2,2,7353,2.007896,0.000000,2.880560,-1.869111,-7.068331,387.479797,-50.843140_81.532310i,-95.138710_13.459854i,0,1,0,0.00
1386942083,2,2,2,7353,2.007896,0.000000,2.880560,-1.929616,-7.068331,387.479797,-50.843140_81.532310i,-95.138710_13.459854i,0,1,0,0.00
1386942083,2,2,2,7353,2.007896,0.000000,2.880560,-1.971504,-7.068331,387.479797,-50.843140_81.532310i,-95.138710_13.459854i,0,1,0,0.00
1386942083,2,2,2,7353,2.007896,0.000000,2.880560,-2.004083,-7.068331,387.479797,-50.843140_81.532310i,-95.138710_13.459854i,0,1,0,0.00
1386942084,2,2,2,7353,2.007896,0.000000,2.880560,-2.027354,-7.068331,387.479797,-50.843140_81.532310i,-95.138710_13.459854i,0,1,0,0.00
1386942084,2,2,2,7353,2.007896,0.000000,2.880560,-2.045971,-7.068331,387.479797,-50.843140_81.532310i,-95.138710_13.459854i,0,1,0,0.00
1386942084,2,2,2,7353,2.007896,0.000000,2.880560,-2.059934,-7.068331,387.479797,-50.843140_81.532310i,-95.138710_13.459854i,0,1,0,0.00
1386942084,2,2,2,7353,2.007896,0.000000,2.880560,-2.069242,-7.068331,387.479797,-50.843140_81.532310i,-95.138710_13.459854i,0,1,0,0.00
1386942085,2,2,2,7353,2.007896,0.000000,2.880560,-2.073896,-7.068331,387.479797,-50.843140_81.532310i,-95.138710_13.459854i,0,1,0,0.00
1386942085,2,2,2,7353,2.007896,0.000000,2.880560,-2.078550,-7.068331,387.479797,-50.843140_81.532310i,-95.138710_13.459854i,0,1,0,0.00
1386942085,2,2,2,7353,2.007896,0.000000,2.880560,-2.083204,-7.068331,387.479797,-50.843140_81.532310i,-95.138710_13.459854i,0,1,0,0.00
1386942085,2,2,2,7353,2.007896,0.000000,2.880560,-2.087859,-7.068331,387.479797,-50.843140_81.532310i,-95.138710_13.459854i,0,1,0,0.00
1386942086,2,2,0,7353,2.007896,0.000000,2.880560,-2.087859,-7.068331,387.479797,-50.843140_81.532310i,-95.138710_13.459854i,0,1,0,0.00
1386942086,1,0,0,7,1.658063,0.000000,2.530727,-2.250756,-7.068331,218.999161,-50.843140_81.532310i,-95.138710_13.459854i,0,1,0,0.00
1386942086,1,1,1,7353,-0.261799,0.000000,0.610865,-2.413654,-7.068331,216.228531,-50.843140_81.532310i,-95.138710_13.459854i,0,1,0,0.00
1386942086,1,1,1,7353,-0.261799,0.000000,0.610865,-2.329878,-7.068331,216.228531,-50.843140_81.532310i,-95.138710_13.459854i,0,1,0,0.00
1386942087,1,1,1,7353,-0.261799,0.000000,0.610865,-2.269373,-7.068331,216.228531,-50.843140_81.532310i,-95.138710_13.459854i,0,1,0,0.00
1386942087,1,1,1,7353,-0.261799,0.000000,0.610865,-2.222831,-7.068331,216.228531,-50.843140_81.532310i,-95.138710_13.459854i,0,1,0,0.00
1386942087,1,1,1,7353,-0.261799,0.000000,0.610865,-2.190252,-7.068331,216.228531,-50.843140_81.532310i,-95.138710_13.459854i,0,1,0,0.00
1386942087,1,1,1,7353,-0.261799,0.000000,0.610865,-2.166981,-7.068331,216.228531,-50.843140_81.532310i,-95.138710_13.459854i,0,1,0,0.00
1386942088,1,1,1,7353,-0.261799,0.000000,0.610865,-2.148364,-7.068331,216.228531,-50.843140_81.532310i,-95.138710_13.459854i,0,1,0,0.00
1386942088,1,1,1,7353,-0.261799,0.000000,0.610865,-2.134401,-7.068331,216.228531,-50.843140_81.532310i,-95.138710_13.459854i,0,1,0,0.00
1386942088,1,1,1,7353,-0.261799,0.000000,0.610865,-2.125093,-7.068331,216.228531,-50.843140_81.532310i,-95.138710_13.459854i,0,1,0,0.00
1386942089,1,1,1,7353,-0.261799,0.000000,0.610865,-2.115785,-7.068331,216.228531,-50.843140_81.532310i,-95.138710_13.459854i,0,1,0,0.00
1386942089,1,1,1,7353,-0.261799,0.000000,0.610865,-2.111130,-7.068331,216.228531,-50.843140_81.532310i,-95.138710_13.459854i,0,1,0,0.00
1386942089,1,1,1,7353,-0.261799,0.000000,0.610865,-2.106476,-7.068331,216.228531,-50.843140_81.532310i,-95.138710_13.459854i,0,1,0,0.00
1386942089,1,1,1,7353,-0.261799,0.000000,0.610865,-2.101822,-7.068331,216.228531,-50.843140_81.532310i,-95.138710_13.459854i,0,1,0,0.00
1386942090,1,1,1,7353,-0.261799,0.000000,0.610865,-2.101822,-7.068331,216.228531,-50.843140_81.532310i,-95.138710_13.459854i,0,1,0,0.00
1386942090,1,1,1,7353,-0.261799,0.000000,0.610865,-2.101822,-7.068331,216.228531,-50.843140_81.532310i,-95.138710_13.459854i,0,1,0,0.00
1386942090,1,1,1,7353,-0.261799,0.000000,0.610865,-2.101822,-7.068331,216.228531,-50.843140_81.532310i,-95.138710_13.459854i,0,1,0,0.00
1386942090,1,1,1,7353,-0.261799,0.000000,0.610865,-2.101822,-7.068331,216.228531,-50.843140_81.532310i,-95.138710_13.459854i,0,1,0,0.00
1386942091,1,1,1,7353,-0.261799,0.000000,0.610865,-2.101822,-7.068331,216.228531,-50.843140_81.532310i,-95.138710_13.459854i,0,1,0,0.00
1386942091,1,1,1,7353,-0.261799,0.000000,0.610865,-2.101822,-7.068331,216.228531,-50.843140_81.532310i,-95.138710_13.459854i,0,1,0,0.00
1386942091,1,1,1,7353,-0.261799,0.000000,0.610865,-2.101822,-7.068331,216.228531,-50.843140_81.532310i,-95.138710_13.459854i,0,1,0,0.00
1386942091,1,1,1,7353,-0.261799,0.000000,0.610865,-2.101822,-7.068331,216.228531,-50.843140_81.532310i,-95.138710_13.459854i,0,1,0,0.00
1386942092,1,1,1,7353,-0.261799,0.000000,0.610865,-2.101822,-7.068331,216.228531,-50.843140_81.532310i,-95.138710_13.459854i,0,1,0,0.00
1386942092,1,1,1,7353,-0.261799,0.000000,0.610865,-2.101822,-7.068331,216.228531,-50.843140_81.532310i,-95.138710_13.459854i,0,1,0,0.00
1386942092,1,1,1,7353,-0.261799,0.000000,0.610865,-1.938925,-7.068331,216.228531,-50.843140_81.532310i,-95.138710_13.459854i,0,1,0,0.00
1386942092,1,1,1,7353,-0.261799,0.000000,0.610865,-1.776028,-7.068331,216.228531,-50.843140_81.532310i,-95.138710_13.459854i,0,1,0,0.00
1386942093,1,1,1,7353,-0.261799,0.000000,0.610865,-1.613130,-7.068331,216.228531,-50.843140_81.532310i,-95.138710_13.459854i,0,1,0,0.00
1386942093,1,1,1,7353,-0.261799,0.000000,0.610865,-1.464195,-7.068331,216.228531,-50.843140_81.532310i,-95.138710_13.459854i,0,1,0,0.00
1386942093,1,1,1,7353,-0.261799,0.000000,0.610865,-1.352494,-7.068331,216.228531,-50.843140_81.532310i,-95.138710_13.459854i,0,1,0,0.00
1386942093,1,1,1,7353,-0.261799,0.000000,0.610865,-1.273373,-7.068331,216.228531,-50.843140_81.532310i,-95.138710_13.459854i,0,1,0,0.00
1386942094,1,1,1,7353,-0.261799,0.000000,0.610865,-1.212868,-7.068331,216.228531,-50.843140_81.532310i,-95.138710_13.459854i,0,1,0,0.00
1386942094,1,1,1,7353,-0.261799,0.000000,0.610865,-1.170980,-7.068331,216.228531,-50.843140_81.532310i,-95.138710_13.459854i,0,1,0,0.00
1386942094,1,1,1,7353,-0.261799,0.000000,0.610865,-1.138401,-7.068331,216.228531,-50.843140_81.532310i,-95.138710_13.459854i,0,1,0,0.00
1386942094,1,1,1,7353,-0.261799,0.000000,0.610865,-1.115130,-7.068331,216.228531,-50.843140_81.532310i,-95.138710_13.459854i,0,1,0,0.00
1386942095,1,1,1,7353,-0.261799,0.000000,0.610865,-1.096513,-7.068331,216.228531,-50.843140_81.532310i,-95.138710_13.459854i,0,1,0,0.00
1386942095,1,1,1,7353,-0.261799,0.000000,0.610865,-1.082550,-7.068331,216.228531,-50.843140_81.532310i,-95.138710_13.459854i,0,1,0,0.00
1386942095,1,1,1,7353,-0.261799,0.000000,0.610865,-1.073242,-7.068331,216.228531,-50.843140_81.532310i,-95.138710_13.459854i,0,1,0,0.00
1386942095,1,1,1,7353,-0.261799,0.000000,0.610865,-1.068587,-7.068331,216.228531,-50.843140_81.532310i,-95.138710_13.459854i,0,1,0,0.00
1386942096,1,1,1,7353,-0.261799,0.000000,0.610865,-1.063933,-7.068331,216.228531,-50.843140_81.532310i,-95.138710_13.459854i,0,1,0,0.00
1386942096,1,1,1,7353,-0.261799,0.000000,0.610865,-1.059279,-7.068331,216.228531,-50.843140_81.532310i,-95.138710_13.459854i,0,1,0,0.00
1386942096,1,1,1,7353,-0.261799,0.000000,0.610865,-1.054625,-7.068331,216.228531,-50.843140_81.532310i,-95.138710_13.459854i,0,1,0,0.00
1386942096,1,1,0,7353,-0.261799,0.000000,0.610865,-1.054625,-7.068331,216.228531,-50.843140_81.532310i,-95.138710_13.459854i,0,1,0,0.00
1386942097,0,0,0,6,-0.261799,0.000000,0.610865,-0.891728,-7.068331,154.989914,-50.843140_81.532310i,-95.138710_13.459854i,0,1,0,0.00
1386942097,0,0,0,6,-0.261799,0.000000,0.610865,-0.728831,-7.068331,154.957886,-50.843140_81.532310i,-95.138710_13.459854i,0,1,0,0.00
1386942097,0,0,0,6,-0.261799,0.000000,0.610865,-0.565933,-7.068331,155.105026,-50.843140_81.532310i,-95.138710_13.459854i,0,1,0,0.00
1386942097,0,0,0,6,-0.261799,0.000000,0.610865,-0.403036,-7.068331,155.464752,-50.843140_81.532310i,-95.138710_13.459854i,0,1,0,0.00
1386942098,0,0,0,6,-0.261799,0.000000,0.610865,-0.240138,-7.068331,156.001953,-50.843140_81.532310i,-95.138710_13.459854i,0,1,0,0.00
1386942098,0,0,0,6,-0.261799,0.000000,0.610865,-0.077241,-7.068331,156.682724,-50.843140_81.532310i,-95.138710_13.459854i,0,1,0,0.00
1386942098,0,0,0,6,-0.261799,0.000000,0.610865,0.085656,-7.068331,157.512543,-50.843140_81.532310i,-95.138710_13.459854i,0,1,0,0.00
1386942098,0,0,0,6,-0.261799,0.000000,0.610865,0.225283,-7.068331,158.458282,-50.843140_81.532310i,-95.138710_13.459854i,0,1,0,0.00
1386942099,0,0,0,6,-0.261799,0.000000,0.610865,0.327675,-7.068331,159.491684,-50.843140_81.532310i,-95.138710_13.459854i,0,1,0,0.00
1386942099,0,0,0,6,-0.261799,0.000000,0.610865,0.402143,-7.068331,160.575424,-50.843140_81.532310i,-95.138710_13.459854i,0,1,0,0.00
1386942099,0,0,0,6,-0.261799,0.000000,0.610865,0.457993,-7.068331,161.711365,-50.843140_81.532310i,-95.138710_13.459854i,0,1,0,0.00
1386942099,0,0,0,6,-0.261799,0.000000,0.610865,0.499881,-7.068331,162.911484,-50.843140_81.532310i,-95.138710_13.459854i,0,1,0,0.00
1386942100,0,0,0,6,-0.261799,0.000000,0.610865,0.527806,-7.068331,164.131363,-50.843140_81.532310i,-95.138710_13.459854i,0,1,0,0.00
1386942100,0,0,0,6,-0.261799,0.000000,0.610865,0.551077,-7.068331,165.371353,-50.843140_81.532310i,-95.138710_13.459854i,0,1,0,0.00
1386942100,0,0,0,6,-0.261799,0.000000,0.610865,0.565040,-7.068331,166.657532,-50.843140_81.532310i,-95.138710_13.459854i,0,1,0,0.00
1386942100,0,0,0,6,-0.261799,0.000000,0.610865,0.579003,-7.068331,167.919800,-50.843140_81.532310i,-95.138710_13.459854i,0,1,0,0.00
1386942101,0,0,0,6,-0.261799,0.000000,0.610865,0.588311,-7.068331,169.218735,-50.843140_81.532310i,-95.138710_13.459854i,0,1,0,0.00
1386942101,0,0,0,6,-0.261799,0.000000,0.610865,0.592965,-7.068331,170.582687,-50.843140_81.532310i,-95.138710_13.459854i,0,1,0,0.00
1386942101,0,0,0,6,-0.261799,0.000000,0.610865,0.597620,-7.068331,171.969955,-50.843140_81.532310i,-95.138710_13.459854i,0,1,0,0.00
1386942101,0,0,0,6,-0.261799,0.000000,0.610865,0.602274,-7.068331,173.335632,-50.843140_81.532310i,-95.138710_13.459854i,0,1,0,0.00
1386942102,0,0,0,6,-0.261799,0.000000,0.610865,0.602274,-7.068331,174.695496,-50.843140_81.532310i,-95.138710_13.459854i,0,1,0,0.00
1386942102,0,0,0,6,-0.261799,0.000000,0.610865,0.602274,-7.068331,176.151123,-50.843140_81.532310i,-95.138710_13.459854i,0,1,0,0.00
1386942102,0,0,0,6,-0.261799,0.000000,0.610865,0.602274,-7.068331,177.583939,-50.843140_81.532310i,-95.138710_13.459854i,0,1,0,0.00
1386942102,0,0,0,6,-0.261799,0.000000,0.610865,0.602274,-7.068331,179.040436,-50.843140_81.532310i,-95.138710_13.459854i,0,1,0,0.00
1386942103,0,0,0,6,-0.261799,0.000000,0.610865,0.602274,-7.068331,180.570465,-50.843140_81.532310i,-95.138710_13.459854i,0,1,0,0.00
1386942103,0,0,0,6,-0.261799,0.000000,0.610865,0.602274,-7.068331,182.085968,-50.843140_81.532310i,-95.138710_13.459854i,0,1,0,0.00
1386942103,0,0,0,6,-0.261799,0.000000,0.610865,0.602274,-7.068331,183.615128,-50.843140_81.532310i,-95.138710_13.459854i,0,1,0,0.00
1386942103,0,0,0,6,-0.261799,0.000000,0.610865,0.602274,-7.068331,185.221802,-50.843140_81.532310i,-95.138710_13.459854i,0,1,0,0.00
1386942104,0,0,0,6,-0.261799,0.000000,0.610865,0.602274,-7.068331,186.856125,-50.843140_81.532310i,-95.138710_13.459854i,0,1,0,0.00
1386942104,0,0,0,6,-0.261799,0.000000,0.610865,0.602274,-7.068331,188.464752,-50.843140_81.532310i,-95.138710_13.459854i,0,1,0,0.00
1386942104,0,0,0,6,-0.261799,0.000000,0.610865,0.602274,-7.068331,190.100250,-50.843140_81.532310i,-95.138710_13.459854i,0,1,0,0.00
1386942104,0,0,0,6,-0.261799,0.000000,0.610865,0.602274,-7.068331,191.760696,-50.843140_81.532310i,-95.138710_13.459854i,0,1,0,0.00
1386942105,0,0,0,6,-0.261799,0.000000,0.610865,0.602274,-7.068331,193.449249,-50.843140_81.532310i,-95.138710_13.459854i,0,1,0,0.00
1386942105,0,0,0,6,-0.261799,0.000000,0.610865,0.602274,-7.068331,195.166077,-50.843140_81.532310i,-95.138710_13.459854i,0,1,0,0.00
1386942105,0,0,0,6,-0.261799,0.000000,0.610865,0.602274,-7.068331,196.970764,-50.843140_81.532310i,-95.138710_13.459854i,0,1,0,0.00
1386942105,0,0,0,6,-0.261799,0.000000,0.610865,0.602274,-7.068331,198.807068,-50.843140_81.532310i,-95.138710_13.459854i,0,1,0,0.00
1386942106,0,0,0,6,-0.261799,0.000000,0.610865,0.602274,-7.068331,200.539093,-50.843140_81.532310i,-95.138710_13.459854i,0,1,0,0.00
1386942106,0,0,0,6,-0.261799,0.000000,0.610865,0.602274,-7.068331,202.435562,-50.843140_81.532310i,-95.138710_13.459854i,0,1,0,0.00
1386942106,0,0,0,6,-0.261799,0.000000,0.610865,0.602274,-7.068331,204.365540,-50.843140_81.532310i,-95.138710_13.459854i,0,1,0,0.00
1386942106,0,0,0,6,-0.261799,0.000000,0.610865,0.602274,-7.068331,206.264969,-50.843140_81.532310i,-95.138710_13.459854i,0,1,0,0.00
1386942107,0,0,0,0,-0.261799,0.000000,0.610865,0.602274,-7.068331,206.264969,-50.843140_81.532310i,-95.138710_13.459854i,0,1,0,0.00
1386942107,0,0,0,0,-0.261799,0.000000,0.610865,0.602274,-7.068331,206.264969,-50.843140_81.532310i,-95.138710_13.459854i,0,1,0,0.00
1386942107,0,0,0,0,-0.261799,0.000000,0.610865,0.602274,-7.068331,206.264969,-50.843140_81.532310i,-95.138710_13.459854i,0,1,0,0.00
1386942107,0,0,0,0,-0.261799,0.000000,0.610865,0.602274,-7.068331,206.264969,-50.843140_81.532310i,-95.138710_13.459854i,0,1,0,0.00
1386942108,0,0,0,0,-0.261799,0.000000,0.610865,0.602274,-7.068331,206.264969,-50.843140_81.532310i,-95.138710_13.459854i,0,1,0,0.00
1386942108,0,0,0,0,-0.261799,0.000000,0.610865,0.602274,-7.068331,206.264969,-50.843140_81.532310i,-95.138710_13.459854i,0,1,0,0.00
1386942108,0,0,0,0,-0.261799,0.000000,0.610865,0.602274,-7.068331,206.264969,-50.843140_81.532310i,-95.138710_13.459854i,0,1,0,0.00
1386942108,0,0,0,0,-0.261799,0.000000,0.610865,0.602274,-7.068331,206.264969,-50.843140_81.532310i,-95.138710_13.459854i,0,1,0,0.00
1386942109,0,0,0,0,-0.261799,0.000000,0.610865,0.602274,-7.068331,206.264969,-50.843140_81.532310i,-95.138710_13.459854i,0,1,0,0.00
1386942109,0,0,0,0,-0.261799,0.000000,0.610865,0.602274,-7.068331,206.264969,-50.843140_81.532310i,-95.138710_13.459854i,0,1,0,0.00
1386942109,0,0,0,0,-0.261799,0.000000,0.610865,0.602274,-7.068331,206.264969,-50.843140_81.532310i,-95.138710_13.459854i,0,1,0,0.00
1386942109,0,0,0,0,-0.261799,0.000000,0.610865,0.602274,-7.068331,206.264969,-50.843140_81.532310i,-95.138710_13.459854i,0,1,0,0.00
1386942110,0,0,0,0,-0.261799,0.000000,0.610865,0.602274,-7.068331,206.264969,-50.843140_81.532310i,-95.138710_13.459854i,0,1,0,0.00
1386942110,0,0,0,0,-0.261799,0.000000,0.610865,0.602274,-7.068331,206.264969,-50.843140_81.532310i,-95.138710_13.459854i,0,1,0,0.00
1386942110,0,0,0,0,-0.261799,0.000000,0.610865,0.602274,-7.068331,206.264969,-50.843140_81.532310i,-95.138710_13.459854i,0,1,0,0.00
1386942110,0,0,0,0,-0.261799,0.000000,0.610865,0.602274,-7.068331,206.264969,-50.843140_81.532310i,-95.138710_13.459854i,0,1,0,0.00
1386942111,0,0,0,0,-0.261799,0.000000,0.610865,0.602274,-7.068331,206.264969,-50.843140_81.532310i,-95.138710_13.459854i,0,1,0,0.00
1386942111,0,0,0,0,-0.261799,0.000000,0.610865,0.602274,-7.068331,206.264969,-50.843140_81.532310i,-95.138710_13.459854i,0,1,0,0.00
1386942111,0,0,0,0,-0.261799,0.000000,0.610865,0.602274,-7.068331,206.264969,-50.843140_81.532310i,-95.138710_13.459854i,0,1,0,0.00
1386942111,0,0,0,0,-0.261799,0.000000,0.610865,0.602274,-7.068331,206.264969,-50.843140_81.532310i,-95.138710_13.459854i,0,1,0,0.00
1386942112,0,0,0,0,-0.261799,0.000000,0.610865,0.602274,-7.068331,206.264969,-50.843140_81.532310i,-95.138710_13.459854i,0,1,0,0.00
1386942112,0,0,0,0,-0.261799,0.000000,0.610865,0.602274,-7.068331,206.264969,-50.843140_81.532310i,-95.138710_13.459854i,0,1,0,0.00
1386942112,0,0,0,0,-0.261799,0.000000,0.610865,0.602274,-7.068331,206.264969,-50.843140_81.532310i,-95.138710_13.459854i,0,1,0,0.00
1386942112,0,0,0,0,-0.261799,0.000000,0.610865,0.602274,-7.068331,206.264969,-50.843140_81.532310i,-95.138710_13.459854i,0,1,0,0.00
1386942113,0,0,0,0,-0.261799,0.000000,0.610865,0.602274,-7.068331,206.264969,-50.843140_81.532310i,-95.138710_13.459854i,0,1,0,0.00
1386942113,0,0,0,0,-0.261799,0.000000,0.610865,0.602274,-7.068331,206.264969,-50.843140_81.532310i,-95.138710_13.459854i,0,1,0,0.00
1386942113,0,0,0,0,-0.261799,0.000000,0.610865,0.602274,-7.068331,206.264969,-50.843140_81.532310i,-95.138710_13.459854i,0,1,0,0.00
1386942113,0,0,0,0,-0.261799,0.000000,0.610865,0.602274,-7.068331,206.264969,-50.843140_81.532310i,-95.138710_13.459854i,0,1,0,0.00
1386942114,0,0,0,0,-0.261799,0.000000,0.610865,0.602274,-7.068331,206.264969,-50.843140_81.532310i,-95.138710_13.459854i,0,1,0,0.00
1386942114,0,0,0,0,-0.261799,0.000000,0.610865,0.602274,-7.068331,206.264969,-50.843140_81.532310i,-95.138710_13.459854i,0,1,0,0.00
1386942114,0,0,0,0,-0.261799,0.000000,0.610865,0.602274,-7.068331,206.264969,-50.843140_81.532310i,-95.138710_13.459854i,0,1,0,0.00
1386942114,0,0,0,0,-0.261799,0.000000,0.610865,0.602274,-7.068331,206.264969,-50.843140_81.532310i,-95.138710_13.459854i,0,1,0,0.00
1386942115,0,0,0,0,-0.261799,0.000000,0.610865,0.602274,-7.068331,206.264969,-50.843140_81.532310i,-95.138710_13.459854i,0,1,0,0.00
1386942115,0,0,0,0,-0.261799,0.000000,0.610865,0.602274,-7.068331,206.264969,-50.843140_81.532310i,-95.138710_13.459854i,0,1,0,0.00
1386942115,0,0,0,0,-0.261799,0.000000,0.610865,0.602274,-7.068331,206.264969,-50.843140_81.532310i,-95.138710_13.459854i,0,1,0,0.00
1386942115,0,0,0,0,-0.261799,0.000000,0.610865,0.602274,-7.068331,206.264969,-50.843140_81.532310i,-95.138710_13.459854i,0,1,0,0.00
1386942116,0,0,0,0,-0.261799,0.000000,0.610865,0.602274,-7.068331,206.264969,-50.843140_81.532310i,-95.138710_13.459854i,0,1,0,0.00
1386942116,0,0,0,0,-0.261799,0.000000,0.610865,0.602274,-7.068331,206.264969,-50.843140_81.532310i,-95.138710_13.459854i,0,1,0,0.00
1386942116,0,0,0,0,-0.261799,0.000000,0.610865,0.602274,-7.068331,206.264969,-50.843140_81.532310i,-95.138710_13.459854i,0,1,0,0.00
1386942116,0,0,0,0,-0.261799,0.000000,0.610865,0.602274,-7.068331,206.264969,-50.843140_81.532310i,-95.138710_13.459854i,0,1,0,0.00
1386942117,0,0,0,0,-0.261799,0.000000,0.610865,0.602274,-7.068331,206.264969,-50.843140_81.532310i,-95.138710_13.459854i,0,1,0,0.00
1386942117,0,0,0,0,-0.261799,0.000000,0.610865,0.602274,-7.068331,206.264969,-50.843140_81.532310i,-95.138710_13.459854i,0,1,0,0.00
1386942117,0,0,0,0,-0.261799,0.000000,0.610865,0.602274,-7.068331,206.264969,-50.843140_81.532310i,-95.138710_13.459854i,0,1,0,0.00
1386942117,0,0,0,0,-0.261799,0.000000,0.610865,0.602274,-7.068331,206.264969,-50.843140_81.532310i,-95.138710_13.459854i,0,1,0,0.00
1386942118,0,0,0,0,-0.261799,0.000000,0.610865,0.602274,-7.068331,206.264969,-50.843140_81.532310i,-95.138710_13.459854i,0,1,0,0.00
1386942118,0,0,0,0,-0.261799,0.000000,0.610865,0.602274,-7.068331,206.264969,-50.843140_81.532310i,-95.138710_13.459854i,0,1,0,0.00
1386942118,0,0,0,0,-0.261799,0.000000,0.610865,0.602274,-7.068331,206.264969,-50.843140_81.532310i,-95.138710_13.459854i,0,1,0,0.00
1386942118,0,0,0,0,-0.261799,0.000000,0.610865,0.602274,-7.068331,206.264969,-50.843140_81.532310i,-95.138710_13.459854i,0,1,0,0.00
1386942119,0,0,0,0,-0.261799,0.000000,0.610865,0.602274,-7.068331,206.264969,-50.843140_81.532310i,-95.138710_13.459854i,0,1,0,0.00
1386942119,0,0,0,0,-0.261799,0.000000,0.610865,0.602274,-7.068331,206.264969,-50.843140_81.532310i,-95.138710_13.459854i,0,1,0,0.00
1386942119,0,0,0,0,-0.261799,0.000000,0.610865,0.602274,-7.068331,206.264969,-50.843140_81.532310i,-95.138710_13.459854i,0,1,0,0.00
1386942119,0,0,0,0,-0.261799,0.000000,0.610865,0.602274,-7.068331,206.264969,-50.843140_81.532310i,-95.138710_13.459854i,0,1,0,0.00
1386942120,0,0,0,0,-0.261799,0.000000,0.610865,0.602274,-7.068331,206.264969,-50.843140_81.532310i,-95.138710_13.459854i,0,1,0,0.00
1386942120,0,0,0,0,-0.261799,0.000000,0.610865,0.602274,-7.068331,206.264969,-50.843140_81.532310i,-95.138710_13.459854i,0,1,0,0.00
1386942120,0,0,0,0,-0.261799,0.000000,0.610865,0.602274,-7.068331,206.264969,-50.843140_81.532310i,-95.138710_13.459854i,0,1,0,0.00
1386942120,0,0,0,0,-0.261799,0.000000,0.610865,0.602274,-7.068331,206.264969,-50.843140_81.532310i,-95.138710_13.459854i,0,1,0,0.00
1386942121,0,0,0,0,-0.261799,0.000000,0.610865,0.602274,-7.068331,206.264969,-50.843140_81.532310i,-95.138710_13.459854i,0,1,0,0.00
1386942121,0,0,0,0,-0.261799,0.000000,0.610865,0.602274,-7.068331,206.264969,-50.843140_81.532310i,-95.138710_13.459854i,0,1,0,0.00
1386942121,0,0,0,0,-0.261799,0.000000,0.610865,0.602274,-7.068331,206.264969,-50.843140_81.532310i,-95.138710_13.459854i,0,1,0,0.00
1386942121,0,0,0,0,-0.261799,0.000000,0.610865,0.602274,-7.068331,206.264969,-50.843140_81.532310i,-95.138710_13.459854i,0,1,0,0.00
1386942122,0,0,0,0,-0.261799,0.000000,0.610865,0.602274,-7.068331,206.264969,-50.843140_81.532310i,-95.138710_13.459854i,0,1,0,0.00
1386942122,0,0,0,0,-0.261799,0.000000,0.610865,0.602274,-7.068331,206.264969,-50.843140_81.532310i,-95.138710_13.459854i,0,1,0,0.00
1386942122,0,0,0,0,-0.261799,0.000000,0.610865,0.602274,-7.068331,206.264969,-50.843140_81.532310i,-95.138710_13.459854i,0,1,0,0.00
1386942122,0,0,0,0,-0.261799,0.000000,0.610865,0.602274,-7.068331,206.264969,-50.843140_81.532310i,-95.138710_13.459854i,0,1,0,0.00
1386942123,0,0,0,0,-0.261799,0.000000,0.610865,0.602274,-7.068331,206.264969,-50.843140_81.532310i,-95.138710_13.459854i,0,1,0,0.00
1386942123,0,0,0,0,-0.261799,0.000000,0.610865,0.602274,-7.068331,206.264969,-50.843140_81.532310i,-95.138710_13.459854i,0,1,0,0.00
1386942123,0,0,0,0,-0.261799,0.000000,0.610865,0.602274,-7.068331,206.264969,-50.843140_81.532310i,-95.138710_13.459854i,0,1,0,0.00
1386942123,0,0,0,0,-0.261799,0.000000,0.610865,0.602274,-7.068331,206.264969,-50.843140_81.532310i,-95.138710_13.459854i,0,1,0,0.00
1386942124,0,0,0,0,-0.261799,0.000000,0.610865,0.602274,-7.068331,206.264969,-50.843140_81.532310i,-95.138710_13.459854i,0,1,0,0.00
1386942124,0,0,0,0,-0.261799,0.000000,0.610865,0.602274,-7.068331,206.264969,-50.843140_81.532310i,-95.138710_13.459854i,0,1,0,0.00
1386942124,0,0,0,0,-0.261799,0.000000,0.610865,0.602274,-7.068331,206.264969,-50.843140_81.532310i,-95.138710_13.459854i,0,1,0,0.00
1386942124,0,0,0,0,-0.261799,0.000000,0.610865,0.602274,-7.068331,206.264969,-50.843140_81.532310i,-95.138710_13.459854i,0,1,0,0.00
1386942125,0,0,0,0,-0.261799,0.000000,0.610865,0.602274,-7.068331,206.264969,-50.843140_81.532310i,-95.138710_13.459854i,0,1,0,0.00
1386942125,0,0,0,0,-0.261799,0.000000,0.610865,0.602274,-7.068331,206.264969,-50.843140_81.532310i,-95.138710_13.459854i,0,1,0,0.00
1386942125,0,0,0,0,-0.261799,0.000000,0.610865,0.602274,-7.068331,206.264969,-50.843140_81.532310i,-95.138710_13.459854i,0,1,0,0.00
1386942125,0,0,0,0,-0.261799,0.000000,0.610865,0.602274,-7.068331,206.264969,-50.843140_81.532310i,-95.138710_13.459854i,0,1,0,0.00
1386942126,0,0,0,0,-0.261799,0.000000,0.610865,0.602274,-7.068331,206.264969,-50.843140_81.532310i,-95.138710_13.459854i,0,1,0,0.00
1386942126,0,0,0,0,-0.261799,0.000000,0.610865,0.602274,-7.068331,206.264969,-50.843140_81.532310i,-95.138710_13.459854i,0,1,0,0.00
1386942126,0,0,0,0,-0.261799,0.000000,0.610865,0.602274,-7.068331,206.264969,-50.843140_81.532310i,-95.138710_13.459854i,0,1,0,0.00
