MCU_timestamp,sig1,sig2,sig3,fa_debug,theta_d1,theta_d,theta_d1_b,theta_b,a_x,b_x,X_b,X_T_b,sail_hc_periods,sail_hc_direction,sail_hc_val,sail_hc_MEAN_V
1386930208,0,0,0,0,0.000000,0.000000,0.000000,0.000000,0.000000,0.000000,0.000000_0.000000i,0.000000_0.000000i,0,1,0,0.00
1386930209,0,0,0,0,0.000000,0.000000,0.000000,0.000000,0.000000,0.000000,0.000000_0.000000i,0.000000_0.000000i,0,1,0,0.00
1386930209,0,0,0,0,0.000000,0.000000,0.000000,0.000000,0.000000,0.000000,0.000000_0.000000i,0.000000_0.000000i,0,1,0,0.00
1386930209,0,0,0,0,0.000000,0.000000,0.000000,0.000000,0.000000,0.000000,0.000000_0.000000i,0.000000_0.000000i,0,1,0,0.00
1386930209,0,0,0,0,0.000000,0.000000,0.000000,0.000000,0.000000,0.000000,0.000000_0.000000i,0.000000_0.000000i,0,1,0,0.00
1386930210,0,0,0,0,0.000000,0.000000,0.000000,0.000000,0.000000,0.000000,0.000000_0.000000i,0.000000_0.000000i,0,1,0,0.00
1386930210,0,0,0,0,0.000000,0.000000,0.000000,0.000000,0.000000,0.000000,0.000000_0.000000i,0.000000_0.000000i,0,1,0,0.00
1386930210,0,0,0,0,0.000000,0.000000,0.000000,0.000000,0.000000,0.000000,0.000000_0.000000i,0.000000_0.000000i,0,1,0,0.00
1386930210,0,0,0,0,0.000000,0.000000,0.000000,0.000000,0.000000,0.000000,0.000000_0.000000i,0.000000_0.000000i,0,1,0,0.00
1386930211,0,0,0,0,0.000000,0.000000,0.000000,0.000000,0.000000,0.000000,0.000000_0.000000i,0.000000_0.000000i,0,1,0,0.00
1386930211,0,0,0,0,0.000000,0.000000,0.000000,0.000000,0.000000,0.000000,0.000000_0.000000i,0.000000_0.000000i,0,1,0,0.00
1386930211,1,0,0,2,-6.156318,0.000000,-0.292963,50.147633,-3.315177,-173.135773,890.916016_113.638298i,859.866699_-259.372803i,0,1,0,0.00
1386930211,1,0,0,2,-6.156510,0.000000,-0.293155,50.101089,-3.315177,-173.025909,890.916016_113.638298i,859.866699_-259.372803i,0,1,0,0.00
1386930212,1,0,0,2,-6.156702,0.000000,-0.293347,50.068508,-3.315177,-172.915710,890.916016_113.638298i,859.866699_-259.372803i,0,1,0,0.00
1386930212,1,0,0,2,-6.156895,0.000000,-0.293541,50.040581,-3.315177,-172.805176,890.916016_113.638298i,859.866699_-259.372803i,0,1,0,0.00
1386930212,1,0,0,2,-6.157081,0.000000,-0.293726,50.021965,-3.315177,-172.699203,890.916016_113.638298i,859.866699_-259.372803i,0,1,0,0.00
1386930212,1,0,0,2,-6.157276,0.000000,-0.293921,50.008003,-3.315177,-172.587982,890.916016_113.638298i,859.866699_-259.372803i,0,1,0,0.00
1386930213,1,0,0,2,-6.156999,0.000000,-0.293644,49.998692,-3.315177,-172.746124,890.916016_113.638298i,859.866699_-259.372803i,0,1,0,0.00
1386930213,1,0,0,2,-6.156712,0.000000,-0.293357,49.989380,-3.315177,-172.910278,890.916016_113.638298i,859.866699_-259.372803i,0,1,0,0.00
1386930213,1,0,0,0,-6.156712,0.000000,-0.293357,49.989380,-3.315177,-172.910278,890.916016_113.638298i,859.866699_-259.372803i,0,1,0,0.00
1386930213,1,0,0,0,-6.156712,0.000000,-0.293357,49.989380,-3.315177,-172.910278,890.916016_113.638298i,859.866699_-259.372803i,0,1,0,0.00
1386930214,1,0,0,0,-6.156712,0.000000,-0.293357,49.989380,-3.315177,-172.910278,890.916016_113.638298i,859.866699_-259.372803i,0,1,0,0.00
1386930214,1,0,0,0,-6.156712,0.000000,-0.293357,49.989380,-3.315177,-172.910278,890.916016_113.638298i,859.866699_-259.372803i,0,1,0,0.00
1386930214,1,0,0,0,-6.156712,0.000000,-0.293357,49.989380,-3.315177,-172.910278,890.916016_113.638298i,859.866699_-259.372803i,0,1,0,0.00
1386930214,1,0,0,0,-6.156712,0.000000,-0.293357,49.989380,-3.315177,-172.910278,890.916016_113.638298i,859.866699_-259.372803i,0,1,0,0.00
1386930215,1,0,0,0,-6.156712,0.000000,-0.293357,49.989380,-3.315177,-172.910278,890.916016_113.638298i,859.866699_-259.372803i,0,1,0,0.00
1386930215,1,0,0,0,-6.156712,0.000000,-0.293357,49.989380,-3.315177,-172.910278,890.916016_113.638298i,859.866699_-259.372803i,0,1,0,0.00
1386930215,1,0,0,0,-6.156712,0.000000,-0.293357,49.989380,-3.315177,-172.910278,890.916016_113.638298i,859.866699_-259.372803i,0,1,0,0.00
1386930215,1,0,0,0,-6.156712,0.000000,-0.293357,49.989380,-3.315177,-172.910278,890.916016_113.638298i,859.866699_-259.372803i,0,1,0,0.00
1386930216,1,0,0,0,-6.156712,0.000000,-0.293357,49.989380,-3.315177,-172.910278,890.916016_113.638298i,859.866699_-259.372803i,0,1,0,0.00
1386930216,1,0,0,0,-6.156712,0.000000,-0.293357,49.989380,-3.315177,-172.910278,890.916016_113.638298i,859.866699_-259.372803i,0,1,0,0.00
1386930216,1,0,0,0,-6.156712,0.000000,-0.293357,49.989380,-3.315177,-172.910278,890.916016_113.638298i,859.866699_-259.372803i,0,1,0,0.00
1386930216,1,0,0,0,-6.156712,0.000000,-0.293357,49.989380,-3.315177,-172.910278,890.916016_113.638298i,859.866699_-259.372803i,0,1,0,0.00
1386930217,1,0,0,0,-6.156712,0.000000,-0.293357,49.989380,-3.315177,-172.910278,890.916016_113.638298i,859.866699_-259.372803i,0,1,0,0.00
1386930217,1,0,0,0,-6.156712,0.000000,-0.293357,49.989380,-3.315177,-172.910278,890.916016_113.638298i,859.866699_-259.372803i,0,1,0,0.00
1386930217,1,0,0,0,-6.156712,0.000000,-0.293357,49.989380,-3.315177,-172.910278,890.916016_113.638298i,859.866699_-259.372803i,0,1,0,0.00
1386930217,1,0,0,0,-6.156712,0.000000,-0.293357,49.989380,-3.315177,-172.910278,890.916016_113.638298i,859.866699_-259.372803i,0,1,0,0.00
1386930218,1,0,0,0,-6.156712,0.000000,-0.293357,49.989380,-3.315177,-172.910278,890.916016_113.638298i,859.866699_-259.372803i,0,1,0,0.00
1386930218,1,0,0,0,-6.156712,0.000000,-0.293357,49.989380,-3.315177,-172.910278,890.916016_113.638298i,859.866699_-259.372803i,0,1,0,0.00
1386930218,1,0,0,0,-6.156712,0.000000,-0.293357,49.989380,-3.315177,-172.910278,890.916016_113.638298i,859.866699_-259.372803i,0,1,0,0.00
1386930218,1,0,0,0,-6.156712,0.000000,-0.293357,49.989380,-3.315177,-172.910278,890.916016_113.638298i,859.866699_-259.372803i,0,1,0,0.00
1386930219,1,0,0,0,-6.156712,0.000000,-0.293357,49.989380,-3.315177,-172.910278,890.916016_113.638298i,859.866699_-259.372803i,0,1,0,0.00
1386930219,1,0,0,0,-6.156712,0.000000,-0.293357,49.989380,-3.315177,-172.910278,890.916016_113.638298i,859.866699_-259.372803i,0,1,0,0.00
1386930219,1,0,0,0,-6.156712,0.000000,-0.293357,49.989380,-3.315177,-172.910278,890.916016_113.638298i,859.866699_-259.372803i,0,1,0,0.00
1386930219,1,0,0,0,-6.156712,0.000000,-0.293357,49.989380,-3.315177,-172.910278,890.916016_113.638298i,859.866699_-259.372803i,0,1,0,0.00
1386930220,1,0,0,0,-6.156712,0.000000,-0.293357,49.989380,-3.315177,-172.910278,890.916016_113.638298i,859.866699_-259.372803i,0,1,0,0.00
1386930220,1,0,0,0,-6.156712,0.000000,-0.293357,49.989380,-3.315177,-172.910278,890.916016_113.638298i,859.866699_-259.372803i,0,1,0,0.00
1386930220,1,0,0,0,-6.156712,0.000000,-0.293357,49.989380,-3.315177,-172.910278,890.916016_113.638298i,859.866699_-259.372803i,0,1,0,0.00
1386930220,1,0,0,0,-6.156712,0.000000,-0.293357,49.989380,-3.315177,-172.910278,890.916016_113.638298i,859.866699_-259.372803i,0,1,0,0.00
1386930221,1,0,0,0,-6.156712,0.000000,-0.293357,49.989380,-3.315177,-172.910278,890.916016_113.638298i,859.866699_-259.372803i,0,1,0,0.00
1386930221,1,0,0,0,-6.156712,0.000000,-0.293357,49.989380,-3.315177,-172.910278,890.916016_113.638298i,859.866699_-259.372803i,0,1,0,0.00
1386930221,1,0,0,0,-6.156712,0.000000,-0.293357,49.989380,-3.315177,-172.910278,890.916016_113.638298i,859.866699_-259.372803i,0,1,0,0.00
1386930221,1,0,0,0,-6.156712,0.000000,-0.293357,49.989380,-3.315177,-172.910278,890.916016_113.638298i,859.866699_-259.372803i,0,1,0,0.00
1386930222,1,0,0,0,-6.156712,0.000000,-0.293357,49.989380,-3.315177,-172.910278,890.916016_113.638298i,859.866699_-259.372803i,0,1,0,0.00
1386930222,1,0,0,0,-6.156712,0.000000,-0.293357,49.989380,-3.315177,-172.910278,890.916016_113.638298i,859.866699_-259.372803i,0,1,0,0.00
1386930222,1,0,0,0,-6.156712,0.000000,-0.293357,49.989380,-3.315177,-172.910278,890.916016_113.638298i,859.866699_-259.372803i,0,1,0,0.00
1386930222,1,0,0,0,-6.156712,0.000000,-0.293357,49.989380,-3.315177,-172.910278,890.916016_113.638298i,859.866699_-259.372803i,0,1,0,0.00
1386930223,1,0,0,0,-6.156712,0.000000,-0.293357,49.989380,-3.315177,-172.910278,890.916016_113.638298i,859.866699_-259.372803i,0,1,0,0.00
1386930223,1,0,0,0,-6.156712,0.000000,-0.293357,49.989380,-3.315177,-172.910278,890.916016_113.638298i,859.866699_-259.372803i,0,1,0,0.00
1386930223,1,0,0,0,-6.156712,0.000000,-0.293357,49.989380,-3.315177,-172.910278,890.916016_113.638298i,859.866699_-259.372803i,0,1,0,0.00
1386930223,1,0,0,0,-6.156712,0.000000,-0.293357,49.989380,-3.315177,-172.910278,890.916016_113.638298i,859.866699_-259.372803i,0,1,0,0.00
1386930224,1,0,0,0,-6.156712,0.000000,-0.293357,49.989380,-3.315177,-172.910278,890.916016_113.638298i,859.866699_-259.372803i,0,1,0,0.00
1386930224,1,0,0,0,-6.156712,0.000000,-0.293357,49.989380,-3.315177,-172.910278,890.916016_113.638298i,859.866699_-259.372803i,0,1,0,0.00
1386930224,1,0,0,0,-6.156712,0.000000,-0.293357,49.989380,-3.315177,-172.910278,890.916016_113.638298i,859.866699_-259.372803i,0,1,0,0.00
1386930224,1,0,0,0,-6.156712,0.000000,-0.293357,49.989380,-3.315177,-172.910278,890.916016_113.638298i,859.866699_-259.372803i,0,1,0,0.00
1386930225,1,0,0,0,-6.156712,0.000000,-0.293357,49.989380,-3.315177,-172.910278,890.916016_113.638298i,859.866699_-259.372803i,0,1,0,0.00
1386930225,1,0,0,0,-6.156712,0.000000,-0.293357,49.989380,-3.315177,-172.910278,890.916016_113.638298i,859.866699_-259.372803i,0,1,0,0.00
1386930225,1,0,0,0,-6.156712,0.000000,-0.293357,49.989380,-3.315177,-172.910278,890.916016_113.638298i,859.866699_-259.372803i,0,1,0,0.00
1386930225,1,0,0,0,-6.156712,0.000000,-0.293357,49.989380,-3.315177,-172.910278,890.916016_113.638298i,859.866699_-259.372803i,0,1,0,0.00
1386930226,1,0,0,0,-6.156712,0.000000,-0.293357,49.989380,-3.315177,-172.910278,890.916016_113.638298i,859.866699_-259.372803i,0,1,0,0.00
1386930226,1,0,0,0,-6.156712,0.000000,-0.293357,49.989380,-3.315177,-172.910278,890.916016_113.638298i,859.866699_-259.372803i,0,1,0,0.00
1386930226,1,0,0,0,-6.156712,0.000000,-0.293357,49.989380,-3.315177,-172.910278,890.916016_113.638298i,859.866699_-259.372803i,0,1,0,0.00
1386930226,1,0,0,0,-6.156712,0.000000,-0.293357,49.989380,-3.315177,-172.910278,890.916016_113.638298i,859.866699_-259.372803i,0,1,0,0.00
1386930227,1,0,0,0,-6.156712,0.000000,-0.293357,49.989380,-3.315177,-172.910278,890.916016_113.638298i,859.866699_-259.372803i,0,1,0,0.00
1386930227,1,0,0,0,-6.156712,0.000000,-0.293357,49.989380,-3.315177,-172.910278,890.916016_113.638298i,859.866699_-259.372803i,0,1,0,0.00
1386930227,1,0,0,0,-6.156712,0.000000,-0.293357,49.989380,-3.315177,-172.910278,890.916016_113.638298i,859.866699_-259.372803i,0,1,0,0.00
1386930227,1,0,0,0,-6.156712,0.000000,-0.293357,49.989380,-3.315177,-172.910278,890.916016_113.638298i,859.866699_-259.372803i,0,1,0,0.00
1386930228,1,0,0,0,-6.156712,0.000000,-0.293357,49.989380,-3.315177,-172.910278,890.916016_113.638298i,859.866699_-259.372803i,0,1,0,0.00
1386930228,1,0,0,0,-6.156712,0.000000,-0.293357,49.989380,-3.315177,-172.910278,890.916016_113.638298i,859.866699_-259.372803i,0,1,0,0.00
1386930228,1,0,0,0,-6.156712,0.000000,-0.293357,49.989380,-3.315177,-172.910278,890.916016_113.638298i,859.866699_-259.372803i,0,1,0,0.00
1386930228,1,0,0,0,-6.156712,0.000000,-0.293357,49.989380,-3.315177,-172.910278,890.916016_113.638298i,859.866699_-259.372803i,0,1,0,0.00
1386930229,1,0,0,0,-6.156712,0.000000,-0.293357,49.989380,-3.315177,-172.910278,890.916016_113.638298i,859.866699_-259.372803i,0,1,0,0.00
1386930229,1,0,0,0,-6.156712,0.000000,-0.293357,49.989380,-3.315177,-172.910278,890.916016_113.638298i,859.866699_-259.372803i,0,1,0,0.00
1386930229,1,0,0,0,-6.156712,0.000000,-0.293357,49.989380,-3.315177,-172.910278,890.916016_113.638298i,859.866699_-259.372803i,0,1,0,0.00
1386930229,1,0,0,0,-6.156712,0.000000,-0.293357,49.989380,-3.315177,-172.910278,890.916016_113.638298i,859.866699_-259.372803i,0,1,0,0.00
1386930230,1,0,0,0,-6.156712,0.000000,-0.293357,49.989380,-3.315177,-172.910278,890.916016_113.638298i,859.866699_-259.372803i,0,1,0,0.00
1386930230,1,0,0,0,-6.156712,0.000000,-0.293357,49.989380,-3.315177,-172.910278,890.916016_113.638298i,859.866699_-259.372803i,0,1,0,0.00
1386930230,1,0,0,0,-6.156712,0.000000,-0.293357,49.989380,-3.315177,-172.910278,890.916016_113.638298i,859.866699_-259.372803i,0,1,0,0.00
1386930230,1,0,0,0,-6.156712,0.000000,-0.293357,49.989380,-3.315177,-172.910278,890.916016_113.638298i,859.866699_-259.372803i,0,1,0,0.00
1386930231,1,0,0,0,-6.156712,0.000000,-0.293357,49.989380,-3.315177,-172.910278,890.916016_113.638298i,859.866699_-259.372803i,0,1,0,0.00
1386930231,1,0,0,0,-6.156712,0.000000,-0.293357,49.989380,-3.315177,-172.910278,890.916016_113.638298i,859.866699_-259.372803i,0,1,0,0.00
1386930231,1,0,0,0,-6.156712,0.000000,-0.293357,49.989380,-3.315177,-172.910278,890.916016_113.638298i,859.866699_-259.372803i,0,1,0,0.00
1386930231,1,0,0,0,-6.156712,0.000000,-0.293357,49.989380,-3.315177,-172.910278,890.916016_113.638298i,859.866699_-259.372803i,0,1,0,0.00
1386930232,1,0,0,0,-6.156712,0.000000,-0.293357,49.989380,-3.315177,-172.910278,890.916016_113.638298i,859.866699_-259.372803i,0,1,0,0.00
1386930232,1,0,0,0,-6.156712,0.000000,-0.293357,49.989380,-3.315177,-172.910278,890.916016_113.638298i,859.866699_-259.372803i,0,1,0,0.00
1386930232,1,0,0,0,-6.156712,0.000000,-0.293357,49.989380,-3.315177,-172.910278,890.916016_113.638298i,859.866699_-259.372803i,0,1,0,0.00
1386930232,1,0,0,0,-6.156712,0.000000,-0.293357,49.989380,-3.315177,-172.910278,890.916016_113.638298i,859.866699_-259.372803i,0,1,0,0.00
1386930233,1,0,0,0,-6.156712,0.000000,-0.293357,49.989380,-3.315177,-172.910278,890.916016_113.638298i,859.866699_-259.372803i,0,1,0,0.00
1386930233,1,0,0,0,-6.156712,0.000000,-0.293357,49.989380,-3.315177,-172.910278,890.916016_113.638298i,859.866699_-259.372803i,0,1,0,0.00
1386930233,1,0,0,0,-6.156712,0.000000,-0.293357,49.989380,-3.315177,-172.910278,890.916016_113.638298i,859.866699_-259.372803i,0,1,0,0.00
1386930233,1,0,0,0,-6.156712,0.000000,-0.293357,49.989380,-3.315177,-172.910278,890.916016_113.638298i,859.866699_-259.372803i,0,1,0,0.00
1386930234,1,0,0,0,-6.156712,0.000000,-0.293357,49.989380,-3.315177,-172.910278,890.916016_113.638298i,859.866699_-259.372803i,0,1,0,0.00
1386930234,1,0,0,0,-6.156712,0.000000,-0.293357,49.989380,-3.315177,-172.910278,890.916016_113.638298i,859.866699_-259.372803i,0,1,0,0.00
1386930234,1,0,0,0,-6.156712,0.000000,-0.293357,49.989380,-3.315177,-172.910278,890.916016_113.638298i,859.866699_-259.372803i,0,1,0,0.00
1386930234,1,0,0,0,-6.156712,0.000000,-0.293357,49.989380,-3.315177,-172.910278,890.916016_113.638298i,859.866699_-259.372803i,0,1,0,0.00
1386930235,1,0,0,0,-6.156712,0.000000,-0.293357,49.989380,-3.315177,-172.910278,890.916016_113.638298i,859.866699_-259.372803i,0,1,0,0.00
1386930235,1,0,0,0,-6.156712,0.000000,-0.293357,49.989380,-3.315177,-172.910278,890.916016_113.638298i,859.866699_-259.372803i,0,1,0,0.00
1386930235,1,0,0,0,-6.156712,0.000000,-0.293357,49.989380,-3.315177,-172.910278,890.916016_113.638298i,859.866699_-259.372803i,0,1,0,0.00
1386930235,1,0,0,0,-6.156712,0.000000,-0.293357,49.989380,-3.315177,-172.910278,890.916016_113.638298i,859.866699_-259.372803i,0,1,0,0.00
1386930236,1,0,0,0,-6.156712,0.000000,-0.293357,49.989380,-3.315177,-172.910278,890.916016_113.638298i,859.866699_-259.372803i,0,1,0,0.00
1386930236,1,0,0,0,-6.156712,0.000000,-0.293357,49.989380,-3.315177,-172.910278,890.916016_113.638298i,859.866699_-259.372803i,0,1,0,0.00
1386930236,1,0,0,0,-6.156712,0.000000,-0.293357,49.989380,-3.315177,-172.910278,890.916016_113.638298i,859.866699_-259.372803i,0,1,0,0.00
1386930236,1,0,0,0,-6.156712,0.000000,-0.293357,49.989380,-3.315177,-172.910278,890.916016_113.638298i,859.866699_-259.372803i,0,1,0,0.00
1386930237,1,0,0,0,-6.156712,0.000000,-0.293357,49.989380,-3.315177,-172.910278,890.916016_113.638298i,859.866699_-259.372803i,0,1,0,0.00
1386930237,1,0,0,0,-6.156712,0.000000,-0.293357,49.989380,-3.315177,-172.910278,890.916016_113.638298i,859.866699_-259.372803i,0,1,0,0.00
1386930237,1,0,0,0,-6.156712,0.000000,-0.293357,49.989380,-3.315177,-172.910278,890.916016_113.638298i,859.866699_-259.372803i,0,1,0,0.00
1386930237,1,0,0,0,-6.156712,0.000000,-0.293357,49.989380,-3.315177,-172.910278,890.916016_113.638298i,859.866699_-259.372803i,0,1,0,0.00
1386930238,1,0,0,0,-6.156712,0.000000,-0.293357,49.989380,-3.315177,-172.910278,890.916016_113.638298i,859.866699_-259.372803i,0,1,0,0.00
1386930238,1,0,0,0,-6.156712,0.000000,-0.293357,49.989380,-3.315177,-172.910278,890.916016_113.638298i,859.866699_-259.372803i,0,1,0,0.00
1386930238,1,0,0,0,-6.156712,0.000000,-0.293357,49.989380,-3.315177,-172.910278,890.916016_113.638298i,859.866699_-259.372803i,0,1,0,0.00
1386930238,1,0,0,0,-6.156712,0.000000,-0.293357,49.989380,-3.315177,-172.910278,890.916016_113.638298i,859.866699_-259.372803i,0,1,0,0.00
1386930239,1,0,0,0,-6.156712,0.000000,-0.293357,49.989380,-3.315177,-172.910278,890.916016_113.638298i,859.866699_-259.372803i,0,1,0,0.00
1386930239,1,0,0,0,-6.156712,0.000000,-0.293357,49.989380,-3.315177,-172.910278,890.916016_113.638298i,859.866699_-259.372803i,0,1,0,0.00
1386930239,1,0,0,0,-6.156712,0.000000,-0.293357,49.989380,-3.315177,-172.910278,890.916016_113.638298i,859.866699_-259.372803i,0,1,0,0.00
1386930239,1,0,0,0,-6.156712,0.000000,-0.293357,49.989380,-3.315177,-172.910278,890.916016_113.638298i,859.866699_-259.372803i,0,1,0,0.00
1386930240,1,0,0,0,-6.156712,0.000000,-0.293357,49.989380,-3.315177,-172.910278,890.916016_113.638298i,859.866699_-259.372803i,0,1,0,0.00
1386930240,1,0,0,0,-6.156712,0.000000,-0.293357,49.989380,-3.315177,-172.910278,890.916016_113.638298i,859.866699_-259.372803i,0,1,0,0.00
1386930240,1,0,0,0,-6.156712,0.000000,-0.293357,49.989380,-3.315177,-172.910278,890.916016_113.638298i,859.866699_-259.372803i,0,1,0,0.00
1386930240,1,0,0,0,-6.156712,0.000000,-0.293357,49.989380,-3.315177,-172.910278,890.916016_113.638298i,859.866699_-259.372803i,0,1,0,0.00
1386930241,1,0,0,0,-6.156712,0.000000,-0.293357,49.989380,-3.315177,-172.910278,890.916016_113.638298i,859.866699_-259.372803i,0,1,0,0.00
1386930241,1,0,0,0,-6.156712,0.000000,-0.293357,49.989380,-3.315177,-172.910278,890.916016_113.638298i,859.866699_-259.372803i,0,1,0,0.00
