MCU_timestamp,sig1,sig2,sig3,fa_debug,theta_d1,theta_d,theta_d1_b,theta_b,a_x,b_x,X_b,X_T_b,sail_hc_periods,sail_hc_direction,sail_hc_val,sail_hc_MEAN_V
1386864849,0,0,0,0,0.000000,0.000000,0.000000,0.000000,0.000000,0.000000,0.000000_0.000000i,0.000000_0.000000i,0,1,0,0.00
1386864850,0,0,0,0,0.000000,0.000000,0.000000,0.000000,0.000000,0.000000,0.000000_0.000000i,0.000000_0.000000i,0,1,0,0.00
1386864850,0,0,0,0,0.000000,0.000000,0.000000,0.000000,0.000000,0.000000,0.000000_0.000000i,0.000000_0.000000i,0,1,0,0.00
1386864850,0,0,0,0,0.000000,0.000000,0.000000,0.000000,0.000000,0.000000,0.000000_0.000000i,0.000000_0.000000i,0,1,0,0.00
1386864850,0,0,0,0,0.000000,0.000000,0.000000,0.000000,0.000000,0.000000,0.000000_0.000000i,0.000000_0.000000i,0,1,0,0.00
1386864851,0,0,0,0,0.000000,0.000000,0.000000,0.000000,0.000000,0.000000,0.000000_0.000000i,0.000000_0.000000i,0,1,0,0.00
1386864851,0,0,0,0,0.000000,0.000000,0.000000,0.000000,0.000000,0.000000,0.000000_0.000000i,0.000000_0.000000i,0,1,0,0.00
1386864851,0,0,0,0,0.000000,0.000000,0.000000,0.000000,0.000000,0.000000,0.000000_0.000000i,0.000000_0.000000i,0,1,0,0.00
1386864851,0,0,0,0,0.000000,0.000000,0.000000,0.000000,0.000000,0.000000,0.000000_0.000000i,0.000000_0.000000i,0,1,0,0.00
1386864852,0,0,0,0,0.000000,0.000000,0.000000,0.000000,0.000000,0.000000,0.000000_0.000000i,0.000000_0.000000i,0,1,0,0.00
1386864852,0,0,0,0,0.000000,0.000000,0.000000,0.000000,0.000000,0.000000,0.000000_0.000000i,0.000000_0.000000i,0,1,0,0.00
1386864852,0,0,0,0,0.000000,0.000000,0.000000,0.000000,0.000000,0.000000,0.000000_0.000000i,0.000000_0.000000i,0,1,0,0.00
1386864852,0,0,0,0,0.000000,0.000000,0.000000,0.000000,0.000000,0.000000,0.000000_0.000000i,0.000000_0.000000i,0,1,0,0.00
1386864853,0,0,0,0,0.000000,0.000000,0.000000,0.000000,0.000000,0.000000,0.000000_0.000000i,0.000000_0.000000i,0,1,0,0.00
1386864853,0,0,0,0,0.000000,0.000000,0.000000,0.000000,0.000000,0.000000,0.000000_0.000000i,0.000000_0.000000i,0,1,0,0.00
1386864853,0,0,0,0,0.000000,0.000000,0.000000,0.000000,0.000000,0.000000,0.000000_0.000000i,0.000000_0.000000i,0,1,0,0.00
1386864853,0,0,0,0,0.000000,0.000000,0.000000,0.000000,0.000000,0.000000,0.000000_0.000000i,0.000000_0.000000i,0,1,0,0.00
1386864854,0,0,0,0,0.000000,0.000000,0.000000,0.000000,0.000000,0.000000,0.000000_0.000000i,0.000000_0.000000i,0,1,0,0.00
1386864854,0,0,0,0,0.000000,0.000000,0.000000,0.000000,0.000000,0.000000,0.000000_0.000000i,0.000000_0.000000i,0,1,0,0.00
1386864854,0,0,0,0,0.000000,0.000000,0.000000,0.000000,0.000000,0.000000,0.000000_0.000000i,0.000000_0.000000i,0,1,0,0.00
1386864854,0,0,0,0,0.000000,0.000000,0.000000,0.000000,0.000000,0.000000,0.000000_0.000000i,0.000000_0.000000i,0,1,0,0.00
1386864855,0,0,0,0,0.000000,0.000000,0.000000,0.000000,0.000000,0.000000,0.000000_0.000000i,0.000000_0.000000i,0,1,0,0.00
1386864855,0,0,0,0,0.000000,0.000000,0.000000,0.000000,0.000000,0.000000,0.000000_0.000000i,0.000000_0.000000i,0,1,0,0.00
1386864855,0,0,0,0,0.000000,0.000000,0.000000,0.000000,0.000000,0.000000,0.000000_0.000000i,0.000000_0.000000i,0,1,0,0.00
1386864855,0,0,0,0,0.000000,0.000000,0.000000,0.000000,0.000000,0.000000,0.000000_0.000000i,0.000000_0.000000i,0,1,0,0.00
1386864856,0,0,0,0,0.000000,0.000000,0.000000,0.000000,0.000000,0.000000,0.000000_0.000000i,0.000000_0.000000i,0,1,0,0.00
1386864856,0,0,0,0,0.000000,0.000000,0.000000,0.000000,0.000000,0.000000,0.000000_0.000000i,0.000000_0.000000i,0,1,0,0.00
1386864856,0,0,0,0,0.000000,0.000000,0.000000,0.000000,0.000000,0.000000,0.000000_0.000000i,0.000000_0.000000i,0,1,0,0.00
1386864856,0,0,0,0,0.000000,0.000000,0.000000,0.000000,0.000000,0.000000,0.000000_0.000000i,0.000000_0.000000i,0,1,0,0.00
1386864857,0,0,0,0,0.000000,0.000000,0.000000,0.000000,0.000000,0.000000,0.000000_0.000000i,0.000000_0.000000i,0,1,0,0.00
1386864857,0,0,0,0,0.000000,0.000000,0.000000,0.000000,0.000000,0.000000,0.000000_0.000000i,0.000000_0.000000i,0,1,0,0.00
1386864857,0,0,0,0,0.000000,0.000000,0.000000,0.000000,0.000000,0.000000,0.000000_0.000000i,0.000000_0.000000i,0,1,0,0.00
1386864857,0,0,0,0,0.000000,0.000000,0.000000,0.000000,0.000000,0.000000,0.000000_0.000000i,0.000000_0.000000i,0,1,0,0.00
1386864858,0,0,0,0,0.000000,0.000000,0.000000,0.000000,0.000000,0.000000,0.000000_0.000000i,0.000000_0.000000i,0,1,0,0.00
1386864858,0,0,0,0,0.000000,0.000000,0.000000,0.000000,0.000000,0.000000,0.000000_0.000000i,0.000000_0.000000i,0,1,0,0.00
1386864858,0,0,0,0,0.000000,0.000000,0.000000,0.000000,0.000000,0.000000,0.000000_0.000000i,0.000000_0.000000i,0,1,0,0.00
1386864858,0,0,0,0,0.000000,0.000000,0.000000,0.000000,0.000000,0.000000,0.000000_0.000000i,0.000000_0.000000i,0,1,0,0.00
1386864859,0,0,0,0,0.000000,0.000000,0.000000,0.000000,0.000000,0.000000,0.000000_0.000000i,0.000000_0.000000i,0,1,0,0.00
1386864859,0,0,0,0,0.000000,0.000000,0.000000,0.000000,0.000000,0.000000,0.000000_0.000000i,0.000000_0.000000i,0,1,0,0.00
1386864859,0,0,0,0,0.000000,0.000000,0.000000,0.000000,0.000000,0.000000,0.000000_0.000000i,0.000000_0.000000i,0,1,0,0.00
1386864859,0,0,0,0,0.000000,0.000000,0.000000,0.000000,0.000000,0.000000,0.000000_0.000000i,0.000000_0.000000i,0,1,0,0.00
1386864860,0,0,0,0,0.000000,0.000000,0.000000,0.000000,0.000000,0.000000,0.000000_0.000000i,0.000000_0.000000i,0,1,0,0.00
1386864860,0,0,0,0,0.000000,0.000000,0.000000,0.000000,0.000000,0.000000,0.000000_0.000000i,0.000000_0.000000i,0,1,0,0.00
1386864860,0,0,0,0,0.000000,0.000000,0.000000,0.000000,0.000000,0.000000,0.000000_0.000000i,0.000000_0.000000i,0,1,0,0.00
1386864860,0,0,0,0,0.000000,0.000000,0.000000,0.000000,0.000000,0.000000,0.000000_0.000000i,0.000000_0.000000i,0,1,0,0.00
1386864861,0,0,0,0,0.000000,0.000000,0.000000,0.000000,0.000000,0.000000,0.000000_0.000000i,0.000000_0.000000i,0,1,0,0.00
1386864861,0,0,0,0,0.000000,0.000000,0.000000,0.000000,0.000000,0.000000,0.000000_0.000000i,0.000000_0.000000i,0,1,0,0.00
1386864861,0,0,0,0,0.000000,0.000000,0.000000,0.000000,0.000000,0.000000,0.000000_0.000000i,0.000000_0.000000i,0,1,0,0.00
1386864861,0,0,0,0,0.000000,0.000000,0.000000,0.000000,0.000000,0.000000,0.000000_0.000000i,0.000000_0.000000i,0,1,0,0.00
1386864862,0,0,0,0,0.000000,0.000000,0.000000,0.000000,0.000000,0.000000,0.000000_0.000000i,0.000000_0.000000i,0,1,0,0.00
1386864862,0,0,0,0,0.000000,0.000000,0.000000,0.000000,0.000000,0.000000,0.000000_0.000000i,0.000000_0.000000i,0,1,0,0.00
1386864862,0,0,0,0,0.000000,0.000000,0.000000,0.000000,0.000000,0.000000,0.000000_0.000000i,0.000000_0.000000i,0,1,0,0.00
1386864862,0,0,0,0,0.000000,0.000000,0.000000,0.000000,0.000000,0.000000,0.000000_0.000000i,0.000000_0.000000i,0,1,0,0.00
1386864863,0,0,0,0,0.000000,0.000000,0.000000,0.000000,0.000000,0.000000,0.000000_0.000000i,0.000000_0.000000i,0,1,0,0.00
1386864863,0,0,0,0,0.000000,0.000000,0.000000,0.000000,0.000000,0.000000,0.000000_0.000000i,0.000000_0.000000i,0,1,0,0.00
1386864863,0,0,0,0,0.000000,0.000000,0.000000,0.000000,0.000000,0.000000,0.000000_0.000000i,0.000000_0.000000i,0,1,0,0.00
1386864863,0,0,0,0,0.000000,0.000000,0.000000,0.000000,0.000000,0.000000,0.000000_0.000000i,0.000000_0.000000i,0,1,0,0.00
1386864864,0,0,0,0,0.000000,0.000000,0.000000,0.000000,0.000000,0.000000,0.000000_0.000000i,0.000000_0.000000i,0,1,0,0.00
1386864864,0,0,0,0,0.000000,0.000000,0.000000,0.000000,0.000000,0.000000,0.000000_0.000000i,0.000000_0.000000i,0,1,0,0.00
1386864864,0,0,0,0,0.000000,0.000000,0.000000,0.000000,0.000000,0.000000,0.000000_0.000000i,0.000000_0.000000i,0,1,0,0.00
1386864864,0,0,0,0,0.000000,0.000000,0.000000,0.000000,0.000000,0.000000,0.000000_0.000000i,0.000000_0.000000i,0,1,0,0.00
1386864865,0,0,0,0,0.000000,0.000000,0.000000,0.000000,0.000000,0.000000,0.000000_0.000000i,0.000000_0.000000i,0,1,0,0.00
1386864865,0,0,0,0,0.000000,0.000000,0.000000,0.000000,0.000000,0.000000,0.000000_0.000000i,0.000000_0.000000i,0,1,0,0.00
1386864865,0,0,0,0,0.000000,0.000000,0.000000,0.000000,0.000000,0.000000,0.000000_0.000000i,0.000000_0.000000i,0,1,0,0.00
1386864865,1,2,2,7353,-8.115851,0.000000,-2.252496,7.370876,0.811477,-64.391289,-97.714157_-364.571930i,-237.830093_-293.082916i,0,1,0,0.00
1386864866,2,2,2,7353,-8.115851,0.000000,-2.252496,7.207978,0.811477,-64.391289,-97.714157_-364.571930i,-237.830093_-293.082916i,0,1,0,0.00
1386864866,2,2,2,7353,-8.115851,0.000000,-2.252496,7.045081,0.811477,-64.391289,-97.714157_-364.571930i,-237.830093_-293.082916i,0,1,0,0.00
1386864866,2,2,2,7353,-8.115851,0.000000,-2.252496,6.882184,0.811477,-64.391289,-97.714157_-364.571930i,-237.830093_-293.082916i,0,1,0,0.00
1386864866,2,2,2,7353,-8.115851,0.000000,-2.252496,6.719286,0.811477,-64.391289,-97.714157_-364.571930i,-237.830093_-293.082916i,0,1,0,0.00
1386864867,2,2,2,7353,-8.115851,0.000000,-2.252496,6.556389,0.811477,-64.391289,-97.714157_-364.571930i,-237.830093_-293.082916i,0,1,0,0.00
1386864867,2,2,2,7353,-8.115851,0.000000,-2.252496,6.393491,0.811477,-64.391289,-97.714157_-364.571930i,-237.830093_-293.082916i,0,1,0,0.00
1386864867,2,2,2,7353,-8.115851,0.000000,-2.252496,6.230594,0.811477,-64.391289,-97.714157_-364.571930i,-237.830093_-293.082916i,0,1,0,0.00
1386864867,2,2,2,7353,-8.115851,0.000000,-2.252496,6.067697,0.811477,-64.391289,-97.714157_-364.571930i,-237.830093_-293.082916i,0,1,0,0.00
1386864868,2,2,2,7353,-8.115851,0.000000,-2.252496,5.904799,0.811477,-64.391289,-97.714157_-364.571930i,-237.830093_-293.082916i,0,1,0,0.00
1386864868,2,2,2,7353,-8.115851,0.000000,-2.252496,5.741902,0.811477,-64.391289,-97.714157_-364.571930i,-237.830093_-293.082916i,0,1,0,0.00
1386864868,2,2,2,7353,-8.115851,0.000000,-2.252496,5.606929,0.811477,-64.391289,-97.714157_-364.571930i,-237.830093_-293.082916i,0,1,0,0.00
1386864868,2,2,2,7353,-8.115851,0.000000,-2.252496,5.509191,0.811477,-64.391289,-97.714157_-364.571930i,-237.830093_-293.082916i,0,1,0,0.00
1386864869,2,2,2,7353,-8.115851,0.000000,-2.252496,5.434724,0.811477,-64.391289,-97.714157_-364.571930i,-237.830093_-293.082916i,0,1,0,0.00
1386864869,2,2,2,7353,-8.115851,0.000000,-2.252496,5.383527,0.811477,-64.391289,-97.714157_-364.571930i,-237.830093_-293.082916i,0,1,0,0.00
1386864869,2,2,2,7353,-8.115851,0.000000,-2.252496,5.346293,0.811477,-64.391289,-97.714157_-364.571930i,-237.830093_-293.082916i,0,1,0,0.00
1386864869,2,2,2,7353,-8.115851,0.000000,-2.252496,5.318368,0.811477,-64.391289,-97.714157_-364.571930i,-237.830093_-293.082916i,0,1,0,0.00
1386864870,2,2,2,7353,-8.115851,0.000000,-2.252496,5.295097,0.811477,-64.391289,-97.714157_-364.571930i,-237.830093_-293.082916i,0,1,0,0.00
1386864870,2,2,2,7353,-8.115851,0.000000,-2.252496,5.281135,0.811477,-64.391289,-97.714157_-364.571930i,-237.830093_-293.082916i,0,1,0,0.00
1386864870,2,2,2,7353,-8.115851,0.000000,-2.252496,5.267172,0.811477,-64.391289,-97.714157_-364.571930i,-237.830093_-293.082916i,0,1,0,0.00
1386864870,2,2,2,7353,-8.115851,0.000000,-2.252496,5.257864,0.811477,-64.391289,-97.714157_-364.571930i,-237.830093_-293.082916i,0,1,0,0.00
1386864871,2,2,2,7353,-8.115851,0.000000,-2.252496,5.253209,0.811477,-64.391289,-97.714157_-364.571930i,-237.830093_-293.082916i,0,1,0,0.00
1386864871,2,2,2,7353,-8.115851,0.000000,-2.252496,5.248555,0.811477,-64.391289,-97.714157_-364.571930i,-237.830093_-293.082916i,0,1,0,0.00
1386864871,2,2,2,7353,-8.115851,0.000000,-2.252496,5.243901,0.811477,-64.391289,-97.714157_-364.571930i,-237.830093_-293.082916i,0,1,0,0.00
1386864871,2,2,2,7353,-8.115851,0.000000,-2.252496,5.243901,0.811477,-64.391289,-97.714157_-364.571930i,-237.830093_-293.082916i,0,1,0,0.00
1386864872,2,2,2,7353,-8.115851,0.000000,-2.252496,5.243901,0.811477,-64.391289,-97.714157_-364.571930i,-237.830093_-293.082916i,0,1,0,0.00
1386864872,2,2,2,7353,-8.115851,0.000000,-2.252496,5.243901,0.811477,-64.391289,-97.714157_-364.571930i,-237.830093_-293.082916i,0,1,0,0.00
1386864872,2,2,2,7353,-8.115851,0.000000,-2.252496,5.243901,0.811477,-64.391289,-97.714157_-364.571930i,-237.830093_-293.082916i,0,1,0,0.00
1386864872,2,2,2,7353,-8.115851,0.000000,-2.252496,5.243901,0.811477,-64.391289,-97.714157_-364.571930i,-237.830093_-293.082916i,0,1,0,0.00
1386864873,2,2,2,7353,-8.115851,0.000000,-2.252496,5.243901,0.811477,-64.391289,-97.714157_-364.571930i,-237.830093_-293.082916i,0,1,0,0.00
1386864873,2,2,2,7353,-8.115851,0.000000,-2.252496,5.243901,0.811477,-64.391289,-97.714157_-364.571930i,-237.830093_-293.082916i,0,1,0,0.00
1386864873,2,2,2,7353,-8.115851,0.000000,-2.252496,5.243901,0.811477,-64.391289,-97.714157_-364.571930i,-237.830093_-293.082916i,0,1,0,0.00
1386864873,2,2,2,7353,-8.115851,0.000000,-2.252496,5.243901,0.811477,-64.391289,-97.714157_-364.571930i,-237.830093_-293.082916i,0,1,0,0.00
1386864874,2,2,2,7353,-8.115851,0.000000,-2.252496,5.243901,0.811477,-64.391289,-97.714157_-364.571930i,-237.830093_-293.082916i,0,1,0,0.00
1386864874,2,2,2,7353,-8.115851,0.000000,-2.252496,5.243901,0.811477,-64.391289,-97.714157_-364.571930i,-237.830093_-293.082916i,0,1,0,0.00
1386864874,2,2,2,7353,-8.115851,0.000000,-2.252496,5.243901,0.811477,-64.391289,-97.714157_-364.571930i,-237.830093_-293.082916i,0,1,0,0.00
1386864874,2,2,2,7353,-8.115851,0.000000,-2.252496,5.243901,0.811477,-64.391289,-97.714157_-364.571930i,-237.830093_-293.082916i,0,1,0,0.00
1386864875,2,2,2,7353,-8.115851,0.000000,-2.252496,5.243901,0.811477,-64.391289,-97.714157_-364.571930i,-237.830093_-293.082916i,0,1,0,0.00
1386864875,2,2,2,7353,-8.115851,0.000000,-2.252496,5.406798,0.811477,-64.391289,-97.714157_-364.571930i,-237.830093_-293.082916i,0,1,0,0.00
1386864875,2,2,2,7353,-8.115851,0.000000,-2.252496,5.243901,0.811477,-64.391289,-97.714157_-364.571930i,-237.830093_-293.082916i,0,1,0,0.00
1386864875,2,2,2,7353,-8.115851,0.000000,-2.252496,5.406798,0.811477,-64.391289,-97.714157_-364.571930i,-237.830093_-293.082916i,0,1,0,0.00
1386864876,2,2,2,7353,-8.115851,0.000000,-2.252496,5.569695,0.811477,-64.391289,-97.714157_-364.571930i,-237.830093_-293.082916i,0,1,0,0.00
1386864876,2,2,2,7353,-8.115851,0.000000,-2.252496,5.732593,0.811477,-64.391289,-97.714157_-364.571930i,-237.830093_-293.082916i,0,1,0,0.00
1386864876,2,2,2,7353,-8.115851,0.000000,-2.252496,5.895491,0.811477,-64.391289,-97.714157_-364.571930i,-237.830093_-293.082916i,0,1,0,0.00
1386864876,2,2,2,7353,-8.115851,0.000000,-2.252496,6.058388,0.811477,-64.391289,-97.714157_-364.571930i,-237.830093_-293.082916i,0,1,0,0.00
1386864877,2,2,2,7353,-8.115851,0.000000,-2.252496,6.221285,0.811477,-64.391289,-97.714157_-364.571930i,-237.830093_-293.082916i,0,1,0,0.00
1386864877,2,2,2,7353,-8.115851,0.000000,-2.252496,6.384183,0.811477,-64.391289,-97.714157_-364.571930i,-237.830093_-293.082916i,0,1,0,0.00
1386864877,2,2,2,7353,-8.115851,0.000000,-2.252496,6.547080,0.811477,-64.391289,-97.714157_-364.571930i,-237.830093_-293.082916i,0,1,0,0.00
1386864877,2,2,2,7353,-8.115851,0.000000,-2.252496,6.709978,0.811477,-64.391289,-97.714157_-364.571930i,-237.830093_-293.082916i,0,1,0,0.00
1386864878,2,2,2,7353,-8.115851,0.000000,-2.252496,6.872875,0.811477,-64.391289,-97.714157_-364.571930i,-237.830093_-293.082916i,0,1,0,0.00
1386864878,2,2,2,7353,-8.115851,0.000000,-2.252496,7.035772,0.811477,-64.391289,-97.714157_-364.571930i,-237.830093_-293.082916i,0,1,0,0.00
1386864878,2,2,2,7353,-8.115851,0.000000,-2.252496,7.198670,0.811477,-64.391289,-97.714157_-364.571930i,-237.830093_-293.082916i,0,1,0,0.00
1386864878,2,2,2,7353,-8.115851,0.000000,-2.252496,7.226595,0.811477,-64.391289,-97.714157_-364.571930i,-237.830093_-293.082916i,0,1,0,0.00
1386864879,2,2,2,7353,-8.115851,0.000000,-2.252496,7.389493,0.811477,-64.391289,-97.714157_-364.571930i,-237.830093_-293.082916i,0,1,0,0.00
1386864879,2,2,2,7353,-8.115851,0.000000,-2.252496,7.515156,0.811477,-64.391289,-97.714157_-364.571930i,-237.830093_-293.082916i,0,1,0,0.00
1386864879,2,2,2,7353,-8.115851,0.000000,-2.252496,7.352259,0.811477,-64.391289,-97.714157_-364.571930i,-237.830093_-293.082916i,0,1,0,0.00
1386864879,2,2,2,7353,-8.115851,0.000000,-2.252496,7.487231,0.811477,-64.391289,-97.714157_-364.571930i,-237.830093_-293.082916i,0,1,0,0.00
1386864880,2,2,2,7353,-8.115851,0.000000,-2.252496,7.584969,0.811477,-64.391289,-97.714157_-364.571930i,-237.830093_-293.082916i,0,1,0,0.00
1386864880,2,2,2,7353,-8.115851,0.000000,-2.252496,7.654782,0.811477,-64.391289,-97.714157_-364.571930i,-237.830093_-293.082916i,0,1,0,0.00
1386864880,2,2,2,7353,-8.115851,0.000000,-2.252496,7.705979,0.811477,-64.391289,-97.714157_-364.571930i,-237.830093_-293.082916i,0,1,0,0.00
1386864881,2,2,2,7353,-8.115851,0.000000,-2.252496,7.743213,0.811477,-64.391289,-97.714157_-364.571930i,-237.830093_-293.082916i,0,1,0,0.00
1386864881,2,2,2,7353,-8.115851,0.000000,-2.252496,7.771138,0.811477,-64.391289,-97.714157_-364.571930i,-237.830093_-293.082916i,0,1,0,0.00
1386864881,2,2,2,7353,-8.115851,0.000000,-2.252496,7.794409,0.811477,-64.391289,-97.714157_-364.571930i,-237.830093_-293.082916i,0,1,0,0.00
1386864881,2,2,2,7353,-8.115851,0.000000,-2.252496,7.808372,0.811477,-64.391289,-97.714157_-364.571930i,-237.830093_-293.082916i,0,1,0,0.00
1386864882,2,2,2,7353,-8.115851,0.000000,-2.252496,7.822334,0.811477,-64.391289,-97.714157_-364.571930i,-237.830093_-293.082916i,0,1,0,0.00
1386864882,2,2,2,7353,-8.115851,0.000000,-2.252496,7.831643,0.811477,-64.391289,-97.714157_-364.571930i,-237.830093_-293.082916i,0,1,0,0.00
1386864882,2,2,2,7353,-8.115851,0.000000,-2.252496,7.836297,0.811477,-64.391289,-97.714157_-364.571930i,-237.830093_-293.082916i,0,1,0,0.00
1386864882,2,2,2,7353,-8.115851,0.000000,-2.252496,7.840951,0.811477,-64.391289,-97.714157_-364.571930i,-237.830093_-293.082916i,0,1,0,0.00
1386864883,2,2,2,7353,-8.115851,0.000000,-2.252496,7.845605,0.811477,-64.391289,-97.714157_-364.571930i,-237.830093_-293.082916i,0,1,0,0.00
1386864883,2,2,2,7353,-8.115851,0.000000,-2.252496,7.845605,0.811477,-64.391289,-97.714157_-364.571930i,-237.830093_-293.082916i,0,1,0,0.00
1386864883,2,2,2,7353,-8.115851,0.000000,-2.252496,7.845605,0.811477,-64.391289,-97.714157_-364.571930i,-237.830093_-293.082916i,0,1,0,0.00
1386864883,2,2,2,7353,-8.115851,0.000000,-2.252496,7.845605,0.811477,-64.391289,-97.714157_-364.571930i,-237.830093_-293.082916i,0,1,0,0.00
1386864884,2,2,2,7353,-8.115851,0.000000,-2.252496,7.845605,0.811477,-64.391289,-97.714157_-364.571930i,-237.830093_-293.082916i,0,1,0,0.00
1386864884,2,2,2,7353,-8.115851,0.000000,-2.252496,7.845605,0.811477,-64.391289,-97.714157_-364.571930i,-237.830093_-293.082916i,0,1,0,0.00
1386864884,2,2,2,7353,-8.115851,0.000000,-2.252496,7.845605,0.811477,-64.391289,-97.714157_-364.571930i,-237.830093_-293.082916i,0,1,0,0.00
1386864884,2,2,2,7353,-8.115851,0.000000,-2.252496,7.845605,0.811477,-64.391289,-97.714157_-364.571930i,-237.830093_-293.082916i,0,1,0,0.00
1386864885,2,2,2,7353,-8.115851,0.000000,-2.252496,7.845605,0.811477,-64.391289,-97.714157_-364.571930i,-237.830093_-293.082916i,0,1,0,0.00
1386864885,2,2,2,7353,-8.115851,0.000000,-2.252496,7.845605,0.811477,-64.391289,-97.714157_-364.571930i,-237.830093_-293.082916i,0,1,0,0.00
1386864885,2,2,2,7353,-8.115851,0.000000,-2.252496,7.845605,0.811477,-64.391289,-97.714157_-364.571930i,-237.830093_-293.082916i,0,1,0,0.00
1386864885,2,2,2,7353,-8.115851,0.000000,-2.252496,7.845605,0.811477,-64.391289,-97.714157_-364.571930i,-237.830093_-293.082916i,0,1,0,0.00
1386864886,2,2,2,7353,-8.115851,0.000000,-2.252496,7.845605,0.811477,-64.391289,-97.714157_-364.571930i,-237.830093_-293.082916i,0,1,0,0.00
1386864886,2,2,2,7353,-8.115851,0.000000,-2.252496,7.845605,0.811477,-64.391289,-97.714157_-364.571930i,-237.830093_-293.082916i,0,1,0,0.00
1386864886,2,2,2,7353,-8.115851,0.000000,-2.252496,7.845605,0.811477,-64.391289,-97.714157_-364.571930i,-237.830093_-293.082916i,0,1,0,0.00
1386864886,2,2,2,7353,-8.115851,0.000000,-2.252496,7.845605,0.811477,-64.391289,-97.714157_-364.571930i,-237.830093_-293.082916i,0,1,0,0.00
1386864887,2,2,2,7353,-8.115851,0.000000,-2.252496,7.845605,0.811477,-64.391289,-97.714157_-364.571930i,-237.830093_-293.082916i,0,1,0,0.00
1386864887,2,2,2,7353,-8.115851,0.000000,-2.252496,7.845605,0.811477,-64.391289,-97.714157_-364.571930i,-237.830093_-293.082916i,0,1,0,0.00
1386864887,2,2,2,7353,-8.115851,0.000000,-2.252496,7.845605,0.811477,-64.391289,-97.714157_-364.571930i,-237.830093_-293.082916i,0,1,0,0.00
1386864887,2,2,2,7353,-8.115851,0.000000,-2.252496,7.845605,0.811477,-64.391289,-97.714157_-364.571930i,-237.830093_-293.082916i,0,1,0,0.00
1386864888,2,2,2,7353,-8.115851,0.000000,-2.252496,7.845605,0.811477,-64.391289,-97.714157_-364.571930i,-237.830093_-293.082916i,0,1,0,0.00
1386864888,2,2,2,7353,-8.115851,0.000000,-2.252496,7.845605,0.811477,-64.391289,-97.714157_-364.571930i,-237.830093_-293.082916i,0,1,0,0.00
1386864888,2,2,2,7353,-8.115851,0.000000,-2.252496,7.845605,0.811477,-64.391289,-97.714157_-364.571930i,-237.830093_-293.082916i,0,1,0,0.00
1386864888,2,2,2,7353,-8.115851,0.000000,-2.252496,7.845605,0.811477,-64.391289,-97.714157_-364.571930i,-237.830093_-293.082916i,0,1,0,0.00
1386864889,2,2,2,7353,-8.115851,0.000000,-2.252496,7.845605,0.811477,-64.391289,-97.714157_-364.571930i,-237.830093_-293.082916i,0,1,0,0.00
1386864889,2,2,2,7353,-8.115851,0.000000,-2.252496,7.845605,0.811477,-64.391289,-97.714157_-364.571930i,-237.830093_-293.082916i,0,1,0,0.00
1386864889,2,2,2,7353,-8.115851,0.000000,-2.252496,7.845605,0.811477,-64.391289,-97.714157_-364.571930i,-237.830093_-293.082916i,0,1,0,0.00
1386864889,2,2,2,7353,-8.115851,0.000000,-2.252496,7.845605,0.811477,-64.391289,-97.714157_-364.571930i,-237.830093_-293.082916i,0,1,0,0.00
