MCU_timestamp,sig1,sig2,sig3,fa_debug,theta_d1,theta_d,theta_d1_b,theta_b,a_x,b_x,X_b,X_T_b,sail_hc_periods,sail_hc_direction,sail_hc_val,sail_hc_MEAN_V
1386921247,0,0,0,0,0.000000,0.000000,0.000000,0.000000,0.000000,0.000000,0.000000_0.000000i,0.000000_0.000000i,0,1,0,0.00
1386921247,0,0,0,0,0.000000,0.000000,0.000000,0.000000,0.000000,0.000000,0.000000_0.000000i,0.000000_0.000000i,0,1,0,0.00
1386921248,0,0,0,0,0.000000,0.000000,0.000000,0.000000,0.000000,0.000000,0.000000_0.000000i,0.000000_0.000000i,0,1,0,0.00
1386921248,0,0,0,0,0.000000,0.000000,0.000000,0.000000,0.000000,0.000000,0.000000_0.000000i,0.000000_0.000000i,0,1,0,0.00
1386921248,0,0,0,0,0.000000,0.000000,0.000000,0.000000,0.000000,0.000000,0.000000_0.000000i,0.000000_0.000000i,0,1,0,0.00
1386921248,0,0,0,0,0.000000,0.000000,0.000000,0.000000,0.000000,0.000000,0.000000_0.000000i,0.000000_0.000000i,0,1,0,0.00
1386921249,0,0,0,0,0.000000,0.000000,0.000000,0.000000,0.000000,0.000000,0.000000_0.000000i,0.000000_0.000000i,0,1,0,0.00
1386921249,0,0,0,0,0.000000,0.000000,0.000000,0.000000,0.000000,0.000000,0.000000_0.000000i,0.000000_0.000000i,0,1,0,0.00
1386921249,0,0,0,0,0.000000,0.000000,0.000000,0.000000,0.000000,0.000000,0.000000_0.000000i,0.000000_0.000000i,0,1,0,0.00
1386921249,0,0,0,0,0.000000,0.000000,0.000000,0.000000,0.000000,0.000000,0.000000_0.000000i,0.000000_0.000000i,0,1,0,0.00
1386921250,0,0,0,0,0.000000,0.000000,0.000000,0.000000,0.000000,0.000000,0.000000_0.000000i,0.000000_0.000000i,0,1,0,0.00
1386921250,0,0,0,0,0.000000,0.000000,0.000000,0.000000,0.000000,0.000000,0.000000_0.000000i,0.000000_0.000000i,0,1,0,0.00
1386921250,0,0,0,0,0.000000,0.000000,0.000000,0.000000,0.000000,0.000000,0.000000_0.000000i,0.000000_0.000000i,0,1,0,0.00
1386921250,0,0,0,0,0.000000,0.000000,0.000000,0.000000,0.000000,0.000000,0.000000_0.000000i,0.000000_0.000000i,0,1,0,0.00
1386921251,0,0,0,0,0.000000,0.000000,0.000000,0.000000,0.000000,0.000000,0.000000_0.000000i,0.000000_0.000000i,0,1,0,0.00
1386921251,0,0,0,0,0.000000,0.000000,0.000000,0.000000,0.000000,0.000000,0.000000_0.000000i,0.000000_0.000000i,0,1,0,0.00
1386921251,0,0,0,0,0.000000,0.000000,0.000000,0.000000,0.000000,0.000000,0.000000_0.000000i,0.000000_0.000000i,0,1,0,0.00
1386921251,0,0,0,0,0.000000,0.000000,0.000000,0.000000,0.000000,0.000000,0.000000_0.000000i,0.000000_0.000000i,0,1,0,0.00
1386921252,1,2,2,7353,-7.957750,0.000000,-2.094395,23.046253,0.126575,-100.797874,51.148689_-168.978882i,-22.169937_-175.152924i,0,1,0,0.00
1386921252,2,2,2,7353,-7.957750,0.000000,-2.094395,23.209150,0.126575,-100.797874,51.148689_-168.978882i,-22.169937_-175.152924i,0,1,0,0.00
1386921252,2,2,2,7353,-7.957750,0.000000,-2.094395,23.372047,0.126575,-100.797874,51.148689_-168.978882i,-22.169937_-175.152924i,0,1,0,0.00
1386921253,2,2,2,7353,-7.957750,0.000000,-2.094395,23.534943,0.126575,-100.797874,51.148689_-168.978882i,-22.169937_-175.152924i,0,1,0,0.00
1386921253,2,2,2,7353,-7.957750,0.000000,-2.094395,23.683880,0.126575,-100.797874,51.148689_-168.978882i,-22.169937_-175.152924i,0,1,0,0.00
1386921253,2,2,2,7353,-7.957750,0.000000,-2.094395,23.790924,0.126575,-100.797874,51.148689_-168.978882i,-22.169937_-175.152924i,0,1,0,0.00
1386921253,2,2,2,7353,-7.957750,0.000000,-2.094395,23.870049,0.126575,-100.797874,51.148689_-168.978882i,-22.169937_-175.152924i,0,1,0,0.00
1386921254,2,2,2,7353,-7.957750,0.000000,-2.094395,23.925900,0.126575,-100.797874,51.148689_-168.978882i,-22.169937_-175.152924i,0,1,0,0.00
1386921254,2,2,2,7353,-7.957750,0.000000,-2.094395,23.967785,0.126575,-100.797874,51.148689_-168.978882i,-22.169937_-175.152924i,0,1,0,0.00
1386921254,2,2,2,7353,-7.957750,0.000000,-2.094395,24.000366,0.126575,-100.797874,51.148689_-168.978882i,-22.169937_-175.152924i,0,1,0,0.00
1386921254,2,2,2,7353,-7.957750,0.000000,-2.094395,24.023636,0.126575,-100.797874,51.148689_-168.978882i,-22.169937_-175.152924i,0,1,0,0.00
1386921255,2,2,2,7353,-7.957750,0.000000,-2.094395,24.042252,0.126575,-100.797874,51.148689_-168.978882i,-22.169937_-175.152924i,0,1,0,0.00
1386921255,2,2,2,7353,-7.957750,0.000000,-2.094395,24.051559,0.126575,-100.797874,51.148689_-168.978882i,-22.169937_-175.152924i,0,1,0,0.00
1386921255,2,2,2,7353,-7.957750,0.000000,-2.094395,24.060871,0.126575,-100.797874,51.148689_-168.978882i,-22.169937_-175.152924i,0,1,0,0.00
1386921255,2,2,2,7353,-7.957750,0.000000,-2.094395,24.065525,0.126575,-100.797874,51.148689_-168.978882i,-22.169937_-175.152924i,0,1,0,0.00
1386921256,2,2,2,7353,-7.957750,0.000000,-2.094395,24.070179,0.126575,-100.797874,51.148689_-168.978882i,-22.169937_-175.152924i,0,1,0,0.00
1386921256,2,2,2,7353,-7.957750,0.000000,-2.094395,24.074833,0.126575,-100.797874,51.148689_-168.978882i,-22.169937_-175.152924i,0,1,0,0.00
1386921256,2,2,2,7353,-7.957750,0.000000,-2.094395,24.079487,0.126575,-100.797874,51.148689_-168.978882i,-22.169937_-175.152924i,0,1,0,0.00
1386921256,2,2,2,7353,-7.957750,0.000000,-2.094395,24.079487,0.126575,-100.797874,51.148689_-168.978882i,-22.169937_-175.152924i,0,1,0,0.00
1386921257,2,2,2,7353,-7.957750,0.000000,-2.094395,24.079487,0.126575,-100.797874,51.148689_-168.978882i,-22.169937_-175.152924i,0,1,0,0.00
1386921257,2,2,2,7353,-7.957750,0.000000,-2.094395,24.079487,0.126575,-100.797874,51.148689_-168.978882i,-22.169937_-175.152924i,0,1,0,0.00
1386921257,2,2,2,7353,-7.957750,0.000000,-2.094395,24.079487,0.126575,-100.797874,51.148689_-168.978882i,-22.169937_-175.152924i,0,1,0,0.00
1386921257,2,2,2,7353,-7.957750,0.000000,-2.094395,24.079487,0.126575,-100.797874,51.148689_-168.978882i,-22.169937_-175.152924i,0,1,0,0.00
1386921258,2,2,2,7353,-7.957750,0.000000,-2.094395,24.079487,0.126575,-100.797874,51.148689_-168.978882i,-22.169937_-175.152924i,0,1,0,0.00
1386921258,2,2,2,7353,-7.957750,0.000000,-2.094395,24.079487,0.126575,-100.797874,51.148689_-168.978882i,-22.169937_-175.152924i,0,1,0,0.00
1386921258,2,2,2,7353,-7.957750,0.000000,-2.094395,24.079487,0.126575,-100.797874,51.148689_-168.978882i,-22.169937_-175.152924i,0,1,0,0.00
1386921258,2,2,2,7353,-7.957750,0.000000,-2.094395,23.916588,0.126575,-100.797874,51.148689_-168.978882i,-22.169937_-175.152924i,0,1,0,0.00
1386921259,2,2,2,7353,-7.957750,0.000000,-2.094395,23.753693,0.126575,-100.797874,51.148689_-168.978882i,-22.169937_-175.152924i,0,1,0,0.00
1386921259,2,2,2,7353,-7.957750,0.000000,-2.094395,23.590794,0.126575,-100.797874,51.148689_-168.978882i,-22.169937_-175.152924i,0,1,0,0.00
1386921259,2,2,2,7353,-7.957750,0.000000,-2.094395,23.441860,0.126575,-100.797874,51.148689_-168.978882i,-22.169937_-175.152924i,0,1,0,0.00
1386921259,2,2,2,7353,-7.957750,0.000000,-2.094395,23.334812,0.126575,-100.797874,51.148689_-168.978882i,-22.169937_-175.152924i,0,1,0,0.00
1386921260,2,2,2,7353,-7.957750,0.000000,-2.094395,23.255692,0.126575,-100.797874,51.148689_-168.978882i,-22.169937_-175.152924i,0,1,0,0.00
1386921260,2,2,2,7353,-7.957750,0.000000,-2.094395,23.199841,0.126575,-100.797874,51.148689_-168.978882i,-22.169937_-175.152924i,0,1,0,0.00
1386921260,2,2,2,7353,-7.957750,0.000000,-2.094395,23.157951,0.126575,-100.797874,51.148689_-168.978882i,-22.169937_-175.152924i,0,1,0,0.00
1386921260,2,2,2,7353,-7.957750,0.000000,-2.094395,23.125374,0.126575,-100.797874,51.148689_-168.978882i,-22.169937_-175.152924i,0,1,0,0.00
1386921261,2,2,2,7353,-7.957750,0.000000,-2.094395,23.102102,0.126575,-100.797874,51.148689_-168.978882i,-22.169937_-175.152924i,0,1,0,0.00
1386921261,2,2,2,7353,-7.957750,0.000000,-2.094395,23.083485,0.126575,-100.797874,51.148689_-168.978882i,-22.169937_-175.152924i,0,1,0,0.00
1386921261,2,2,2,7353,-7.957750,0.000000,-2.094395,23.069523,0.126575,-100.797874,51.148689_-168.978882i,-22.169937_-175.152924i,0,1,0,0.00
1386921261,2,2,2,7353,-7.957750,0.000000,-2.094395,23.060215,0.126575,-100.797874,51.148689_-168.978882i,-22.169937_-175.152924i,0,1,0,0.00
1386921262,2,2,2,7353,-7.957750,0.000000,-2.094395,23.055561,0.126575,-100.797874,51.148689_-168.978882i,-22.169937_-175.152924i,0,1,0,0.00
1386921262,2,2,2,7353,-7.957750,0.000000,-2.094395,23.050907,0.126575,-100.797874,51.148689_-168.978882i,-22.169937_-175.152924i,0,1,0,0.00
1386921262,2,2,0,7353,-7.957750,0.000000,-2.094395,23.046253,0.126575,-100.797874,51.148689_-168.978882i,-22.169937_-175.152924i,0,1,0,0.00
1386921262,0,0,0,14,-7.957750,0.000000,-2.094395,23.046253,0.126575,-104.577950,51.148689_-168.978882i,-22.169937_-175.152924i,0,1,0,0.00
1386921263,0,0,0,14,-7.957750,0.000000,-2.094395,23.046253,0.126575,-104.437607,51.148689_-168.978882i,-22.169937_-175.152924i,0,1,0,0.00
1386921263,0,0,0,14,-7.957750,0.000000,-2.094395,23.046253,0.126575,-104.293877,51.148689_-168.978882i,-22.169937_-175.152924i,0,1,0,0.00
1386921263,0,0,0,14,-7.957750,0.000000,-2.094395,23.046253,0.126575,-104.146698,51.148689_-168.978882i,-22.169937_-175.152924i,0,1,0,0.00
1386921263,0,0,0,14,-7.957750,0.000000,-2.094395,23.046253,0.126575,-104.014908,51.148689_-168.978882i,-22.169937_-175.152924i,0,1,0,0.00
1386921264,0,0,0,14,-7.957750,0.000000,-2.094395,23.046253,0.126575,-103.861389,51.148689_-168.978882i,-22.169937_-175.152924i,0,1,0,0.00
1386921264,0,0,0,14,-7.957750,0.000000,-2.094395,23.046253,0.126575,-103.704300,51.148689_-168.978882i,-22.169937_-175.152924i,0,1,0,0.00
1386921264,0,0,0,14,-7.957750,0.000000,-2.094395,23.046253,0.126575,-103.524521,51.148689_-168.978882i,-22.169937_-175.152924i,0,1,0,0.00
1386921264,0,0,0,14,-7.957750,0.000000,-2.094395,23.046253,0.126575,-103.363083,51.148689_-168.978882i,-22.169937_-175.152924i,0,1,0,0.00
1386921265,0,0,0,14,-7.957750,0.000000,-2.094395,23.046253,0.126575,-103.196198,51.148689_-168.978882i,-22.169937_-175.152924i,0,1,0,0.00
1386921265,0,0,0,14,-7.957750,0.000000,-2.094395,23.046253,0.126575,-103.025879,51.148689_-168.978882i,-22.169937_-175.152924i,0,1,0,0.00
1386921265,0,0,0,14,-7.957750,0.000000,-2.094395,23.046253,0.126575,-102.852226,51.148689_-168.978882i,-22.169937_-175.152924i,0,1,0,0.00
1386921265,0,0,0,14,-7.957750,0.000000,-2.094395,23.046253,0.126575,-102.699928,51.148689_-168.978882i,-22.169937_-175.152924i,0,1,0,0.00
1386921266,0,0,0,14,-7.957750,0.000000,-2.094395,23.046253,0.126575,-102.520790,51.148689_-168.978882i,-22.169937_-175.152924i,0,1,0,0.00
1386921266,0,0,0,14,-7.957750,0.000000,-2.094395,23.046253,0.126575,-102.338875,51.148689_-168.978882i,-22.169937_-175.152924i,0,1,0,0.00
1386921266,0,0,0,14,-7.957750,0.000000,-2.094395,23.046253,0.126575,-102.180977,51.148689_-168.978882i,-22.169937_-175.152924i,0,1,0,0.00
1386921266,0,0,0,14,-7.957750,0.000000,-2.094395,23.046253,0.126575,-101.995216,51.148689_-168.978882i,-22.169937_-175.152924i,0,1,0,0.00
1386921267,0,0,0,14,-7.957750,0.000000,-2.094395,23.046253,0.126575,-101.807945,51.148689_-168.978882i,-22.169937_-175.152924i,0,1,0,0.00
1386921267,0,0,0,14,-7.957750,0.000000,-2.094395,23.046253,0.126575,-101.619850,51.148689_-168.978882i,-22.169937_-175.152924i,0,1,0,0.00
1386921267,0,0,0,14,-7.957750,0.000000,-2.094395,23.046253,0.126575,-101.459808,51.148689_-168.978882i,-22.169937_-175.152924i,0,1,0,0.00
1386921267,0,0,0,14,-7.957750,0.000000,-2.094395,23.046253,0.126575,-101.272949,51.148689_-168.978882i,-22.169937_-175.152924i,0,1,0,0.00
1386921268,0,0,0,14,-7.957750,0.000000,-2.094395,23.046253,0.126575,-101.073967,51.148689_-168.978882i,-22.169937_-175.152924i,0,1,0,0.00
1386921268,0,0,0,14,-7.957750,0.000000,-2.094395,23.046253,0.126575,-100.880806,51.148689_-168.978882i,-22.169937_-175.152924i,0,1,0,0.00
1386921268,0,0,0,14,-7.957750,0.000000,-2.094395,23.046253,0.126575,-100.734604,51.148689_-168.978882i,-22.169937_-175.152924i,0,1,0,0.00
1386921268,0,0,0,14,-7.957750,0.000000,-2.094395,23.046253,0.126575,-100.569557,51.148689_-168.978882i,-22.169937_-175.152924i,0,1,0,0.00
1386921269,0,0,0,14,-7.957750,0.000000,-2.094395,23.046253,0.126575,-100.416069,51.148689_-168.978882i,-22.169937_-175.152924i,0,1,0,0.00
1386921269,0,0,0,14,-7.957750,0.000000,-2.094395,23.046253,0.126575,-100.278107,51.148689_-168.978882i,-22.169937_-175.152924i,0,1,0,0.00
1386921269,0,0,0,14,-7.957750,0.000000,-2.094395,23.046253,0.126575,-100.178078,51.148689_-168.978882i,-22.169937_-175.152924i,0,1,0,0.00
1386921269,0,0,0,14,-7.957750,0.000000,-2.094395,23.046253,0.126575,-100.082596,51.148689_-168.978882i,-22.169937_-175.152924i,0,1,0,0.00
1386921270,0,0,0,14,-7.957750,0.000000,-2.094395,23.046253,0.126575,-100.020142,51.148689_-168.978882i,-22.169937_-175.152924i,0,1,0,0.00
1386921270,0,0,0,14,-7.957750,0.000000,-2.094395,23.046253,0.126575,-100.000244,51.148689_-168.978882i,-22.169937_-175.152924i,0,1,0,0.00
1386921270,0,0,0,14,-7.957750,0.000000,-2.094395,23.046253,0.126575,-100.024673,51.148689_-168.978882i,-22.169937_-175.152924i,0,1,0,0.00
1386921270,0,0,0,14,-7.957750,0.000000,-2.094395,23.046253,0.126575,-100.116173,51.148689_-168.978882i,-22.169937_-175.152924i,0,1,0,0.00
1386921271,0,0,0,14,-7.957750,0.000000,-2.094395,23.046253,0.126575,-100.293510,51.148689_-168.978882i,-22.169937_-175.152924i,0,1,0,0.00
1386921271,0,0,0,14,-7.957750,0.000000,-2.094395,23.046253,0.126575,-100.521843,51.148689_-168.978882i,-22.169937_-175.152924i,0,1,0,0.00
1386921271,0,0,0,14,-7.957750,0.000000,-2.094395,23.046253,0.126575,-100.942596,51.148689_-168.978882i,-22.169937_-175.152924i,0,1,0,0.00
1386921271,0,0,0,14,-7.957750,0.000000,-2.094395,23.046253,0.126575,-101.549866,51.148689_-168.978882i,-22.169937_-175.152924i,0,1,0,0.00
1386921272,0,0,0,14,-7.957750,0.000000,-2.094395,23.046253,0.126575,-102.364128,51.148689_-168.978882i,-22.169937_-175.152924i,0,1,0,0.00
1386921272,0,0,0,14,-7.957750,0.000000,-2.094395,23.046253,0.126575,-103.247520,51.148689_-168.978882i,-22.169937_-175.152924i,0,1,0,0.00
1386921272,0,0,0,14,-7.957750,0.000000,-2.094395,23.046253,0.126575,-104.660606,51.148689_-168.978882i,-22.169937_-175.152924i,0,1,0,0.00
1386921272,0,0,0,14,-7.957750,0.000000,-2.094395,23.046253,0.126575,-106.551849,51.148689_-168.978882i,-22.169937_-175.152924i,0,1,0,0.00
1386921273,0,0,0,14,-7.957750,0.000000,-2.094395,23.046253,0.126575,-109.074089,51.148689_-168.978882i,-22.169937_-175.152924i,0,1,0,0.00
1386921273,0,0,0,14,-7.957750,0.000000,-2.094395,23.046253,0.126575,-111.732361,51.148689_-168.978882i,-22.169937_-175.152924i,0,1,0,0.00
1386921273,1,1,1,7353,-6.903064,0.000000,-1.039709,23.046253,0.126575,-115.974701,51.148689_-168.978882i,-22.169937_-175.152924i,0,1,0,0.00
1386921273,1,1,1,7353,-6.903064,0.000000,-1.039709,23.046253,0.126575,-115.974701,51.148689_-168.978882i,-22.169937_-175.152924i,0,1,0,0.00
1386921274,1,1,1,7353,-6.903064,0.000000,-1.039709,23.046253,0.126575,-115.974701,51.148689_-168.978882i,-22.169937_-175.152924i,0,1,0,0.00
1386921274,1,1,1,7353,-6.903064,0.000000,-1.039709,23.046253,0.126575,-115.974701,51.148689_-168.978882i,-22.169937_-175.152924i,0,1,0,0.00
1386921274,1,1,1,7353,-6.903064,0.000000,-1.039709,23.046253,0.126575,-115.974701,51.148689_-168.978882i,-22.169937_-175.152924i,0,1,0,0.00
1386921274,1,1,1,7353,-6.903064,0.000000,-1.039709,23.046253,0.126575,-115.974701,51.148689_-168.978882i,-22.169937_-175.152924i,0,1,0,0.00
1386921275,1,1,1,7353,-6.903064,0.000000,-1.039709,23.046253,0.126575,-115.974701,51.148689_-168.978882i,-22.169937_-175.152924i,0,1,0,0.00
1386921275,1,1,1,7353,-6.903064,0.000000,-1.039709,23.046253,0.126575,-115.974701,51.148689_-168.978882i,-22.169937_-175.152924i,0,1,0,0.00
1386921275,1,1,1,7353,-6.903064,0.000000,-1.039709,23.046253,0.126575,-115.974701,51.148689_-168.978882i,-22.169937_-175.152924i,0,1,0,0.00
1386921275,1,1,1,7353,-6.903064,0.000000,-1.039709,23.046253,0.126575,-115.974701,51.148689_-168.978882i,-22.169937_-175.152924i,0,1,0,0.00
1386921276,1,1,1,7353,-6.903064,0.000000,-1.039709,23.046253,0.126575,-115.974701,51.148689_-168.978882i,-22.169937_-175.152924i,0,1,0,0.00
1386921276,1,1,1,7353,-6.903064,0.000000,-1.039709,23.046253,0.126575,-115.974701,51.148689_-168.978882i,-22.169937_-175.152924i,0,1,0,0.00
1386921276,1,1,1,7353,-6.903064,0.000000,-1.039709,23.046253,0.126575,-115.974701,51.148689_-168.978882i,-22.169937_-175.152924i,0,1,0,0.00
1386921276,1,1,1,7353,-6.903064,0.000000,-1.039709,23.046253,0.126575,-115.974701,51.148689_-168.978882i,-22.169937_-175.152924i,0,1,0,0.00
1386921277,1,1,1,7353,-6.903064,0.000000,-1.039709,23.046253,0.126575,-115.974701,51.148689_-168.978882i,-22.169937_-175.152924i,0,1,0,0.00
1386921277,1,1,1,7353,-6.903064,0.000000,-1.039709,23.046253,0.126575,-115.974701,51.148689_-168.978882i,-22.169937_-175.152924i,0,1,0,0.00
1386921277,1,1,1,7353,-6.903064,0.000000,-1.039709,23.046253,0.126575,-115.974701,51.148689_-168.978882i,-22.169937_-175.152924i,0,1,0,0.00
1386921277,1,1,1,7353,-6.903064,0.000000,-1.039709,23.209150,0.126575,-115.974701,51.148689_-168.978882i,-22.169937_-175.152924i,0,1,0,0.00
1386921278,1,1,1,7353,-6.903064,0.000000,-1.039709,23.372047,0.126575,-115.974701,51.148689_-168.978882i,-22.169937_-175.152924i,0,1,0,0.00
1386921278,1,1,1,7353,-6.903064,0.000000,-1.039709,23.534943,0.126575,-115.974701,51.148689_-168.978882i,-22.169937_-175.152924i,0,1,0,0.00
1386921278,1,1,1,7353,-6.903064,0.000000,-1.039709,23.683880,0.126575,-115.974701,51.148689_-168.978882i,-22.169937_-175.152924i,0,1,0,0.00
1386921278,1,1,1,7353,-6.903064,0.000000,-1.039709,23.790924,0.126575,-115.974701,51.148689_-168.978882i,-22.169937_-175.152924i,0,1,0,0.00
1386921279,1,1,1,7353,-6.903064,0.000000,-1.039709,23.870049,0.126575,-115.974701,51.148689_-168.978882i,-22.169937_-175.152924i,0,1,0,0.00
1386921279,1,1,1,7353,-6.903064,0.000000,-1.039709,23.925900,0.126575,-115.974701,51.148689_-168.978882i,-22.169937_-175.152924i,0,1,0,0.00
1386921279,1,1,1,7353,-6.903064,0.000000,-1.039709,23.967785,0.126575,-115.974701,51.148689_-168.978882i,-22.169937_-175.152924i,0,1,0,0.00
1386921279,1,1,1,7353,-6.903064,0.000000,-1.039709,24.000366,0.126575,-115.974701,51.148689_-168.978882i,-22.169937_-175.152924i,0,1,0,0.00
1386921280,1,1,1,7353,-6.903064,0.000000,-1.039709,24.023636,0.126575,-115.974701,51.148689_-168.978882i,-22.169937_-175.152924i,0,1,0,0.00
1386921280,1,1,1,7353,-6.903064,0.000000,-1.039709,24.042252,0.126575,-115.974701,51.148689_-168.978882i,-22.169937_-175.152924i,0,1,0,0.00
1386921280,1,1,1,7353,-6.903064,0.000000,-1.039709,24.051559,0.126575,-115.974701,51.148689_-168.978882i,-22.169937_-175.152924i,0,1,0,0.00
1386921280,1,1,1,7353,-6.903064,0.000000,-1.039709,24.060871,0.126575,-115.974701,51.148689_-168.978882i,-22.169937_-175.152924i,0,1,0,0.00
1386921281,1,1,1,7353,-6.903064,0.000000,-1.039709,24.065525,0.126575,-115.974701,51.148689_-168.978882i,-22.169937_-175.152924i,0,1,0,0.00
1386921281,1,1,1,7353,-6.903064,0.000000,-1.039709,24.070179,0.126575,-115.974701,51.148689_-168.978882i,-22.169937_-175.152924i,0,1,0,0.00
1386921281,1,1,0,7353,-6.903064,0.000000,-1.039709,24.074833,0.126575,-115.974701,51.148689_-168.978882i,-22.169937_-175.152924i,0,1,0,0.00
1386921281,1,0,0,8,-5.252490,0.000000,0.610865,24.079487,0.126575,111.500801,51.148689_-168.978882i,-22.169937_-175.152924i,0,1,0,0.00
1386921282,0,0,0,6,-5.252490,0.000000,0.610865,24.242382,0.126575,109.299385,51.148689_-168.978882i,-22.169937_-175.152924i,0,1,0,0.00
1386921282,0,0,0,6,-5.252490,0.000000,0.610865,24.405281,0.126575,107.307358,51.148689_-168.978882i,-22.169937_-175.152924i,0,1,0,0.00
1386921282,0,0,0,6,-5.252490,0.000000,0.610865,24.568176,0.126575,105.527527,51.148689_-168.978882i,-22.169937_-175.152924i,0,1,0,0.00
1386921282,0,0,0,6,-5.252490,0.000000,0.610865,24.731075,0.126575,104.020935,51.148689_-168.978882i,-22.169937_-175.152924i,0,1,0,0.00
1386921283,0,0,0,6,-5.252490,0.000000,0.610865,24.893970,0.126575,102.820602,51.148689_-168.978882i,-22.169937_-175.152924i,0,1,0,0.00
1386921283,0,0,0,6,-5.252490,0.000000,0.610865,25.056870,0.126575,101.842033,51.148689_-168.978882i,-22.169937_-175.152924i,0,1,0,0.00
1386921283,0,0,0,6,-5.252490,0.000000,0.610865,25.219765,0.126575,101.080063,51.148689_-168.978882i,-22.169937_-175.152924i,0,1,0,0.00
1386921283,0,0,0,6,-5.252490,0.000000,0.610865,25.359390,0.126575,100.527061,51.148689_-168.978882i,-22.169937_-175.152924i,0,1,0,0.00
1386921284,0,0,0,6,-5.252490,0.000000,0.610865,25.461784,0.126575,100.179184,51.148689_-168.978882i,-22.169937_-175.152924i,0,1,0,0.00
1386921284,0,0,0,6,-5.252490,0.000000,0.610865,25.536251,0.126575,100.010513,51.148689_-168.978882i,-22.169937_-175.152924i,0,1,0,0.00
1386921284,0,0,0,6,-5.252490,0.000000,0.610865,25.592102,0.126575,100.036972,51.148689_-168.978882i,-22.169937_-175.152924i,0,1,0,0.00
1386921285,0,0,0,6,-5.252490,0.000000,0.610865,25.633991,0.126575,100.272881,51.148689_-168.978882i,-22.169937_-175.152924i,0,1,0,0.00
1386921285,0,0,0,6,-5.252490,0.000000,0.610865,25.661915,0.126575,100.739426,51.148689_-168.978882i,-22.169937_-175.152924i,0,1,0,0.00
1386921285,0,0,0,6,-5.252490,0.000000,0.610865,25.685188,0.126575,101.453415,51.148689_-168.978882i,-22.169937_-175.152924i,0,1,0,0.00
1386921285,0,0,0,6,-5.252490,0.000000,0.610865,25.699150,0.126575,102.464844,51.148689_-168.978882i,-22.169937_-175.152924i,0,1,0,0.00
1386921286,0,0,0,6,-5.252490,0.000000,0.610865,25.713112,0.126575,103.780327,51.148689_-168.978882i,-22.169937_-175.152924i,0,1,0,0.00
1386921286,0,0,0,6,-5.252490,0.000000,0.610865,25.722424,0.126575,105.471878,51.148689_-168.978882i,-22.169937_-175.152924i,0,1,0,0.00
1386921286,0,0,0,6,-5.252490,0.000000,0.610865,25.727077,0.126575,107.645332,51.148689_-168.978882i,-22.169937_-175.152924i,0,1,0,0.00
1386921286,0,0,0,6,-5.252490,0.000000,0.610865,25.731731,0.126575,109.803879,51.148689_-168.978882i,-22.169937_-175.152924i,0,1,0,0.00
1386921287,0,0,0,6,-5.252490,0.000000,0.610865,25.736389,0.126575,112.860802,51.148689_-168.978882i,-22.169937_-175.152924i,0,1,0,0.00
1386921287,0,0,0,6,-5.252490,0.000000,0.610865,25.736389,0.126575,116.524712,51.148689_-168.978882i,-22.169937_-175.152924i,0,1,0,0.00
1386921287,0,0,0,6,-5.252490,0.000000,0.610865,25.736389,0.126575,120.873070,51.148689_-168.978882i,-22.169937_-175.152924i,0,1,0,0.00
1386921287,0,0,0,6,-5.252490,0.000000,0.610865,25.736389,0.126575,125.991943,51.148689_-168.978882i,-22.169937_-175.152924i,0,1,0,0.00
1386921288,0,0,0,6,-5.252490,0.000000,0.610865,25.736389,0.126575,133.256134,51.148689_-168.978882i,-22.169937_-175.152924i,0,1,0,0.00
1386921288,0,0,0,6,-5.252490,0.000000,0.610865,25.736389,0.126575,140.472702,51.148689_-168.978882i,-22.169937_-175.152924i,0,1,0,0.00
1386921288,0,0,0,6,-5.252490,0.000000,0.610865,25.736389,0.126575,148.833252,51.148689_-168.978882i,-22.169937_-175.152924i,0,1,0,0.00
1386921288,0,0,0,6,-5.252490,0.000000,0.610865,25.736389,0.126575,160.764130,51.148689_-168.978882i,-22.169937_-175.152924i,0,1,0,0.00
1386921289,0,0,0,6,-5.252490,0.000000,0.610865,25.736389,0.126575,172.329651,51.148689_-168.978882i,-22.169937_-175.152924i,0,1,0,0.00
1386921289,0,0,0,6,-5.252490,0.000000,0.610865,25.736389,0.126575,185.744629,51.148689_-168.978882i,-22.169937_-175.152924i,0,1,0,0.00
1386921289,0,0,0,6,-5.252490,0.000000,0.610865,25.736389,0.126575,205.127975,51.148689_-168.978882i,-22.169937_-175.152924i,0,1,0,0.00
1386921289,0,0,0,6,-5.252490,0.000000,0.610865,25.736389,0.126575,223.709564,51.148689_-168.978882i,-22.169937_-175.152924i,0,1,0,0.00
1386921290,0,0,0,6,-5.252490,0.000000,0.610865,25.736389,0.126575,245.335037,51.148689_-168.978882i,-22.169937_-175.152924i,0,1,0,0.00
1386921290,0,0,0,6,-5.252490,0.000000,0.610865,25.736389,0.126575,263.801422,51.148689_-168.978882i,-22.169937_-175.152924i,0,1,0,0.00
1386921290,0,0,0,6,-5.252490,0.000000,0.610865,25.736389,0.126575,292.188599,51.148689_-168.978882i,-22.169937_-175.152924i,0,1,0,0.00
1386921290,0,0,0,6,-5.252490,0.000000,0.610865,25.736389,0.126575,325.844574,51.148689_-168.978882i,-22.169937_-175.152924i,0,1,0,0.00
1386921291,0,0,0,6,-5.252490,0.000000,0.610865,25.736389,0.126575,366.186493,51.148689_-168.978882i,-22.169937_-175.152924i,0,1,0,0.00
1386921291,1,0,0,2,-2.964993,0.000000,2.898362,25.736389,0.126575,415.214264,51.148689_-168.978882i,-22.169937_-175.152924i,0,1,0,0.00
1386921291,1,0,0,2,-2.923321,0.000000,2.940034,25.899284,0.126575,499.509155,51.148689_-168.978882i,-22.169937_-175.152924i,0,1,0,0.00
1386921291,1,0,0,2,-2.882051,0.000000,2.981304,26.062183,0.126575,626.552795,51.148689_-168.978882i,-22.169937_-175.152924i,0,1,0,0.00
1386921292,1,0,0,2,-2.840541,0.000000,3.022814,26.225082,0.126575,843.885254,51.148689_-168.978882i,-22.169937_-175.152924i,0,1,0,0.00
1386921292,1,0,0,2,-2.806346,0.000000,3.057009,26.387981,0.126575,1183.672241,51.148689_-168.978882i,-22.169937_-175.152924i,0,1,0,0.00
1386921292,1,0,0,2,-2.762408,0.000000,3.100947,26.550877,0.126575,2460.944824,51.148689_-168.978882i,-22.169937_-175.152924i,0,1,0,0.00
1386921292,1,0,0,2,-8.999176,0.000000,-3.135822,26.713776,0.126575,-17327.896484,51.148689_-168.978882i,-22.169937_-175.152924i,0,1,0,0.00
1386921293,1,0,0,2,-8.958363,0.000000,-3.095008,26.876675,0.126575,-2147.401611,51.148689_-168.978882i,-22.169937_-175.152924i,0,1,0,0.00
1386921293,1,0,0,2,-8.922365,0.000000,-3.059011,27.039574,0.126575,-1212.292969,51.148689_-168.978882i,-22.169937_-175.152924i,0,1,0,0.00
1386921293,1,0,0,2,-8.882868,0.000000,-3.019513,27.202469,0.126575,-821.177979,51.148689_-168.978882i,-22.169937_-175.152924i,0,1,0,0.00
1386921293,1,0,0,2,-8.847601,0.000000,-2.984246,27.365368,0.126575,-638.169495,51.148689_-168.978882i,-22.169937_-175.152924i,0,1,0,0.00
1386921294,1,0,0,2,-8.816837,0.000000,-2.953482,27.528267,0.126575,-534.750610,51.148689_-168.978882i,-22.169937_-175.152924i,0,1,0,0.00
1386921294,1,0,0,2,-8.783395,0.000000,-2.920040,27.691166,0.126575,-455.074524,51.148689_-168.978882i,-22.169937_-175.152924i,0,1,0,0.00
1386921294,1,0,0,2,-8.755684,0.000000,-2.892329,27.854061,0.126575,-405.366699,51.148689_-168.978882i,-22.169937_-175.152924i,0,1,0,0.00
1386921294,1,0,0,2,-8.732918,0.000000,-2.869563,28.016960,0.126575,-372.180725,51.148689_-168.978882i,-22.169937_-175.152924i,0,1,0,0.00
1386921295,1,0,0,2,-8.710078,0.000000,-2.846723,28.156586,0.126575,-344.098053,51.148689_-168.978882i,-22.169937_-175.152924i,0,1,0,0.00
1386921295,1,0,0,2,-8.694743,0.000000,-2.831388,28.268288,0.126575,-327.597015,51.148689_-168.978882i,-22.169937_-175.152924i,0,1,0,0.00
1386921295,1,0,0,2,-8.689060,0.000000,-2.825706,28.352066,0.126575,-321.895508,51.148689_-168.978882i,-22.169937_-175.152924i,0,1,0,0.00
1386921295,1,0,0,2,-8.673141,0.000000,-2.809786,28.417225,0.126575,-306.982391,51.148689_-168.978882i,-22.169937_-175.152924i,0,1,0,0.00
1386921296,1,0,0,2,-8.667971,0.000000,-2.804616,28.468422,0.126575,-302.448242,51.148689_-168.978882i,-22.169937_-175.152924i,0,1,0,0.00
1386921296,1,0,0,2,-8.662073,0.000000,-2.798718,28.505653,0.126575,-297.446075,51.148689_-168.978882i,-22.169937_-175.152924i,0,1,0,0.00
1386921296,1,0,0,2,-8.656869,0.000000,-2.793514,28.533577,0.126575,-293.175964,51.148689_-168.978882i,-22.169937_-175.152924i,0,1,0,0.00
1386921296,1,0,0,2,-8.650834,0.000000,-2.787480,28.556850,0.126575,-288.385101,51.148689_-168.978882i,-22.169937_-175.152924i,0,1,0,0.00
1386921297,1,0,0,2,-8.643753,0.000000,-2.780398,28.575466,0.126575,-282.971924,51.148689_-168.978882i,-22.169937_-175.152924i,0,1,0,0.00
1386921297,1,0,0,2,-8.637406,0.000000,-2.774051,28.589428,0.126575,-278.301941,51.148689_-168.978882i,-22.169937_-175.152924i,0,1,0,0.00
1386921297,1,0,0,2,-8.629763,0.000000,-2.766408,28.603394,0.126575,-272.892548,51.148689_-168.978882i,-22.169937_-175.152924i,0,1,0,0.00
1386921297,1,0,0,2,-8.622965,0.000000,-2.759610,28.617355,0.126575,-268.268707,51.148689_-168.978882i,-22.169937_-175.152924i,0,1,0,0.00
1386921298,1,0,0,2,-8.611547,0.000000,-2.748192,28.626663,0.126575,-260.870544,51.148689_-168.978882i,-22.169937_-175.152924i,0,1,0,0.00
1386921298,1,0,0,2,-8.622379,0.000000,-2.759025,28.635975,0.126575,-267.878448,51.148689_-168.978882i,-22.169937_-175.152924i,0,1,0,0.00
1386921298,1,0,0,2,-8.610620,0.000000,-2.747265,28.640629,0.126575,-260.289307,51.148689_-168.978882i,-22.169937_-175.152924i,0,1,0,0.00
1386921298,1,0,0,2,-8.594008,0.000000,-2.730654,28.649937,0.126575,-250.331680,51.148689_-168.978882i,-22.169937_-175.152924i,0,1,0,0.00
1386921299,1,0,0,2,-8.568795,0.000000,-2.705441,28.659245,0.126575,-236.711624,51.148689_-168.978882i,-22.169937_-175.152924i,0,1,0,0.00
1386921299,1,0,0,2,-8.586840,0.000000,-2.723485,28.673210,0.126575,-246.286362,51.148689_-168.978882i,-22.169937_-175.152924i,0,1,0,0.00
1386921299,1,0,0,2,-8.631140,0.000000,-2.767785,28.677864,0.126575,-273.850525,51.148689_-168.978882i,-22.169937_-175.152924i,0,1,0,0.00
1386921299,1,1,1,7353,-6.156968,0.000000,-0.293613,28.668556,-3.345038,-345.527740,237.105026_30.838646i,229.084366_-68.484825i,0,1,0,0.00
1386921300,1,1,1,7353,-6.156968,0.000000,-0.293613,28.831455,-3.345038,-345.527740,237.105026_30.838646i,229.084366_-68.484825i,0,1,0,0.00
1386921300,1,1,1,7353,-6.156968,0.000000,-0.293613,28.961773,-3.345038,-345.527740,237.105026_30.838646i,229.084366_-68.484825i,0,1,0,0.00
1386921300,1,1,1,7353,-6.156968,0.000000,-0.293613,29.059509,-3.345038,-345.527740,237.105026_30.838646i,229.084366_-68.484825i,0,1,0,0.00
1386921300,1,1,1,7353,-6.156968,0.000000,-0.293613,29.129322,-3.345038,-345.527740,237.105026_30.838646i,229.084366_-68.484825i,0,1,0,0.00
1386921301,1,1,1,7353,-6.156968,0.000000,-0.293613,29.180519,-3.345038,-345.527740,237.105026_30.838646i,229.084366_-68.484825i,0,1,0,0.00
1386921301,1,1,1,7353,-6.156968,0.000000,-0.293613,29.217754,-3.345038,-345.527740,237.105026_30.838646i,229.084366_-68.484825i,0,1,0,0.00
1386921301,1,1,1,7353,-6.156968,0.000000,-0.293613,29.245678,-3.345038,-345.527740,237.105026_30.838646i,229.084366_-68.484825i,0,1,0,0.00
1386921301,1,1,1,7353,-6.156968,0.000000,-0.293613,29.264294,-3.345038,-345.527740,237.105026_30.838646i,229.084366_-68.484825i,0,1,0,0.00
1386921302,1,1,1,7353,-6.156968,0.000000,-0.293613,29.278259,-3.345038,-345.527740,237.105026_30.838646i,229.084366_-68.484825i,0,1,0,0.00
1386921302,1,1,1,7353,-6.156968,0.000000,-0.293613,29.287567,-3.345038,-345.527740,237.105026_30.838646i,229.084366_-68.484825i,0,1,0,0.00
1386921302,1,1,1,7353,-6.156968,0.000000,-0.293613,29.296875,-3.345038,-345.527740,237.105026_30.838646i,229.084366_-68.484825i,0,1,0,0.00
1386921302,1,1,1,7353,-6.156968,0.000000,-0.293613,29.301529,-3.345038,-345.527740,237.105026_30.838646i,229.084366_-68.484825i,0,1,0,0.00
1386921303,1,1,1,7353,-6.156968,0.000000,-0.293613,29.306183,-3.345038,-345.527740,237.105026_30.838646i,229.084366_-68.484825i,0,1,0,0.00
1386921303,1,1,1,7353,-6.156968,0.000000,-0.293613,29.310841,-3.345038,-345.527740,237.105026_30.838646i,229.084366_-68.484825i,0,1,0,0.00
1386921303,1,1,1,7353,-6.156968,0.000000,-0.293613,29.315495,-3.345038,-345.527740,237.105026_30.838646i,229.084366_-68.484825i,0,1,0,0.00
1386921303,1,1,1,7353,-6.156968,0.000000,-0.293613,29.315495,-3.345038,-345.527740,237.105026_30.838646i,229.084366_-68.484825i,0,1,0,0.00
1386921304,1,1,1,7353,-6.156968,0.000000,-0.293613,29.315495,-3.345038,-345.527740,237.105026_30.838646i,229.084366_-68.484825i,0,1,0,0.00
1386921304,1,1,1,7353,-6.156968,0.000000,-0.293613,29.315495,-3.345038,-345.527740,237.105026_30.838646i,229.084366_-68.484825i,0,1,0,0.00
1386921304,1,1,1,7353,-6.156968,0.000000,-0.293613,29.315495,-3.345038,-345.527740,237.105026_30.838646i,229.084366_-68.484825i,0,1,0,0.00
1386921304,1,1,1,7353,-6.156968,0.000000,-0.293613,29.315495,-3.345038,-345.527740,237.105026_30.838646i,229.084366_-68.484825i,0,1,0,0.00
1386921305,1,1,1,7353,-6.156968,0.000000,-0.293613,29.315495,-3.345038,-345.527740,237.105026_30.838646i,229.084366_-68.484825i,0,1,0,0.00
1386921305,1,1,1,7353,-6.156968,0.000000,-0.293613,29.315495,-3.345038,-345.527740,237.105026_30.838646i,229.084366_-68.484825i,0,1,0,0.00
1386921305,1,1,1,7353,-6.156968,0.000000,-0.293613,29.315495,-3.345038,-345.527740,237.105026_30.838646i,229.084366_-68.484825i,0,1,0,0.00
1386921305,1,1,1,7353,-6.156968,0.000000,-0.293613,29.315495,-3.345038,-345.527740,237.105026_30.838646i,229.084366_-68.484825i,0,1,0,0.00
1386921306,1,1,1,7353,-6.156968,0.000000,-0.293613,29.478394,-3.345038,-345.527740,237.105026_30.838646i,229.084366_-68.484825i,0,1,0,0.00
1386921306,1,1,1,7353,-6.156968,0.000000,-0.293613,29.641293,-3.345038,-345.527740,237.105026_30.838646i,229.084366_-68.484825i,0,1,0,0.00
1386921306,1,1,1,7353,-6.156968,0.000000,-0.293613,29.804188,-3.345038,-345.527740,237.105026_30.838646i,229.084366_-68.484825i,0,1,0,0.00
1386921306,1,1,1,7353,-6.156968,0.000000,-0.293613,29.953125,-3.345038,-345.527740,237.105026_30.838646i,229.084366_-68.484825i,0,1,0,0.00
1386921307,1,1,1,7353,-6.156968,0.000000,-0.293613,30.064827,-3.345038,-345.527740,237.105026_30.838646i,229.084366_-68.484825i,0,1,0,0.00
1386921307,1,1,1,7353,-6.156968,0.000000,-0.293613,30.143948,-3.345038,-345.527740,237.105026_30.838646i,229.084366_-68.484825i,0,1,0,0.00
1386921307,1,1,1,7353,-6.156968,0.000000,-0.293613,30.204453,-3.345038,-345.527740,237.105026_30.838646i,229.084366_-68.484825i,0,1,0,0.00
1386921307,1,1,1,7353,-6.156968,0.000000,-0.293613,30.246342,-3.345038,-345.527740,237.105026_30.838646i,229.084366_-68.484825i,0,1,0,0.00
1386921308,1,1,1,7353,-6.156968,0.000000,-0.293613,30.278919,-3.345038,-345.527740,237.105026_30.838646i,229.084366_-68.484825i,0,1,0,0.00
1386921308,1,1,1,7353,-6.156968,0.000000,-0.293613,30.302193,-3.345038,-345.527740,237.105026_30.838646i,229.084366_-68.484825i,0,1,0,0.00
1386921308,1,1,1,7353,-6.156968,0.000000,-0.293613,30.320808,-3.345038,-345.527740,237.105026_30.838646i,229.084366_-68.484825i,0,1,0,0.00
1386921308,1,1,1,7353,-6.156968,0.000000,-0.293613,30.334770,-3.345038,-345.527740,237.105026_30.838646i,229.084366_-68.484825i,0,1,0,0.00
1386921309,1,1,1,7353,-6.156968,0.000000,-0.293613,30.344082,-3.345038,-345.527740,237.105026_30.838646i,229.084366_-68.484825i,0,1,0,0.00
1386921309,1,1,1,7353,-6.156968,0.000000,-0.293613,30.348736,-3.345038,-345.527740,237.105026_30.838646i,229.084366_-68.484825i,0,1,0,0.00
1386921309,1,1,1,7353,-6.156968,0.000000,-0.293613,30.353390,-3.345038,-345.527740,237.105026_30.838646i,229.084366_-68.484825i,0,1,0,0.00
1386921309,1,1,1,7353,-6.156968,0.000000,-0.293613,30.358047,-3.345038,-345.527740,237.105026_30.838646i,229.084366_-68.484825i,0,1,0,0.00
1386921310,1,1,1,7353,-6.156968,0.000000,-0.293613,30.362701,-3.345038,-345.527740,237.105026_30.838646i,229.084366_-68.484825i,0,1,0,0.00
1386921310,1,1,0,7353,-6.156968,0.000000,-0.293613,30.362701,-3.345038,-345.527740,237.105026_30.838646i,229.084366_-68.484825i,0,1,0,0.00
1386921310,1,0,0,2,-5.841551,0.000000,0.021804,30.525600,-3.345038,4586.690918,237.105026_30.838646i,229.084366_-68.484825i,0,1,0,0.00
1386921310,1,0,0,2,-5.835043,0.000000,0.028312,30.688496,-3.345038,3532.577148,237.105026_30.838646i,229.084366_-68.484825i,0,1,0,0.00
1386921311,1,0,0,2,-5.831513,0.000000,0.031842,30.851395,-3.345038,3141.067139,237.105026_30.838646i,229.084366_-68.484825i,0,1,0,0.00
1386921311,1,0,0,2,-5.827818,0.000000,0.035537,31.009640,-3.345038,2814.593262,237.105026_30.838646i,229.084366_-68.484825i,0,1,0,0.00
1386921311,1,0,0,2,-5.825784,0.000000,0.037571,31.125992,-3.345038,2662.273682,237.105026_30.838646i,229.084366_-68.484825i,0,1,0,0.00
1386921311,1,0,0,2,-5.822102,0.000000,0.041253,31.214424,-3.345038,2424.753906,237.105026_30.838646i,229.084366_-68.484825i,0,1,0,0.00
1386921312,1,0,0,2,-5.819988,0.000000,0.043367,31.279579,-3.345038,2306.618164,237.105026_30.838646i,229.084366_-68.484825i,0,1,0,0.00
1386921312,1,0,0,2,-5.817957,0.000000,0.045398,31.326122,-3.345038,2203.502930,237.105026_30.838646i,229.084366_-68.484825i,0,1,0,0.00
1386921312,1,0,0,2,-5.817662,0.000000,0.045692,31.363354,-3.345038,2189.306885,237.105026_30.838646i,229.084366_-68.484825i,0,1,0,0.00
1386921312,1,0,0,2,-5.817241,0.000000,0.046113,31.391281,-3.345038,2169.336914,237.105026_30.838646i,229.084366_-68.484825i,0,1,0,0.00
1386921313,1,0,0,2,-5.816935,0.000000,0.046420,31.409897,-3.345038,2155.029541,237.105026_30.838646i,229.084366_-68.484825i,0,1,0,0.00
1386921313,1,0,0,2,-5.816623,0.000000,0.046732,31.423859,-3.345038,2140.655518,237.105026_30.838646i,229.084366_-68.484825i,0,1,0,0.00
1386921313,1,0,0,2,-5.816306,0.000000,0.047049,31.433167,-3.345038,2126.216064,237.105026_30.838646i,229.084366_-68.484825i,0,1,0,0.00
1386921313,1,0,0,2,-5.815982,0.000000,0.047373,31.442478,-3.345038,2111.707520,237.105026_30.838646i,229.084366_-68.484825i,0,1,0,0.00
1386921314,1,0,0,2,-5.815780,0.000000,0.047575,31.447132,-3.345038,2102.732666,237.105026_30.838646i,229.084366_-68.484825i,0,1,0,0.00
1386921314,1,0,0,2,-5.815445,0.000000,0.047910,31.451786,-3.345038,2088.065186,237.105026_30.838646i,229.084366_-68.484825i,0,1,0,0.00
1386921314,1,0,0,2,-5.815234,0.000000,0.048121,31.456444,-3.345038,2078.914062,237.105026_30.838646i,229.084366_-68.484825i,0,1,0,0.00
1386921314,1,0,0,2,-5.815019,0.000000,0.048336,31.456444,-3.345038,2069.672607,237.105026_30.838646i,229.084366_-68.484825i,0,1,0,0.00
1386921315,1,0,0,2,-5.814668,0.000000,0.048687,31.456444,-3.345038,2054.749756,237.105026_30.838646i,229.084366_-68.484825i,0,1,0,0.00
1386921315,1,0,0,2,-5.814443,0.000000,0.048912,31.456444,-3.345038,2045.324097,237.105026_30.838646i,229.084366_-68.484825i,0,1,0,0.00
1386921315,1,0,0,2,-5.814214,0.000000,0.049140,31.456444,-3.345038,2035.806152,237.105026_30.838646i,229.084366_-68.484825i,0,1,0,0.00
1386921315,1,0,0,2,-5.813845,0.000000,0.049510,31.456444,-3.345038,2020.621094,237.105026_30.838646i,229.084366_-68.484825i,0,1,0,0.00
1386921316,1,0,0,2,-5.813605,0.000000,0.049749,31.461098,-3.345038,2010.911865,237.105026_30.838646i,229.084366_-68.484825i,0,1,0,0.00
1386921316,1,0,0,2,-5.815259,0.000000,0.048096,31.461098,-3.345038,2079.968994,237.105026_30.838646i,229.084366_-68.484825i,0,1,0,0.00
1386921316,1,0,0,2,-5.814888,0.000000,0.048467,31.461098,-3.345038,2064.084961,237.105026_30.838646i,229.084366_-68.484825i,0,1,0,0.00
1386921316,1,0,0,2,-5.814652,0.000000,0.048703,31.461098,-3.345038,2054.079834,237.105026_30.838646i,229.084366_-68.484825i,0,1,0,0.00
1386921317,1,0,0,2,-5.814411,0.000000,0.048944,31.461098,-3.345038,2043.970215,237.105026_30.838646i,229.084366_-68.484825i,0,1,0,0.00
1386921317,1,0,0,2,-5.814020,0.000000,0.049335,31.461098,-3.345038,2027.785034,237.105026_30.838646i,229.084366_-68.484825i,0,1,0,0.00
1386921317,1,0,0,2,-5.813767,0.000000,0.049588,31.461098,-3.345038,2017.459839,237.105026_30.838646i,229.084366_-68.484825i,0,1,0,0.00
1386921317,1,0,0,2,-5.813509,0.000000,0.049846,31.461098,-3.345038,2007.023926,237.105026_30.838646i,229.084366_-68.484825i,0,1,0,0.00
1386921318,1,0,0,2,-5.813096,0.000000,0.050259,31.461098,-3.345038,1990.529053,237.105026_30.838646i,229.084366_-68.484825i,0,1,0,0.00
1386921318,1,0,0,2,-5.812825,0.000000,0.050530,31.461098,-3.345038,1979.866943,237.105026_30.838646i,229.084366_-68.484825i,0,1,0,0.00
1386921318,1,0,0,2,-5.814633,0.000000,0.048721,31.461098,-3.345038,2053.306152,237.105026_30.838646i,229.084366_-68.484825i,0,1,0,0.00
1386921318,1,0,0,2,-5.814373,0.000000,0.048981,31.461098,-3.345038,2042.405762,237.105026_30.838646i,229.084366_-68.484825i,0,1,0,0.00
1386921319,1,0,0,2,-5.814107,0.000000,0.049247,31.461098,-3.345038,2031.382446,237.105026_30.838646i,229.084366_-68.484825i,0,1,0,0.00
1386921319,1,0,0,2,-5.813677,0.000000,0.049678,31.461098,-3.345038,2013.800781,237.105026_30.838646i,229.084366_-68.484825i,0,1,0,0.00
1386921319,1,0,0,2,-5.813397,0.000000,0.049958,31.461098,-3.345038,2002.520752,237.105026_30.838646i,229.084366_-68.484825i,0,1,0,0.00
1386921319,1,0,0,2,-5.813110,0.000000,0.050244,31.461098,-3.345038,1991.113281,237.105026_30.838646i,229.084366_-68.484825i,0,1,0,0.00
1386921320,1,0,0,2,-5.814888,0.000000,0.048467,31.461098,-3.345038,2064.083740,237.105026_30.838646i,229.084366_-68.484825i,0,1,0,0.00
1386921320,1,0,0,2,-5.814612,0.000000,0.048743,31.461098,-3.345038,2052.402588,237.105026_30.838646i,229.084366_-68.484825i,0,1,0,0.00
1386921320,1,0,0,2,-5.814329,0.000000,0.049025,31.461098,-3.345038,2040.577515,237.105026_30.838646i,229.084366_-68.484825i,0,1,0,0.00
1386921320,1,0,0,2,-5.813870,0.000000,0.049485,31.461098,-3.345038,2021.643555,237.105026_30.838646i,229.084366_-68.484825i,0,1,0,0.00
1386921321,1,0,0,2,-5.813571,0.000000,0.049784,31.461098,-3.345038,2009.520752,237.105026_30.838646i,229.084366_-68.484825i,0,1,0,0.00
1386921321,1,0,0,2,-5.813265,0.000000,0.050090,31.461098,-3.345038,1997.250122,237.105026_30.838646i,229.084366_-68.484825i,0,1,0,0.00
1386921321,1,0,0,2,-5.815182,0.000000,0.048173,31.461098,-3.345038,2076.669434,237.105026_30.838646i,229.084366_-68.484825i,0,1,0,0.00
1386921321,1,0,0,2,-5.814888,0.000000,0.048467,31.461098,-3.345038,2064.083984,237.105026_30.838646i,229.084366_-68.484825i,0,1,0,0.00
1386921322,1,0,0,2,-5.814587,0.000000,0.048768,31.461098,-3.345038,2051.333984,237.105026_30.838646i,229.084366_-68.484825i,0,1,0,0.00
1386921322,1,0,0,2,-5.814094,0.000000,0.049261,31.461098,-3.345038,2030.822388,237.105026_30.838646i,229.084366_-68.484825i,0,1,0,0.00
1386921322,1,0,0,2,-5.813774,0.000000,0.049581,31.461098,-3.345038,2017.721436,237.105026_30.838646i,229.084366_-68.484825i,0,1,0,0.00
1386921322,1,0,0,2,-5.813445,0.000000,0.049910,31.461098,-3.345038,2004.444458,237.105026_30.838646i,229.084366_-68.484825i,0,1,0,0.00
1386921323,1,0,0,2,-5.815525,0.000000,0.047829,31.461098,-3.345038,2091.557373,237.105026_30.838646i,229.084366_-68.484825i,0,1,0,0.00
1386921323,1,0,0,2,-5.815211,0.000000,0.048144,31.461098,-3.345038,2077.919189,237.105026_30.838646i,229.084366_-68.484825i,0,1,0,0.00
1386921323,1,0,0,2,-5.814888,0.000000,0.048467,31.461098,-3.345038,2064.083984,237.105026_30.838646i,229.084366_-68.484825i,0,1,0,0.00
1386921324,1,0,0,2,-5.814356,0.000000,0.048998,31.461098,-3.345038,2041.710327,237.105026_30.838646i,229.084366_-68.484825i,0,1,0,0.00
1386921324,1,0,0,2,-5.814012,0.000000,0.049343,31.461098,-3.345038,2027.460083,237.105026_30.838646i,229.084366_-68.484825i,0,1,0,0.00
1386921324,1,0,0,2,-5.813657,0.000000,0.049698,31.461098,-3.345038,2013.000488,237.105026_30.838646i,229.084366_-68.484825i,0,1,0,0.00
1386921324,1,0,0,2,-5.816139,0.000000,0.047216,31.461098,-3.345038,2118.731934,237.105026_30.838646i,229.084366_-68.484825i,0,1,0,0.00
1386921325,1,0,0,2,-5.815805,0.000000,0.047549,31.461098,-3.345038,2103.865234,237.105026_30.838646i,229.084366_-68.484825i,0,1,0,0.00
1386921325,1,0,0,2,-5.815247,0.000000,0.048108,31.461098,-3.345038,2079.444580,237.105026_30.838646i,229.084366_-68.484825i,0,1,0,0.00
1386921325,1,0,0,2,-5.814888,0.000000,0.048467,31.461098,-3.345038,2064.084473,237.105026_30.838646i,229.084366_-68.484825i,0,1,0,0.00
1386921325,1,0,0,2,-5.814518,0.000000,0.048836,31.461098,-3.345038,2048.475586,237.105026_30.838646i,229.084366_-68.484825i,0,1,0,0.00
1386921326,1,0,0,2,-5.813911,0.000000,0.049443,31.461098,-3.345038,2023.341919,237.105026_30.838646i,229.084366_-68.484825i,0,1,0,0.00
1386921326,1,0,0,2,-5.813514,0.000000,0.049841,31.461098,-3.345038,2007.206299,237.105026_30.838646i,229.084366_-68.484825i,0,1,0,0.00
1386921326,1,0,0,2,-5.813103,0.000000,0.050252,31.461098,-3.345038,1990.809570,237.105026_30.838646i,229.084366_-68.484825i,0,1,0,0.00
1386921326,1,0,0,2,-5.812440,0.000000,0.050915,31.461098,-3.345038,1964.918945,237.105026_30.838646i,229.084366_-68.484825i,0,1,0,0.00
1386921327,1,0,0,2,-5.815290,0.000000,0.048064,31.461098,-3.345038,2081.344727,237.105026_30.838646i,229.084366_-68.484825i,0,1,0,0.00
1386921327,1,0,0,2,-5.814888,0.000000,0.048467,31.461098,-3.345038,2064.084717,237.105026_30.838646i,229.084366_-68.484825i,0,1,0,0.00
1386921327,1,0,0,2,-5.814221,0.000000,0.049134,31.461098,-3.345038,2036.089844,237.105026_30.838646i,229.084366_-68.484825i,0,1,0,0.00
1386921327,1,0,0,2,-5.813785,0.000000,0.049570,31.461098,-3.345038,2018.176880,237.105026_30.838646i,229.084366_-68.484825i,0,1,0,0.00
1386921328,1,0,0,2,-5.813332,0.000000,0.050022,31.461098,-3.345038,1999.936279,237.105026_30.838646i,229.084366_-68.484825i,0,1,0,0.00
1386921328,1,0,0,2,-5.812597,0.000000,0.050757,31.461098,-3.345038,1971.001343,237.105026_30.838646i,229.084366_-68.484825i,0,1,0,0.00
1386921328,1,0,0,0,-5.812597,0.000000,0.050757,31.461098,-3.345038,1971.001343,237.105026_30.838646i,229.084366_-68.484825i,0,1,0,0.00
1386921328,1,0,0,0,-5.812597,0.000000,0.050757,31.461098,-3.345038,1971.001343,237.105026_30.838646i,229.084366_-68.484825i,0,1,0,0.00
1386921329,1,0,0,0,-5.812597,0.000000,0.050757,31.461098,-3.345038,1971.001343,237.105026_30.838646i,229.084366_-68.484825i,0,1,0,0.00
1386921329,1,0,0,0,-5.812597,0.000000,0.050757,31.461098,-3.345038,1971.001343,237.105026_30.838646i,229.084366_-68.484825i,0,1,0,0.00
1386921329,1,0,0,0,-5.812597,0.000000,0.050757,31.461098,-3.345038,1971.001343,237.105026_30.838646i,229.084366_-68.484825i,0,1,0,0.00
1386921329,1,0,0,0,-5.812597,0.000000,0.050757,31.461098,-3.345038,1971.001343,237.105026_30.838646i,229.084366_-68.484825i,0,1,0,0.00
1386921330,1,0,0,0,-5.812597,0.000000,0.050757,31.461098,-3.345038,1971.001343,237.105026_30.838646i,229.084366_-68.484825i,0,1,0,0.00
1386921330,1,0,0,0,-5.812597,0.000000,0.050757,31.461098,-3.345038,1971.001343,237.105026_30.838646i,229.084366_-68.484825i,0,1,0,0.00
1386921330,1,0,0,0,-5.812597,0.000000,0.050757,31.461098,-3.345038,1971.001343,237.105026_30.838646i,229.084366_-68.484825i,0,1,0,0.00
1386921330,1,0,0,0,-5.812597,0.000000,0.050757,31.461098,-3.345038,1971.001343,237.105026_30.838646i,229.084366_-68.484825i,0,1,0,0.00
1386921331,1,0,0,0,-5.812597,0.000000,0.050757,31.461098,-3.345038,1971.001343,237.105026_30.838646i,229.084366_-68.484825i,0,1,0,0.00
1386921331,1,0,0,0,-5.812597,0.000000,0.050757,31.461098,-3.345038,1971.001343,237.105026_30.838646i,229.084366_-68.484825i,0,1,0,0.00
1386921331,1,0,0,0,-5.812597,0.000000,0.050757,31.461098,-3.345038,1971.001343,237.105026_30.838646i,229.084366_-68.484825i,0,1,0,0.00
1386921331,1,0,0,0,-5.812597,0.000000,0.050757,31.461098,-3.345038,1971.001343,237.105026_30.838646i,229.084366_-68.484825i,0,1,0,0.00
1386921332,1,0,0,0,-5.812597,0.000000,0.050757,31.461098,-3.345038,1971.001343,237.105026_30.838646i,229.084366_-68.484825i,0,1,0,0.00
1386921332,1,0,0,0,-5.812597,0.000000,0.050757,31.461098,-3.345038,1971.001343,237.105026_30.838646i,229.084366_-68.484825i,0,1,0,0.00
1386921332,1,0,0,0,-5.812597,0.000000,0.050757,31.461098,-3.345038,1971.001343,237.105026_30.838646i,229.084366_-68.484825i,0,1,0,0.00
1386921332,1,0,0,0,-5.812597,0.000000,0.050757,31.461098,-3.345038,1971.001343,237.105026_30.838646i,229.084366_-68.484825i,0,1,0,0.00
1386921333,1,0,0,0,-5.812597,0.000000,0.050757,31.461098,-3.345038,1971.001343,237.105026_30.838646i,229.084366_-68.484825i,0,1,0,0.00
1386921333,1,0,0,0,-5.812597,0.000000,0.050757,31.461098,-3.345038,1971.001343,237.105026_30.838646i,229.084366_-68.484825i,0,1,0,0.00
1386921333,1,0,0,0,-5.812597,0.000000,0.050757,31.461098,-3.345038,1971.001343,237.105026_30.838646i,229.084366_-68.484825i,0,1,0,0.00
1386921333,1,0,0,0,-5.812597,0.000000,0.050757,31.461098,-3.345038,1971.001343,237.105026_30.838646i,229.084366_-68.484825i,0,1,0,0.00
1386921334,1,0,0,0,-5.812597,0.000000,0.050757,31.461098,-3.345038,1971.001343,237.105026_30.838646i,229.084366_-68.484825i,0,1,0,0.00
1386921334,1,0,0,0,-5.812597,0.000000,0.050757,31.461098,-3.345038,1971.001343,237.105026_30.838646i,229.084366_-68.484825i,0,1,0,0.00
1386921334,1,0,0,0,-5.812597,0.000000,0.050757,31.461098,-3.345038,1971.001343,237.105026_30.838646i,229.084366_-68.484825i,0,1,0,0.00
1386921334,1,0,0,0,-5.812597,0.000000,0.050757,31.461098,-3.345038,1971.001343,237.105026_30.838646i,229.084366_-68.484825i,0,1,0,0.00
1386921335,1,0,0,0,-5.812597,0.000000,0.050757,31.461098,-3.345038,1971.001343,237.105026_30.838646i,229.084366_-68.484825i,0,1,0,0.00
1386921335,1,0,0,0,-5.812597,0.000000,0.050757,31.461098,-3.345038,1971.001343,237.105026_30.838646i,229.084366_-68.484825i,0,1,0,0.00
1386921335,1,0,0,0,-5.812597,0.000000,0.050757,31.461098,-3.345038,1971.001343,237.105026_30.838646i,229.084366_-68.484825i,0,1,0,0.00
1386921335,1,0,0,0,-5.812597,0.000000,0.050757,31.461098,-3.345038,1971.001343,237.105026_30.838646i,229.084366_-68.484825i,0,1,0,0.00
1386921336,1,0,0,0,-5.812597,0.000000,0.050757,31.461098,-3.345038,1971.001343,237.105026_30.838646i,229.084366_-68.484825i,0,1,0,0.00
1386921336,1,0,0,0,-5.812597,0.000000,0.050757,31.461098,-3.345038,1971.001343,237.105026_30.838646i,229.084366_-68.484825i,0,1,0,0.00
1386921336,1,0,0,0,-5.812597,0.000000,0.050757,31.461098,-3.345038,1971.001343,237.105026_30.838646i,229.084366_-68.484825i,0,1,0,0.00
1386921336,1,0,0,0,-5.812597,0.000000,0.050757,31.461098,-3.345038,1971.001343,237.105026_30.838646i,229.084366_-68.484825i,0,1,0,0.00
1386921337,1,0,0,0,-5.812597,0.000000,0.050757,31.461098,-3.345038,1971.001343,237.105026_30.838646i,229.084366_-68.484825i,0,1,0,0.00
1386921337,1,0,0,0,-5.812597,0.000000,0.050757,31.461098,-3.345038,1971.001343,237.105026_30.838646i,229.084366_-68.484825i,0,1,0,0.00
1386921337,1,0,0,0,-5.812597,0.000000,0.050757,31.461098,-3.345038,1971.001343,237.105026_30.838646i,229.084366_-68.484825i,0,1,0,0.00
1386921337,1,0,0,0,-5.812597,0.000000,0.050757,31.461098,-3.345038,1971.001343,237.105026_30.838646i,229.084366_-68.484825i,0,1,0,0.00
1386921338,1,0,0,0,-5.812597,0.000000,0.050757,31.461098,-3.345038,1971.001343,237.105026_30.838646i,229.084366_-68.484825i,0,1,0,0.00
1386921338,1,0,0,0,-5.812597,0.000000,0.050757,31.461098,-3.345038,1971.001343,237.105026_30.838646i,229.084366_-68.484825i,0,1,0,0.00
1386921338,1,0,0,0,-5.812597,0.000000,0.050757,31.461098,-3.345038,1971.001343,237.105026_30.838646i,229.084366_-68.484825i,0,1,0,0.00
1386921338,1,0,0,0,-5.812597,0.000000,0.050757,31.461098,-3.345038,1971.001343,237.105026_30.838646i,229.084366_-68.484825i,0,1,0,0.00
1386921339,1,0,0,0,-5.812597,0.000000,0.050757,31.461098,-3.345038,1971.001343,237.105026_30.838646i,229.084366_-68.484825i,0,1,0,0.00
1386921339,1,0,0,0,-5.812597,0.000000,0.050757,31.461098,-3.345038,1971.001343,237.105026_30.838646i,229.084366_-68.484825i,0,1,0,0.00
1386921339,1,0,0,0,-5.812597,0.000000,0.050757,31.461098,-3.345038,1971.001343,237.105026_30.838646i,229.084366_-68.484825i,0,1,0,0.00
1386921339,1,0,0,0,-5.812597,0.000000,0.050757,31.461098,-3.345038,1971.001343,237.105026_30.838646i,229.084366_-68.484825i,0,1,0,0.00
1386921340,1,0,0,0,-5.812597,0.000000,0.050757,31.461098,-3.345038,1971.001343,237.105026_30.838646i,229.084366_-68.484825i,0,1,0,0.00
1386921340,1,0,0,0,-5.812597,0.000000,0.050757,31.461098,-3.345038,1971.001343,237.105026_30.838646i,229.084366_-68.484825i,0,1,0,0.00
1386921340,1,0,0,0,-5.812597,0.000000,0.050757,31.461098,-3.345038,1971.001343,237.105026_30.838646i,229.084366_-68.484825i,0,1,0,0.00
1386921340,1,0,0,0,-5.812597,0.000000,0.050757,31.461098,-3.345038,1971.001343,237.105026_30.838646i,229.084366_-68.484825i,0,1,0,0.00
1386921341,1,0,0,0,-5.812597,0.000000,0.050757,31.461098,-3.345038,1971.001343,237.105026_30.838646i,229.084366_-68.484825i,0,1,0,0.00
