MCU_timestamp,sig1,sig2,sig3,fa_debug,theta_d1,theta_d,theta_d1_b,theta_b,a_x,b_x,X_b,X_T_b,sail_hc_periods,sail_hc_direction,sail_hc_val,sail_hc_MEAN_V,act_history,jibe_status
1390060383,0,0,0,0,0.000000,0.000000,0.000000,0.000000,0.000000,0.000000,0.000000_0.000000i,0.000000_0.000000i,0,1,0,0.00,0.30,1
1390060383,0,0,0,0,0.000000,0.000000,0.000000,0.000000,0.000000,0.000000,0.000000_0.000000i,0.000000_0.000000i,0,1,0,0.00,0.30,1
1390060384,0,0,0,0,0.000000,0.000000,0.000000,0.000000,0.000000,0.000000,0.000000_0.000000i,0.000000_0.000000i,0,1,0,0.00,0.30,1
1390060384,0,0,0,0,0.000000,0.000000,0.000000,0.000000,0.000000,0.000000,0.000000_0.000000i,0.000000_0.000000i,0,1,0,0.00,0.30,1
1390060384,0,0,0,0,0.000000,0.000000,0.000000,0.000000,0.000000,0.000000,0.000000_0.000000i,0.000000_0.000000i,0,1,0,0.00,0.30,1
1390060384,0,0,0,0,0.000000,0.000000,0.000000,0.000000,0.000000,0.000000,0.000000_0.000000i,0.000000_0.000000i,0,1,0,0.00,0.30,1
1390060385,0,0,0,0,0.000000,0.000000,0.000000,0.000000,0.000000,0.000000,0.000000_0.000000i,0.000000_0.000000i,0,1,0,0.00,0.30,1
1390060385,0,0,0,0,0.000000,0.000000,0.000000,0.000000,0.000000,0.000000,0.000000_0.000000i,0.000000_0.000000i,0,1,0,0.00,0.30,1
1390060385,0,0,0,0,0.000000,0.000000,0.000000,0.000000,0.000000,0.000000,0.000000_0.000000i,0.000000_0.000000i,0,1,0,0.00,0.30,1
1390060385,0,0,0,0,0.000000,0.000000,0.000000,0.000000,0.000000,0.000000,0.000000_0.000000i,0.000000_0.000000i,0,1,0,0.00,0.30,1
1390060386,0,0,0,0,0.000000,0.000000,0.000000,0.000000,0.000000,0.000000,0.000000_0.000000i,0.000000_0.000000i,0,1,0,0.00,0.23,1
1390060386,0,0,0,0,0.000000,0.000000,0.000000,0.000000,0.000000,0.000000,0.000000_0.000000i,0.000000_0.000000i,0,1,0,0.00,0.15,1
1390060386,0,0,0,0,0.000000,0.000000,0.000000,0.000000,0.000000,0.000000,0.000000_0.000000i,0.000000_0.000000i,0,1,0,0.00,0.08,1
1390060386,0,0,0,0,0.000000,0.000000,0.000000,0.000000,0.000000,0.000000,0.000000_0.000000i,0.000000_0.000000i,0,1,0,0.00,0.25,1
1390060387,0,0,0,0,0.000000,0.000000,0.000000,0.000000,0.000000,0.000000,0.000000_0.000000i,0.000000_0.000000i,0,1,0,0.00,0.43,1
1390060387,0,0,0,0,0.000000,0.000000,0.000000,0.000000,0.000000,0.000000,0.000000_0.000000i,0.000000_0.000000i,0,1,0,0.00,0.60,1
1390060387,0,0,0,0,0.000000,0.000000,0.000000,0.000000,0.000000,0.000000,0.000000_0.000000i,0.000000_0.000000i,0,1,0,0.00,0.78,1
1390060387,0,0,0,0,0.000000,0.000000,0.000000,0.000000,0.000000,0.000000,0.000000_0.000000i,0.000000_0.000000i,0,1,0,0.00,0.95,1
1390060388,0,0,0,0,0.000000,0.000000,0.000000,0.000000,0.000000,0.000000,0.000000_0.000000i,0.000000_0.000000i,0,1,0,0.00,1.12,1
1390060388,0,0,0,0,0.000000,0.000000,0.000000,0.000000,0.000000,0.000000,0.000000_0.000000i,0.000000_0.000000i,0,1,0,0.00,1.30,1
1390060388,0,0,0,0,0.000000,0.000000,0.000000,0.000000,0.000000,0.000000,0.000000_0.000000i,0.000000_0.000000i,0,1,0,0.00,1.47,1
1390060388,0,0,0,0,0.000000,0.000000,0.000000,0.000000,0.000000,0.000000,0.000000_0.000000i,0.000000_0.000000i,0,1,0,0.00,1.65,1
1390060389,0,0,0,0,0.000000,0.000000,0.000000,0.000000,0.000000,0.000000,0.000000_0.000000i,0.000000_0.000000i,0,1,0,0.00,1.82,1
1390060389,0,0,0,0,0.000000,0.000000,0.000000,0.000000,0.000000,0.000000,0.000000_0.000000i,0.000000_0.000000i,0,1,0,0.00,2.00,1
1390060389,0,0,0,0,0.000000,0.000000,0.000000,0.000000,0.000000,0.000000,0.000000_0.000000i,0.000000_0.000000i,0,1,0,0.00,2.17,1
1390060389,0,0,0,0,0.000000,0.000000,0.000000,0.000000,0.000000,0.000000,0.000000_0.000000i,0.000000_0.000000i,0,1,0,0.00,2.35,1
1390060390,0,0,0,0,0.000000,0.000000,0.000000,0.000000,0.000000,0.000000,0.000000_0.000000i,0.000000_0.000000i,0,1,0,0.00,2.52,1
1390060390,0,0,0,0,0.000000,0.000000,0.000000,0.000000,0.000000,0.000000,0.000000_0.000000i,0.000000_0.000000i,0,1,0,0.00,2.70,1
1390060390,0,0,0,0,0.000000,0.000000,0.000000,0.000000,0.000000,0.000000,0.000000_0.000000i,0.000000_0.000000i,0,1,0,0.00,2.87,1
1390060390,0,0,0,0,0.000000,0.000000,0.000000,0.000000,0.000000,0.000000,0.000000_0.000000i,0.000000_0.000000i,0,1,0,0.00,3.05,1
1390060391,0,0,0,0,0.000000,0.000000,0.000000,0.000000,0.000000,0.000000,0.000000_0.000000i,0.000000_0.000000i,0,1,0,0.00,3.22,1
1390060391,0,0,0,0,0.000000,0.000000,0.000000,0.000000,0.000000,0.000000,0.000000_0.000000i,0.000000_0.000000i,0,1,0,0.00,3.40,1
1390060391,0,0,0,0,0.000000,0.000000,0.000000,0.000000,0.000000,0.000000,0.000000_0.000000i,0.000000_0.000000i,0,1,0,0.00,3.57,1
1390060391,0,0,0,0,0.000000,0.000000,0.000000,0.000000,0.000000,0.000000,0.000000_0.000000i,0.000000_0.000000i,0,1,0,0.00,3.75,1
1390060392,0,0,0,0,0.000000,0.000000,0.000000,0.000000,0.000000,0.000000,0.000000_0.000000i,0.000000_0.000000i,0,1,0,0.00,3.92,1
1390060392,0,0,0,0,0.000000,0.000000,0.000000,0.000000,0.000000,0.000000,0.000000_0.000000i,0.000000_0.000000i,0,1,0,0.00,4.10,1
1390060392,0,0,0,0,0.000000,0.000000,0.000000,0.000000,0.000000,0.000000,0.000000_0.000000i,0.000000_0.000000i,0,1,0,0.00,4.27,1
1390060392,0,0,0,0,0.000000,0.000000,0.000000,0.000000,0.000000,0.000000,0.000000_0.000000i,0.000000_0.000000i,0,1,0,0.00,4.45,1
1390060393,0,0,0,0,0.000000,0.000000,0.000000,0.000000,0.000000,0.000000,0.000000_0.000000i,0.000000_0.000000i,0,1,0,0.00,4.62,1
1390060393,0,0,0,0,0.000000,0.000000,0.000000,0.000000,0.000000,0.000000,0.000000_0.000000i,0.000000_0.000000i,0,1,0,0.00,4.62,1
1390060393,0,0,0,0,0.000000,0.000000,0.000000,0.000000,0.000000,0.000000,0.000000_0.000000i,0.000000_0.000000i,0,1,0,0.00,4.62,1
1390060393,0,0,0,0,0.000000,0.000000,0.000000,0.000000,0.000000,0.000000,0.000000_0.000000i,0.000000_0.000000i,0,1,0,0.00,4.62,1
1390060394,0,0,0,0,0.000000,0.000000,0.000000,0.000000,0.000000,0.000000,0.000000_0.000000i,0.000000_0.000000i,0,1,0,0.00,4.62,1
1390060394,0,0,0,0,0.000000,0.000000,0.000000,0.000000,0.000000,0.000000,0.000000_0.000000i,0.000000_0.000000i,0,1,0,0.00,4.62,1
1390060394,0,0,0,0,0.000000,0.000000,0.000000,0.000000,0.000000,0.000000,0.000000_0.000000i,0.000000_0.000000i,0,1,0,0.00,4.62,1
1390060394,0,0,0,0,0.000000,0.000000,0.000000,0.000000,0.000000,0.000000,0.000000_0.000000i,0.000000_0.000000i,0,1,0,0.00,4.62,1
1390060395,0,0,0,0,0.000000,0.000000,0.000000,0.000000,0.000000,0.000000,0.000000_0.000000i,0.000000_0.000000i,0,1,0,0.00,4.62,1
1390060395,0,0,0,0,0.000000,0.000000,0.000000,0.000000,0.000000,0.000000,0.000000_0.000000i,0.000000_0.000000i,0,1,0,0.00,4.62,1
1390060395,0,0,0,0,0.000000,0.000000,0.000000,0.000000,0.000000,0.000000,0.000000_0.000000i,0.000000_0.000000i,0,1,0,0.00,4.62,1
1390060395,0,0,0,0,0.000000,0.000000,0.000000,0.000000,0.000000,0.000000,0.000000_0.000000i,0.000000_0.000000i,0,1,0,0.00,4.62,1
1390060396,0,0,0,0,0.000000,0.000000,0.000000,0.000000,0.000000,0.000000,0.000000_0.000000i,0.000000_0.000000i,0,1,0,0.00,4.62,1
1390060396,0,0,0,0,0.000000,0.000000,0.000000,0.000000,0.000000,0.000000,0.000000_0.000000i,0.000000_0.000000i,0,1,0,0.00,4.62,1
1390060396,0,0,0,0,0.000000,0.000000,0.000000,0.000000,0.000000,0.000000,0.000000_0.000000i,0.000000_0.000000i,0,1,0,0.00,4.62,1
1390060396,0,0,0,0,0.000000,0.000000,0.000000,0.000000,0.000000,0.000000,0.000000_0.000000i,0.000000_0.000000i,0,1,0,0.00,4.62,1
1390060397,0,0,0,0,0.000000,0.000000,0.000000,0.000000,0.000000,0.000000,0.000000_0.000000i,0.000000_0.000000i,0,1,0,0.00,4.62,1
1390060397,0,0,0,0,0.000000,0.000000,0.000000,0.000000,0.000000,0.000000,0.000000_0.000000i,0.000000_0.000000i,0,1,0,0.00,4.62,1
1390060397,0,0,0,0,0.000000,0.000000,0.000000,0.000000,0.000000,0.000000,0.000000_0.000000i,0.000000_0.000000i,0,1,0,0.00,4.62,1
1390060397,0,0,0,0,0.000000,0.000000,0.000000,0.000000,0.000000,0.000000,0.000000_0.000000i,0.000000_0.000000i,0,1,0,0.00,4.62,1
1390060398,0,0,0,0,0.000000,0.000000,0.000000,0.000000,0.000000,0.000000,0.000000_0.000000i,0.000000_0.000000i,0,1,0,0.00,4.62,1
1390060398,0,0,0,0,0.000000,0.000000,0.000000,0.000000,0.000000,0.000000,0.000000_0.000000i,0.000000_0.000000i,0,1,0,0.00,4.62,1
1390060398,0,0,0,0,0.000000,0.000000,0.000000,0.000000,0.000000,0.000000,0.000000_0.000000i,0.000000_0.000000i,0,1,0,0.00,4.62,1
1390060398,0,0,0,0,0.000000,0.000000,0.000000,0.000000,0.000000,0.000000,0.000000_0.000000i,0.000000_0.000000i,0,1,0,0.00,4.62,1
1390060399,0,0,0,0,0.000000,0.000000,0.000000,0.000000,0.000000,0.000000,0.000000_0.000000i,0.000000_0.000000i,0,1,0,0.00,4.62,1
1390060399,0,0,0,0,0.000000,0.000000,0.000000,0.000000,0.000000,0.000000,0.000000_0.000000i,0.000000_0.000000i,0,1,0,0.00,4.62,1
1390060399,0,0,0,0,0.000000,0.000000,0.000000,0.000000,0.000000,0.000000,0.000000_0.000000i,0.000000_0.000000i,0,1,0,0.00,4.62,1
1390060399,0,0,0,0,0.000000,0.000000,0.000000,0.000000,0.000000,0.000000,0.000000_0.000000i,0.000000_0.000000i,0,1,0,0.00,4.62,1
1390060400,0,0,0,0,0.000000,0.000000,0.000000,0.000000,0.000000,0.000000,0.000000_0.000000i,0.000000_0.000000i,0,1,0,0.00,4.62,1
1390060400,0,0,0,0,0.000000,0.000000,0.000000,0.000000,0.000000,0.000000,0.000000_0.000000i,0.000000_0.000000i,0,1,0,0.00,4.62,1
1390060400,0,0,0,0,0.000000,0.000000,0.000000,0.000000,0.000000,0.000000,0.000000_0.000000i,0.000000_0.000000i,0,1,0,0.00,4.62,1
1390060400,0,0,0,0,0.000000,0.000000,0.000000,0.000000,0.000000,0.000000,0.000000_0.000000i,0.000000_0.000000i,0,1,0,0.00,4.62,1
1390060401,0,0,0,0,0.000000,0.000000,0.000000,0.000000,0.000000,0.000000,0.000000_0.000000i,0.000000_0.000000i,0,1,0,0.00,4.62,1
1390060401,0,0,0,0,0.000000,0.000000,0.000000,0.000000,0.000000,0.000000,0.000000_0.000000i,0.000000_0.000000i,0,1,0,0.00,4.62,1
1390060401,0,0,0,0,0.000000,0.000000,0.000000,0.000000,0.000000,0.000000,0.000000_0.000000i,0.000000_0.000000i,0,1,0,0.00,4.62,1
1390060401,0,0,0,0,0.000000,0.000000,0.000000,0.000000,0.000000,0.000000,0.000000_0.000000i,0.000000_0.000000i,0,1,0,0.00,4.62,1
1390060402,0,0,0,0,0.000000,0.000000,0.000000,0.000000,0.000000,0.000000,0.000000_0.000000i,0.000000_0.000000i,0,1,0,0.00,4.62,1
1390060402,0,0,0,0,0.000000,0.000000,0.000000,0.000000,0.000000,0.000000,0.000000_0.000000i,0.000000_0.000000i,0,1,0,0.00,4.62,1
1390060402,0,0,0,0,0.000000,0.000000,0.000000,0.000000,0.000000,0.000000,0.000000_0.000000i,0.000000_0.000000i,0,1,0,0.00,4.62,1
1390060402,0,0,0,0,0.000000,0.000000,0.000000,0.000000,0.000000,0.000000,0.000000_0.000000i,0.000000_0.000000i,0,1,0,0.00,4.62,1
1390060403,0,0,0,0,0.000000,0.000000,0.000000,0.000000,0.000000,0.000000,0.000000_0.000000i,0.000000_0.000000i,0,1,0,0.00,4.62,1
1390060403,0,0,0,0,0.000000,0.000000,0.000000,0.000000,0.000000,0.000000,0.000000_0.000000i,0.000000_0.000000i,0,1,0,0.00,4.62,1
1390060403,0,0,0,0,0.000000,0.000000,0.000000,0.000000,0.000000,0.000000,0.000000_0.000000i,0.000000_0.000000i,0,1,0,0.00,4.62,1
1390060403,0,0,0,0,0.000000,0.000000,0.000000,0.000000,0.000000,0.000000,0.000000_0.000000i,0.000000_0.000000i,0,1,0,0.00,4.62,1
1390060404,0,0,0,0,0.000000,0.000000,0.000000,0.000000,0.000000,0.000000,0.000000_0.000000i,0.000000_0.000000i,0,1,0,0.00,4.62,1
1390060404,0,0,0,0,0.000000,0.000000,0.000000,0.000000,0.000000,0.000000,0.000000_0.000000i,0.000000_0.000000i,0,1,0,0.00,4.62,1
1390060404,0,0,0,0,0.000000,0.000000,0.000000,0.000000,0.000000,0.000000,0.000000_0.000000i,0.000000_0.000000i,0,1,0,0.00,4.62,1
1390060404,0,0,0,0,0.000000,0.000000,0.000000,0.000000,0.000000,0.000000,0.000000_0.000000i,0.000000_0.000000i,0,1,0,0.00,4.62,1
1390060405,0,0,0,0,0.000000,0.000000,0.000000,0.000000,0.000000,0.000000,0.000000_0.000000i,0.000000_0.000000i,0,1,0,0.00,4.62,1
1390060405,0,0,0,0,0.000000,0.000000,0.000000,0.000000,0.000000,0.000000,0.000000_0.000000i,0.000000_0.000000i,0,1,0,0.00,4.62,1
1390060405,0,0,0,0,0.000000,0.000000,0.000000,0.000000,0.000000,0.000000,0.000000_0.000000i,0.000000_0.000000i,0,1,0,0.00,4.62,1
1390060405,0,0,0,0,0.000000,0.000000,0.000000,0.000000,0.000000,0.000000,0.000000_0.000000i,0.000000_0.000000i,0,1,0,0.00,4.62,1
1390060406,0,0,0,0,0.000000,0.000000,0.000000,0.000000,0.000000,0.000000,0.000000_0.000000i,0.000000_0.000000i,0,1,0,0.00,4.62,1
1390060406,0,0,0,0,0.000000,0.000000,0.000000,0.000000,0.000000,0.000000,0.000000_0.000000i,0.000000_0.000000i,0,1,0,0.00,4.62,1
1390060406,0,0,0,0,0.000000,0.000000,0.000000,0.000000,0.000000,0.000000,0.000000_0.000000i,0.000000_0.000000i,0,1,0,0.00,4.62,1
1390060406,0,0,0,0,0.000000,0.000000,0.000000,0.000000,0.000000,0.000000,0.000000_0.000000i,0.000000_0.000000i,0,1,0,0.00,4.62,1
1390060407,0,0,0,0,0.000000,0.000000,0.000000,0.000000,0.000000,0.000000,0.000000_0.000000i,0.000000_0.000000i,0,1,0,0.00,4.62,1
1390060407,0,0,0,0,0.000000,0.000000,0.000000,0.000000,0.000000,0.000000,0.000000_0.000000i,0.000000_0.000000i,0,1,0,0.00,4.62,1
1390060407,0,0,0,0,0.000000,0.000000,0.000000,0.000000,0.000000,0.000000,0.000000_0.000000i,0.000000_0.000000i,0,1,0,0.00,4.62,1
1390060407,0,0,0,0,0.000000,0.000000,0.000000,0.000000,0.000000,0.000000,0.000000_0.000000i,0.000000_0.000000i,0,1,0,0.00,4.62,1
1390060408,0,0,0,0,0.000000,0.000000,0.000000,0.000000,0.000000,0.000000,0.000000_0.000000i,0.000000_0.000000i,0,1,0,0.00,4.62,1
1390060408,0,0,0,0,0.000000,0.000000,0.000000,0.000000,0.000000,0.000000,0.000000_0.000000i,0.000000_0.000000i,0,1,0,0.00,4.62,1
1390060408,0,0,0,0,0.000000,0.000000,0.000000,0.000000,0.000000,0.000000,0.000000_0.000000i,0.000000_0.000000i,0,1,0,0.00,4.62,1
1390060408,0,0,0,0,0.000000,0.000000,0.000000,0.000000,0.000000,0.000000,0.000000_0.000000i,0.000000_0.000000i,0,1,0,0.00,4.62,1
1390060409,0,0,0,0,0.000000,0.000000,0.000000,0.000000,0.000000,0.000000,0.000000_0.000000i,0.000000_0.000000i,0,1,0,0.00,4.62,1
1390060409,0,0,0,0,0.000000,0.000000,0.000000,0.000000,0.000000,0.000000,0.000000_0.000000i,0.000000_0.000000i,0,1,0,0.00,4.62,1
1390060409,0,0,0,0,0.000000,0.000000,0.000000,0.000000,0.000000,0.000000,0.000000_0.000000i,0.000000_0.000000i,0,1,0,0.00,4.62,1
1390060409,0,0,0,0,0.000000,0.000000,0.000000,0.000000,0.000000,0.000000,0.000000_0.000000i,0.000000_0.000000i,0,1,0,0.00,4.62,1
1390060410,0,0,0,0,0.000000,0.000000,0.000000,0.000000,0.000000,0.000000,0.000000_0.000000i,0.000000_0.000000i,0,1,0,0.00,4.62,1
1390060410,0,0,0,0,0.000000,0.000000,0.000000,0.000000,0.000000,0.000000,0.000000_0.000000i,0.000000_0.000000i,0,1,0,0.00,4.62,1
1390060410,0,0,0,0,0.000000,0.000000,0.000000,0.000000,0.000000,0.000000,0.000000_0.000000i,0.000000_0.000000i,0,1,0,0.00,4.62,1
1390060410,0,0,0,0,0.000000,0.000000,0.000000,0.000000,0.000000,0.000000,0.000000_0.000000i,0.000000_0.000000i,0,1,0,0.00,4.62,1
1390060411,0,0,0,0,0.000000,0.000000,0.000000,0.000000,0.000000,0.000000,0.000000_0.000000i,0.000000_0.000000i,0,1,0,0.00,4.62,1
1390060411,0,0,0,0,0.000000,0.000000,0.000000,0.000000,0.000000,0.000000,0.000000_0.000000i,0.000000_0.000000i,0,1,0,0.00,4.62,1
1390060411,0,0,0,0,0.000000,0.000000,0.000000,0.000000,0.000000,0.000000,0.000000_0.000000i,0.000000_0.000000i,0,1,0,0.00,4.62,1
1390060411,0,0,0,0,0.000000,0.000000,0.000000,0.000000,0.000000,0.000000,0.000000_0.000000i,0.000000_0.000000i,0,1,0,0.00,4.62,1
1390060412,0,0,0,0,0.000000,0.000000,0.000000,0.000000,0.000000,0.000000,0.000000_0.000000i,0.000000_0.000000i,0,1,0,0.00,4.62,1
1390060412,0,0,0,0,0.000000,0.000000,0.000000,0.000000,0.000000,0.000000,0.000000_0.000000i,0.000000_0.000000i,0,1,0,0.00,4.62,1
1390060412,0,0,0,0,0.000000,0.000000,0.000000,0.000000,0.000000,0.000000,0.000000_0.000000i,0.000000_0.000000i,0,1,0,0.00,4.62,1
1390060412,0,0,0,0,0.000000,0.000000,0.000000,0.000000,0.000000,0.000000,0.000000_0.000000i,0.000000_0.000000i,0,1,0,0.00,4.62,1
1390060413,0,0,0,0,0.000000,0.000000,0.000000,0.000000,0.000000,0.000000,0.000000_0.000000i,0.000000_0.000000i,0,1,0,0.00,4.62,1
1390060413,0,0,0,0,0.000000,0.000000,0.000000,0.000000,0.000000,0.000000,0.000000_0.000000i,0.000000_0.000000i,0,1,0,0.00,4.62,1
1390060413,0,0,0,0,0.000000,0.000000,0.000000,0.000000,0.000000,0.000000,0.000000_0.000000i,0.000000_0.000000i,0,1,0,0.00,4.62,1
1390060413,0,0,0,0,0.000000,0.000000,0.000000,0.000000,0.000000,0.000000,0.000000_0.000000i,0.000000_0.000000i,0,1,0,0.00,4.62,1
1390060414,0,0,0,0,0.000000,0.000000,0.000000,0.000000,0.000000,0.000000,0.000000_0.000000i,0.000000_0.000000i,0,1,0,0.00,4.62,1
1390060414,0,0,0,0,0.000000,0.000000,0.000000,0.000000,0.000000,0.000000,0.000000_0.000000i,0.000000_0.000000i,0,1,0,0.00,4.62,1
1390060414,0,0,0,0,0.000000,0.000000,0.000000,0.000000,0.000000,0.000000,0.000000_0.000000i,0.000000_0.000000i,0,1,0,0.00,4.62,1
1390060414,0,0,0,0,0.000000,0.000000,0.000000,0.000000,0.000000,0.000000,0.000000_0.000000i,0.000000_0.000000i,0,1,0,0.00,4.62,1
1390060415,0,0,0,0,0.000000,0.000000,0.000000,0.000000,0.000000,0.000000,0.000000_0.000000i,0.000000_0.000000i,0,1,0,0.00,4.62,1
1390060415,0,0,0,0,0.000000,0.000000,0.000000,0.000000,0.000000,0.000000,0.000000_0.000000i,0.000000_0.000000i,0,1,0,0.00,4.62,1
1390060415,0,0,0,0,0.000000,0.000000,0.000000,0.000000,0.000000,0.000000,0.000000_0.000000i,0.000000_0.000000i,0,1,0,0.00,4.62,1
1390060415,0,0,0,0,0.000000,0.000000,0.000000,0.000000,0.000000,0.000000,0.000000_0.000000i,0.000000_0.000000i,0,1,0,0.00,4.62,1
1390060416,0,0,0,0,0.000000,0.000000,0.000000,0.000000,0.000000,0.000000,0.000000_0.000000i,0.000000_0.000000i,0,1,0,0.00,4.62,1
1390060416,0,0,0,0,0.000000,0.000000,0.000000,0.000000,0.000000,0.000000,0.000000_0.000000i,0.000000_0.000000i,0,1,0,0.00,4.62,1
1390060416,0,0,0,0,0.000000,0.000000,0.000000,0.000000,0.000000,0.000000,0.000000_0.000000i,0.000000_0.000000i,0,1,0,0.00,4.62,1
1390060416,0,0,0,0,0.000000,0.000000,0.000000,0.000000,0.000000,0.000000,0.000000_0.000000i,0.000000_0.000000i,0,1,0,0.00,4.62,1
1390060417,0,0,0,0,0.000000,0.000000,0.000000,0.000000,0.000000,0.000000,0.000000_0.000000i,0.000000_0.000000i,0,1,0,0.00,4.62,1
1390060417,0,0,0,0,0.000000,0.000000,0.000000,0.000000,0.000000,0.000000,0.000000_0.000000i,0.000000_0.000000i,0,1,0,0.00,4.62,1
1390060417,0,0,0,0,0.000000,0.000000,0.000000,0.000000,0.000000,0.000000,0.000000_0.000000i,0.000000_0.000000i,0,1,0,0.00,4.62,1
1390060417,0,0,0,0,0.000000,0.000000,0.000000,0.000000,0.000000,0.000000,0.000000_0.000000i,0.000000_0.000000i,0,1,0,0.00,4.62,1
1390060418,0,0,0,0,0.000000,0.000000,0.000000,0.000000,0.000000,0.000000,0.000000_0.000000i,0.000000_0.000000i,0,1,0,0.00,4.62,1
1390060418,0,0,0,0,0.000000,0.000000,0.000000,0.000000,0.000000,0.000000,0.000000_0.000000i,0.000000_0.000000i,0,1,0,0.00,4.62,1
1390060418,0,0,0,0,0.000000,0.000000,0.000000,0.000000,0.000000,0.000000,0.000000_0.000000i,0.000000_0.000000i,0,1,0,0.00,4.62,1
1390060418,0,0,0,0,0.000000,0.000000,0.000000,0.000000,0.000000,0.000000,0.000000_0.000000i,0.000000_0.000000i,0,1,0,0.00,4.62,1
1390060419,0,0,0,0,0.000000,0.000000,0.000000,0.000000,0.000000,0.000000,0.000000_0.000000i,0.000000_0.000000i,0,1,0,0.00,4.62,1
1390060419,0,0,0,0,0.000000,0.000000,0.000000,0.000000,0.000000,0.000000,0.000000_0.000000i,0.000000_0.000000i,0,1,0,0.00,4.62,1
1390060419,0,0,0,0,0.000000,0.000000,0.000000,0.000000,0.000000,0.000000,0.000000_0.000000i,0.000000_0.000000i,0,1,0,0.00,4.62,1
1390060419,0,0,0,0,0.000000,0.000000,0.000000,0.000000,0.000000,0.000000,0.000000_0.000000i,0.000000_0.000000i,0,1,0,0.00,4.62,1
1390060420,0,0,0,0,0.000000,0.000000,0.000000,0.000000,0.000000,0.000000,0.000000_0.000000i,0.000000_0.000000i,0,1,0,0.00,4.62,1
1390060420,0,0,0,0,0.000000,0.000000,0.000000,0.000000,0.000000,0.000000,0.000000_0.000000i,0.000000_0.000000i,0,1,0,0.00,4.62,1
1390060420,0,0,0,0,0.000000,0.000000,0.000000,0.000000,0.000000,0.000000,0.000000_0.000000i,0.000000_0.000000i,0,1,0,0.00,4.62,1
1390060420,0,0,0,0,0.000000,0.000000,0.000000,0.000000,0.000000,0.000000,0.000000_0.000000i,0.000000_0.000000i,0,1,0,0.00,4.62,1
1390060421,0,0,0,0,0.000000,0.000000,0.000000,0.000000,0.000000,0.000000,0.000000_0.000000i,0.000000_0.000000i,0,1,0,0.00,4.62,1
1390060421,0,0,0,0,0.000000,0.000000,0.000000,0.000000,0.000000,0.000000,0.000000_0.000000i,0.000000_0.000000i,0,1,0,0.00,4.62,1
1390060421,0,0,0,0,0.000000,0.000000,0.000000,0.000000,0.000000,0.000000,0.000000_0.000000i,0.000000_0.000000i,0,1,0,0.00,4.62,1
1390060421,0,0,0,0,0.000000,0.000000,0.000000,0.000000,0.000000,0.000000,0.000000_0.000000i,0.000000_0.000000i,0,1,0,0.00,4.62,1
1390060422,0,0,0,0,0.000000,0.000000,0.000000,0.000000,0.000000,0.000000,0.000000_0.000000i,0.000000_0.000000i,0,1,0,0.00,4.62,1
1390060422,0,0,0,0,0.000000,0.000000,0.000000,0.000000,0.000000,0.000000,0.000000_0.000000i,0.000000_0.000000i,0,1,0,0.00,4.62,1
1390060422,0,0,0,0,0.000000,0.000000,0.000000,0.000000,0.000000,0.000000,0.000000_0.000000i,0.000000_0.000000i,0,1,0,0.00,4.62,1
1390060422,0,0,0,0,0.000000,0.000000,0.000000,0.000000,0.000000,0.000000,0.000000_0.000000i,0.000000_0.000000i,0,1,0,0.00,4.62,1
1390060423,0,0,0,0,0.000000,0.000000,0.000000,0.000000,0.000000,0.000000,0.000000_0.000000i,0.000000_0.000000i,0,1,0,0.00,4.62,1
1390060423,0,0,0,0,0.000000,0.000000,0.000000,0.000000,0.000000,0.000000,0.000000_0.000000i,0.000000_0.000000i,0,1,0,0.00,4.62,1
1390060423,0,0,0,0,0.000000,0.000000,0.000000,0.000000,0.000000,0.000000,0.000000_0.000000i,0.000000_0.000000i,0,1,0,0.00,4.62,1
1390060423,0,0,0,0,0.000000,0.000000,0.000000,0.000000,0.000000,0.000000,0.000000_0.000000i,0.000000_0.000000i,0,1,0,0.00,4.62,1
1390060424,0,0,0,0,0.000000,0.000000,0.000000,0.000000,0.000000,0.000000,0.000000_0.000000i,0.000000_0.000000i,0,1,0,0.00,4.62,1
1390060424,0,0,0,0,0.000000,0.000000,0.000000,0.000000,0.000000,0.000000,0.000000_0.000000i,0.000000_0.000000i,0,1,0,0.00,4.62,1
1390060424,0,0,0,0,0.000000,0.000000,0.000000,0.000000,0.000000,0.000000,0.000000_0.000000i,0.000000_0.000000i,0,1,0,0.00,4.62,1
1390060424,0,0,0,0,0.000000,0.000000,0.000000,0.000000,0.000000,0.000000,0.000000_0.000000i,0.000000_0.000000i,0,1,0,0.00,4.62,1
1390060425,0,0,0,0,0.000000,0.000000,0.000000,0.000000,0.000000,0.000000,0.000000_0.000000i,0.000000_0.000000i,0,1,0,0.00,4.62,1
1390060425,0,0,0,0,0.000000,0.000000,0.000000,0.000000,0.000000,0.000000,0.000000_0.000000i,0.000000_0.000000i,0,1,0,0.00,4.62,1
1390060425,0,0,0,0,0.000000,0.000000,0.000000,0.000000,0.000000,0.000000,0.000000_0.000000i,0.000000_0.000000i,0,1,0,0.00,4.62,1
1390060425,0,0,0,0,0.000000,0.000000,0.000000,0.000000,0.000000,0.000000,0.000000_0.000000i,0.000000_0.000000i,0,1,0,0.00,4.62,1
1390060426,0,0,0,0,0.000000,0.000000,0.000000,0.000000,0.000000,0.000000,0.000000_0.000000i,0.000000_0.000000i,0,1,0,0.00,4.62,1
1390060426,0,0,0,0,0.000000,0.000000,0.000000,0.000000,0.000000,0.000000,0.000000_0.000000i,0.000000_0.000000i,0,1,0,0.00,4.62,1
1390060426,0,0,0,0,0.000000,0.000000,0.000000,0.000000,0.000000,0.000000,0.000000_0.000000i,0.000000_0.000000i,0,1,0,0.00,4.62,1
1390060426,0,0,0,0,0.000000,0.000000,0.000000,0.000000,0.000000,0.000000,0.000000_0.000000i,0.000000_0.000000i,0,1,0,0.00,4.62,1
1390060427,0,0,0,0,0.000000,0.000000,0.000000,0.000000,0.000000,0.000000,0.000000_0.000000i,0.000000_0.000000i,0,1,0,0.00,4.62,1
1390060427,0,0,0,0,0.000000,0.000000,0.000000,0.000000,0.000000,0.000000,0.000000_0.000000i,0.000000_0.000000i,0,1,0,0.00,4.62,1
1390060427,0,0,0,0,0.000000,0.000000,0.000000,0.000000,0.000000,0.000000,0.000000_0.000000i,0.000000_0.000000i,0,1,0,0.00,4.62,1
1390060427,0,0,0,0,0.000000,0.000000,0.000000,0.000000,0.000000,0.000000,0.000000_0.000000i,0.000000_0.000000i,0,1,0,0.00,4.62,1
1390060428,0,0,0,0,0.000000,0.000000,0.000000,0.000000,0.000000,0.000000,0.000000_0.000000i,0.000000_0.000000i,0,1,0,0.00,4.62,1
1390060428,0,0,0,0,0.000000,0.000000,0.000000,0.000000,0.000000,0.000000,0.000000_0.000000i,0.000000_0.000000i,0,1,0,0.00,4.62,1
1390060428,0,0,0,0,0.000000,0.000000,0.000000,0.000000,0.000000,0.000000,0.000000_0.000000i,0.000000_0.000000i,0,1,0,0.00,4.62,1
1390060428,0,0,0,0,0.000000,0.000000,0.000000,0.000000,0.000000,0.000000,0.000000_0.000000i,0.000000_0.000000i,0,1,0,0.00,4.62,1
1390060429,0,0,0,0,0.000000,0.000000,0.000000,0.000000,0.000000,0.000000,0.000000_0.000000i,0.000000_0.000000i,0,1,0,0.00,4.62,1
1390060429,0,0,0,0,0.000000,0.000000,0.000000,0.000000,0.000000,0.000000,0.000000_0.000000i,0.000000_0.000000i,0,1,0,0.00,4.62,1
1390060429,0,0,0,0,0.000000,0.000000,0.000000,0.000000,0.000000,0.000000,0.000000_0.000000i,0.000000_0.000000i,0,1,0,0.00,4.62,1
1390060429,0,0,0,0,0.000000,0.000000,0.000000,0.000000,0.000000,0.000000,0.000000_0.000000i,0.000000_0.000000i,0,1,0,0.00,4.62,1
1390060430,0,0,0,0,0.000000,0.000000,0.000000,0.000000,0.000000,0.000000,0.000000_0.000000i,0.000000_0.000000i,0,1,0,0.00,4.62,1
1390060430,0,0,0,0,0.000000,0.000000,0.000000,0.000000,0.000000,0.000000,0.000000_0.000000i,0.000000_0.000000i,0,1,0,0.00,4.62,1
1390060430,0,0,0,0,0.000000,0.000000,0.000000,0.000000,0.000000,0.000000,0.000000_0.000000i,0.000000_0.000000i,0,1,0,0.00,4.62,1
1390060430,0,0,0,0,0.000000,0.000000,0.000000,0.000000,0.000000,0.000000,0.000000_0.000000i,0.000000_0.000000i,0,1,0,0.00,4.62,1
1390060431,0,0,0,0,0.000000,0.000000,0.000000,0.000000,0.000000,0.000000,0.000000_0.000000i,0.000000_0.000000i,0,1,0,0.00,4.62,1
1390060431,0,0,0,0,0.000000,0.000000,0.000000,0.000000,0.000000,0.000000,0.000000_0.000000i,0.000000_0.000000i,0,1,0,0.00,4.62,1
1390060431,0,0,0,0,0.000000,0.000000,0.000000,0.000000,0.000000,0.000000,0.000000_0.000000i,0.000000_0.000000i,0,1,0,0.00,4.62,1
1390060431,0,0,0,0,0.000000,0.000000,0.000000,0.000000,0.000000,0.000000,0.000000_0.000000i,0.000000_0.000000i,0,1,0,0.00,4.62,1
1390060432,0,0,0,0,0.000000,0.000000,0.000000,0.000000,0.000000,0.000000,0.000000_0.000000i,0.000000_0.000000i,0,1,0,0.00,4.62,1
1390060432,0,0,0,0,0.000000,0.000000,0.000000,0.000000,0.000000,0.000000,0.000000_0.000000i,0.000000_0.000000i,0,1,0,0.00,4.62,1
1390060432,0,0,0,0,0.000000,0.000000,0.000000,0.000000,0.000000,0.000000,0.000000_0.000000i,0.000000_0.000000i,0,1,0,0.00,4.62,1
1390060432,0,0,0,0,0.000000,0.000000,0.000000,0.000000,0.000000,0.000000,0.000000_0.000000i,0.000000_0.000000i,0,1,0,0.00,4.62,1
1390060433,0,0,0,0,0.000000,0.000000,0.000000,0.000000,0.000000,0.000000,0.000000_0.000000i,0.000000_0.000000i,0,1,0,0.00,4.62,1
1390060433,0,0,0,0,0.000000,0.000000,0.000000,0.000000,0.000000,0.000000,0.000000_0.000000i,0.000000_0.000000i,0,1,0,0.00,4.62,1
1390060433,0,0,0,0,0.000000,0.000000,0.000000,0.000000,0.000000,0.000000,0.000000_0.000000i,0.000000_0.000000i,0,1,0,0.00,4.62,1
1390060433,0,0,0,0,0.000000,0.000000,0.000000,0.000000,0.000000,0.000000,0.000000_0.000000i,0.000000_0.000000i,0,1,0,0.00,4.62,1
1390060434,0,0,0,0,0.000000,0.000000,0.000000,0.000000,0.000000,0.000000,0.000000_0.000000i,0.000000_0.000000i,0,1,0,0.00,4.62,1
1390060434,0,0,0,0,0.000000,0.000000,0.000000,0.000000,0.000000,0.000000,0.000000_0.000000i,0.000000_0.000000i,0,1,0,0.00,4.62,1
1390060434,0,0,0,0,0.000000,0.000000,0.000000,0.000000,0.000000,0.000000,0.000000_0.000000i,0.000000_0.000000i,0,1,0,0.00,4.62,1
1390060434,0,0,0,0,0.000000,0.000000,0.000000,0.000000,0.000000,0.000000,0.000000_0.000000i,0.000000_0.000000i,0,1,0,0.00,4.62,1
1390060435,0,0,0,0,0.000000,0.000000,0.000000,0.000000,0.000000,0.000000,0.000000_0.000000i,0.000000_0.000000i,0,1,0,0.00,4.62,1
1390060435,0,0,0,0,0.000000,0.000000,0.000000,0.000000,0.000000,0.000000,0.000000_0.000000i,0.000000_0.000000i,0,1,0,0.00,4.62,1
