MCU_timestamp,sig1,sig2,sig3,fa_debug,theta_d1,theta_d,theta_d1_b,theta_b,a_x,b_x,X_b,X_T_b,sail_hc_periods,sail_hc_direction,sail_hc_val,sail_hc_MEAN_V,act_history,jibe_status
1387092495,1,0,0,18,-1.570796,0.000000,-1.047198,-1.052296,-0.447395,-54.775963,-627803.187500_-6078767.000000i,2495690.000000_-5578268.000000i,0,1,0,0.00,0.48,1
1387092495,0,0,0,16,-1.570796,0.000000,-1.047198,-1.052296,-0.447395,-54.775963,-627803.187500_-6078767.000000i,2495690.000000_-5578268.000000i,0,1,0,0.00,0.65,1
1387092496,0,0,0,16,-1.570796,0.000000,-1.047198,-1.052296,-0.447395,-54.775963,-627803.187500_-6078767.000000i,2495690.000000_-5578268.000000i,0,1,0,0.00,0.83,1
1387092496,0,0,0,16,-1.570796,0.000000,-1.047198,-1.052296,-0.447395,-54.775963,-627803.187500_-6078767.000000i,2495690.000000_-5578268.000000i,0,1,0,0.00,1.00,1
1387092496,0,0,0,16,-1.570796,0.000000,-1.047198,-1.052296,-0.447395,-54.775963,-627803.187500_-6078767.000000i,2495690.000000_-5578268.000000i,0,1,0,0.00,1.17,1
1387092496,0,0,0,16,-1.570796,0.000000,-1.047198,-1.052296,-0.447395,-54.775963,-627803.187500_-6078767.000000i,2495690.000000_-5578268.000000i,0,1,0,0.00,1.35,1
1387092497,0,0,0,16,-1.570796,0.000000,-1.047198,-1.052296,-0.447395,-54.775963,-627803.187500_-6078767.000000i,2495690.000000_-5578268.000000i,0,1,0,0.00,1.52,1
1387092497,0,0,0,16,-1.570796,0.000000,-1.047198,-1.052296,-0.447395,-54.775963,-627803.187500_-6078767.000000i,2495690.000000_-5578268.000000i,0,1,0,0.00,1.70,1
1387092497,0,0,0,16,-1.570796,0.000000,-1.047198,-1.052296,-0.447395,-54.775963,-627803.187500_-6078767.000000i,2495690.000000_-5578268.000000i,0,1,0,0.00,1.87,1
1387092497,0,0,0,16,-1.570796,0.000000,-1.047198,-1.052296,-0.447395,-54.775963,-627803.187500_-6078767.000000i,2495690.000000_-5578268.000000i,0,1,0,0.00,2.05,1
1387092498,0,0,0,16,-1.570796,0.000000,-1.047198,-1.052296,-0.447395,-54.775963,-627803.187500_-6078767.000000i,2495690.000000_-5578268.000000i,0,1,0,0.00,2.22,1
1387092498,0,0,0,16,-1.570796,0.000000,-1.047198,-1.052296,-0.447395,-54.775963,-627803.187500_-6078767.000000i,2495690.000000_-5578268.000000i,0,1,0,0.00,2.40,1
1387092498,0,0,0,16,-1.570796,0.000000,-1.047198,-1.052296,-0.447395,-54.775963,-627803.187500_-6078767.000000i,2495690.000000_-5578268.000000i,0,1,0,0.00,2.57,1
1387092498,0,0,0,16,-1.570796,0.000000,-1.047198,-1.052296,-0.447395,-54.775963,-627803.187500_-6078767.000000i,2495690.000000_-5578268.000000i,0,1,0,0.00,2.75,1
1387092499,0,0,0,16,-1.570796,0.000000,-1.047198,-1.052296,-0.447395,-54.775963,-627803.187500_-6078767.000000i,2495690.000000_-5578268.000000i,0,1,0,0.00,2.92,1
1387092499,0,0,0,16,-1.570796,0.000000,-1.047198,-1.052296,-0.447395,-54.775963,-627803.187500_-6078767.000000i,2495690.000000_-5578268.000000i,0,1,0,0.00,3.10,1
