MCU_timestamp,sig1,sig2,sig3,fa_debug,theta_d1,theta_d,theta_d1_b,theta_b,a_x,b_x,X_b,X_T_b,sail_hc_periods,sail_hc_direction,sail_hc_val,sail_hc_MEAN_V
1386958188,0,0,0,0,0.000000,0.000000,0.000000,0.000000,0.000000,0.000000,0.000000_0.000000i,0.000000_0.000000i,0,1,0,0.00
1386958189,1,0,0,2,-0.558430,0.000000,-0.558430,-90.054779,-1.600604,-94.365440,229.221893_-143.209595i,229.221893_-143.209595i,0,1,0,0.00
1386958189,1,0,0,2,-0.551802,0.000000,-0.551802,-89.891884,-1.600604,-94.365440,229.221893_-143.209595i,229.221893_-143.209595i,0,1,0,0.00
1386958189,1,0,0,2,-0.545747,0.000000,-0.545747,-89.728981,-1.600604,-94.365440,229.221893_-143.209595i,229.221893_-143.209595i,0,1,0,0.00
1386958189,1,0,0,2,-0.538901,0.000000,-0.538901,-89.566078,-1.600604,-94.365440,229.221893_-143.209595i,229.221893_-143.209595i,0,1,0,0.00
1386958190,1,0,0,2,-0.532582,0.000000,-0.532582,-89.403183,-1.600604,-94.365440,229.221893_-143.209595i,229.221893_-143.209595i,0,1,0,0.00
1386958190,1,0,0,2,-0.528155,0.000000,-0.528155,-89.240280,-1.600604,-94.365440,229.221893_-143.209595i,229.221893_-143.209595i,0,1,0,0.00
1386958190,1,0,0,2,-0.522876,0.000000,-0.522876,-89.077377,-1.600604,-94.365440,229.221893_-143.209595i,229.221893_-143.209595i,0,1,0,0.00
1386958190,1,0,0,2,-0.519502,0.000000,-0.519502,-88.919136,-1.600604,-94.365440,229.221893_-143.209595i,229.221893_-143.209595i,0,1,0,0.00
1386958191,1,0,0,2,-0.517840,0.000000,-0.517840,-88.802780,-1.600604,-94.365440,229.221893_-143.209595i,229.221893_-143.209595i,0,1,0,0.00
1386958191,1,0,0,2,-0.516388,0.000000,-0.516388,-88.719009,-1.600604,-94.365440,229.221893_-143.209595i,229.221893_-143.209595i,0,1,0,0.00
1386958191,1,0,0,2,-0.515032,0.000000,-0.515032,-88.653847,-1.600604,-94.365440,229.221893_-143.209595i,229.221893_-143.209595i,0,1,0,0.00
1386958191,1,0,0,2,-0.513773,0.000000,-0.513773,-88.607307,-1.600604,-94.365440,229.221893_-143.209595i,229.221893_-143.209595i,0,1,0,0.00
1386958192,1,0,0,2,-0.514070,0.000000,-0.514070,-88.574730,-1.600604,-94.365440,229.221893_-143.209595i,229.221893_-143.209595i,0,1,0,0.00
1386958192,1,0,0,2,-0.514492,0.000000,-0.514492,-88.546806,-1.600604,-94.365440,229.221893_-143.209595i,229.221893_-143.209595i,0,1,0,0.00
1386958192,1,0,0,2,-0.513440,0.000000,-0.513440,-88.528183,-1.600604,-94.365440,229.221893_-143.209595i,229.221893_-143.209595i,0,1,0,0.00
1386958192,1,0,0,2,-0.513864,0.000000,-0.513864,-88.514221,-1.600604,-94.365440,229.221893_-143.209595i,229.221893_-143.209595i,0,1,0,0.00
1386958193,1,0,0,2,-0.514294,0.000000,-0.514294,-88.504913,-1.600604,-94.365440,229.221893_-143.209595i,229.221893_-143.209595i,0,1,0,0.00
1386958193,1,0,0,2,-0.513216,0.000000,-0.513216,-88.500267,-1.600604,-94.365440,229.221893_-143.209595i,229.221893_-143.209595i,0,1,0,0.00
1386958193,1,0,0,2,-0.513648,0.000000,-0.513648,-88.495613,-1.600604,-94.365440,229.221893_-143.209595i,229.221893_-143.209595i,0,1,0,0.00
1386958193,1,0,0,2,-0.514213,0.000000,-0.514213,-88.490959,-1.600604,-94.365440,229.221893_-143.209595i,229.221893_-143.209595i,0,1,0,0.00
1386958194,1,0,0,2,-0.513107,0.000000,-0.513107,-88.486305,-1.600604,-94.365440,229.221893_-143.209595i,229.221893_-143.209595i,0,1,0,0.00
1386958194,1,0,0,2,-0.513677,0.000000,-0.513677,-88.486305,-1.600604,-94.365440,229.221893_-143.209595i,229.221893_-143.209595i,0,1,0,0.00
1386958194,1,0,0,2,-0.512546,0.000000,-0.512546,-88.486305,-1.600604,-94.365440,229.221893_-143.209595i,229.221893_-143.209595i,0,1,0,0.00
1386958194,1,0,0,2,-0.512992,0.000000,-0.512992,-88.481651,-1.600604,-94.365440,229.221893_-143.209595i,229.221893_-143.209595i,0,1,0,0.00
1386958195,1,0,0,2,-0.513576,0.000000,-0.513576,-88.481651,-1.600604,-94.365440,229.221893_-143.209595i,229.221893_-143.209595i,0,1,0,0.00
1386958195,1,0,0,2,-0.512414,0.000000,-0.512414,-88.481651,-1.600604,-94.365440,229.221893_-143.209595i,229.221893_-143.209595i,0,1,0,0.00
1386958195,1,0,0,2,-0.512871,0.000000,-0.512871,-88.481651,-1.600604,-94.365440,229.221893_-143.209595i,229.221893_-143.209595i,0,1,0,0.00
1386958195,1,0,0,2,-0.513469,0.000000,-0.513469,-88.481651,-1.600604,-94.365440,229.221893_-143.209595i,229.221893_-143.209595i,0,1,0,0.00
1386958196,1,0,0,2,-0.512275,0.000000,-0.512275,-88.481651,-1.600604,-94.365440,229.221893_-143.209595i,229.221893_-143.209595i,0,1,0,0.00
1386958196,1,0,0,2,-0.512743,0.000000,-0.512743,-88.481651,-1.600604,-94.365440,229.221893_-143.209595i,229.221893_-143.209595i,0,1,0,0.00
1386958196,1,0,0,2,-0.513357,0.000000,-0.513357,-88.481651,-1.600604,-94.365440,229.221893_-143.209595i,229.221893_-143.209595i,0,1,0,0.00
1386958196,1,0,0,2,-0.512129,0.000000,-0.512129,-88.481651,-1.600604,-94.365440,229.221893_-143.209595i,229.221893_-143.209595i,0,1,0,0.00
1386958197,1,0,0,2,-0.512749,0.000000,-0.512749,-88.481651,-1.600604,-94.365440,229.221893_-143.209595i,229.221893_-143.209595i,0,1,0,0.00
1386958197,1,0,0,2,-0.511633,0.000000,-0.511633,-88.481651,-1.600604,-94.365440,229.221893_-143.209595i,229.221893_-143.209595i,0,1,0,0.00
1386958197,1,0,0,2,-0.512117,0.000000,-0.512117,-88.481651,-1.600604,-94.365440,229.221893_-143.209595i,229.221893_-143.209595i,0,1,0,0.00
1386958197,1,0,0,2,-0.512756,0.000000,-0.512756,-88.481651,-1.600604,-94.365440,229.221893_-143.209595i,229.221893_-143.209595i,0,1,0,0.00
1386958198,1,0,0,2,-0.511460,0.000000,-0.511460,-88.481651,-1.600604,-94.365440,229.221893_-143.209595i,229.221893_-143.209595i,0,1,0,0.00
1386958198,1,0,0,2,-0.511957,0.000000,-0.511957,-88.481651,-1.600604,-94.365440,229.221893_-143.209595i,229.221893_-143.209595i,0,1,0,0.00
1386958198,1,0,0,2,-0.512613,0.000000,-0.512613,-88.481651,-1.600604,-94.365440,229.221893_-143.209595i,229.221893_-143.209595i,0,1,0,0.00
1386958198,1,0,0,2,-0.511277,0.000000,-0.511277,-88.481651,-1.600604,-94.365440,229.221893_-143.209595i,229.221893_-143.209595i,0,1,0,0.00
1386958199,1,0,0,2,-0.511940,0.000000,-0.511940,-88.481651,-1.600604,-94.365440,229.221893_-143.209595i,229.221893_-143.209595i,0,1,0,0.00
1386958199,1,0,0,2,-0.512616,0.000000,-0.512616,-88.481651,-1.600604,-94.365440,229.221893_-143.209595i,229.221893_-143.209595i,0,1,0,0.00
1386958199,1,0,0,2,-0.511238,0.000000,-0.511238,-88.481651,-1.600604,-94.365440,229.221893_-143.209595i,229.221893_-143.209595i,0,1,0,0.00
1386958199,1,0,0,2,-0.511921,0.000000,-0.511921,-88.481651,-1.600604,-94.365440,229.221893_-143.209595i,229.221893_-143.209595i,0,1,0,0.00
1386958200,1,0,0,2,-0.510506,0.000000,-0.510506,-88.481651,-1.600604,-94.365440,229.221893_-143.209595i,229.221893_-143.209595i,0,1,0,0.00
1386958200,1,0,0,2,-0.511036,0.000000,-0.511036,-88.481651,-1.600604,-94.365440,229.221893_-143.209595i,229.221893_-143.209595i,0,1,0,0.00
1386958200,1,0,0,2,-0.511739,0.000000,-0.511739,-88.481651,-1.600604,-94.365440,229.221893_-143.209595i,229.221893_-143.209595i,0,1,0,0.00
1386958200,1,0,0,2,-0.510276,0.000000,-0.510276,-88.481651,-1.600604,-94.365440,229.221893_-143.209595i,229.221893_-143.209595i,0,1,0,0.00
1386958201,1,0,0,2,-0.510821,0.000000,-0.510821,-88.481651,-1.600604,-94.365440,229.221893_-143.209595i,229.221893_-143.209595i,0,1,0,0.00
1386958201,1,0,0,2,-0.511545,0.000000,-0.511545,-88.481651,-1.600604,-94.365440,229.221893_-143.209595i,229.221893_-143.209595i,0,1,0,0.00
1386958201,1,0,0,2,-0.510030,0.000000,-0.510030,-88.481651,-1.600604,-94.365440,229.221893_-143.209595i,229.221893_-143.209595i,0,1,0,0.00
1386958201,1,0,0,2,-0.510762,0.000000,-0.510762,-88.481651,-1.600604,-94.365440,229.221893_-143.209595i,229.221893_-143.209595i,0,1,0,0.00
1386958202,1,0,0,2,-0.509374,0.000000,-0.509374,-88.481651,-1.600604,-94.365440,229.221893_-143.209595i,229.221893_-143.209595i,0,1,0,0.00
1386958202,1,0,0,2,-0.509941,0.000000,-0.509941,-88.481651,-1.600604,-94.365440,229.221893_-143.209595i,229.221893_-143.209595i,0,1,0,0.00
1386958202,1,0,0,2,-0.510699,0.000000,-0.510699,-88.481651,-1.600604,-94.365440,229.221893_-143.209595i,229.221893_-143.209595i,0,1,0,0.00
1386958202,1,0,0,2,-0.509081,0.000000,-0.509081,-88.481651,-1.600604,-94.365440,229.221893_-143.209595i,229.221893_-143.209595i,0,1,0,0.00
1386958203,1,0,0,2,-0.509665,0.000000,-0.509665,-88.481651,-1.600604,-94.365440,229.221893_-143.209595i,229.221893_-143.209595i,0,1,0,0.00
1386958203,1,0,0,2,-0.510447,0.000000,-0.510447,-88.481651,-1.600604,-94.365440,229.221893_-143.209595i,229.221893_-143.209595i,0,1,0,0.00
1386958203,1,0,0,2,-0.508765,0.000000,-0.508765,-88.481651,-1.600604,-94.365440,229.221893_-143.209595i,229.221893_-143.209595i,0,1,0,0.00
1386958203,1,0,0,2,-0.509368,0.000000,-0.509368,-88.481651,-1.600604,-94.365440,229.221893_-143.209595i,229.221893_-143.209595i,0,1,0,0.00
1386958204,1,0,0,2,-0.510176,0.000000,-0.510176,-88.481651,-1.600604,-94.365440,229.221893_-143.209595i,229.221893_-143.209595i,0,1,0,0.00
1386958204,1,0,0,2,-0.508426,0.000000,-0.508426,-88.481651,-1.600604,-94.365440,229.221893_-143.209595i,229.221893_-143.209595i,0,1,0,0.00
1386958204,1,0,0,2,-0.509243,0.000000,-0.509243,-88.481651,-1.600604,-94.365440,229.221893_-143.209595i,229.221893_-143.209595i,0,1,0,0.00
1386958204,1,0,0,2,-0.507630,0.000000,-0.507630,-88.481651,-1.600604,-94.365440,229.221893_-143.209595i,229.221893_-143.209595i,0,1,0,0.00
1386958205,1,0,0,2,-0.508259,0.000000,-0.508259,-88.476997,-1.600604,-94.365440,229.221893_-143.209595i,229.221893_-143.209595i,0,1,0,0.00
1386958205,1,0,0,2,-0.509108,0.000000,-0.509108,-88.476997,-1.600604,-94.365440,229.221893_-143.209595i,229.221893_-143.209595i,0,1,0,0.00
1386958205,1,0,0,2,-0.507220,0.000000,-0.507220,-88.476997,-1.600604,-94.365440,229.221893_-143.209595i,229.221893_-143.209595i,0,1,0,0.00
1386958205,1,0,0,2,-0.507870,0.000000,-0.507870,-88.476997,-1.600604,-94.365440,229.221893_-143.209595i,229.221893_-143.209595i,0,1,0,0.00
1386958206,1,0,0,2,-0.508749,0.000000,-0.508749,-88.476997,-1.600604,-94.365440,229.221893_-143.209595i,229.221893_-143.209595i,0,1,0,0.00
1386958206,1,0,0,2,-0.506774,0.000000,-0.506774,-88.476997,-1.600604,-94.365440,229.221893_-143.209595i,229.221893_-143.209595i,0,1,0,0.00
1386958206,1,0,0,2,-0.507664,0.000000,-0.507664,-88.476997,-1.600604,-94.365440,229.221893_-143.209595i,229.221893_-143.209595i,0,1,0,0.00
1386958206,1,0,0,2,-0.508580,0.000000,-0.508580,-88.476997,-1.600604,-94.365440,229.221893_-143.209595i,229.221893_-143.209595i,0,1,0,0.00
1386958207,1,0,0,2,-0.506512,0.000000,-0.506512,-88.476997,-1.600604,-94.365440,229.221893_-143.209595i,229.221893_-143.209595i,0,1,0,0.00
1386958207,1,0,0,2,-0.507439,0.000000,-0.507439,-88.476997,-1.600604,-94.365440,229.221893_-143.209595i,229.221893_-143.209595i,0,1,0,0.00
1386958207,1,0,0,2,-0.505517,0.000000,-0.505517,-88.476997,-1.600604,-94.365440,229.221893_-143.209595i,229.221893_-143.209595i,0,1,0,0.00
1386958207,1,0,0,2,-0.506225,0.000000,-0.506225,-88.476997,-1.600604,-94.365440,229.221893_-143.209595i,229.221893_-143.209595i,0,1,0,0.00
1386958208,1,0,0,2,-0.507192,0.000000,-0.507192,-88.476997,-1.600604,-94.365440,229.221893_-143.209595i,229.221893_-143.209595i,0,1,0,0.00
1386958208,1,0,0,2,-0.504929,0.000000,-0.504929,-88.476997,-1.600604,-94.365440,229.221893_-143.209595i,229.221893_-143.209595i,0,1,0,0.00
1386958208,1,0,0,2,-0.505663,0.000000,-0.505663,-88.476997,-1.600604,-94.365440,229.221893_-143.209595i,229.221893_-143.209595i,0,1,0,0.00
1386958208,1,0,0,2,-0.506670,0.000000,-0.506670,-88.476997,-1.600604,-94.365440,229.221893_-143.209595i,229.221893_-143.209595i,0,1,0,0.00
1386958209,1,0,0,2,-0.504281,0.000000,-0.504281,-88.476997,-1.600604,-94.365440,229.221893_-143.209595i,229.221893_-143.209595i,0,1,0,0.00
1386958209,1,0,0,2,-0.505300,0.000000,-0.505300,-88.476997,-1.600604,-94.365440,229.221893_-143.209595i,229.221893_-143.209595i,0,1,0,0.00
1386958209,1,0,0,2,-0.503062,0.000000,-0.503062,-88.476997,-1.600604,-94.365440,229.221893_-143.209595i,229.221893_-143.209595i,0,1,0,0.00
1386958209,1,0,0,2,-0.503830,0.000000,-0.503830,-88.472343,-1.600604,-94.365440,229.221893_-143.209595i,229.221893_-143.209595i,0,1,0,0.00
1386958210,1,0,0,2,-0.504898,0.000000,-0.504898,-88.472343,-1.600604,-94.365440,229.221893_-143.209595i,229.221893_-143.209595i,0,1,0,0.00
1386958210,1,0,0,2,-0.502524,0.000000,-0.502524,-88.472343,-1.600604,-94.365440,229.221893_-143.209595i,229.221893_-143.209595i,0,1,0,0.00
1386958210,1,0,0,2,-0.503327,0.000000,-0.503327,-88.472343,-1.600604,-94.365440,229.221893_-143.209595i,229.221893_-143.209595i,0,1,0,0.00
1386958210,1,0,0,2,-0.504448,0.000000,-0.504448,-88.472343,-1.600604,-94.365440,229.221893_-143.209595i,229.221893_-143.209595i,0,1,0,0.00
1386958211,1,0,0,2,-0.501921,0.000000,-0.501921,-88.472343,-1.600604,-94.365440,229.221893_-143.209595i,229.221893_-143.209595i,0,1,0,0.00
1386958211,1,0,0,2,-0.502762,0.000000,-0.502762,-88.472343,-1.600604,-94.365440,229.221893_-143.209595i,229.221893_-143.209595i,0,1,0,0.00
1386958211,1,0,0,2,-0.503942,0.000000,-0.503942,-88.472343,-1.600604,-94.365440,229.221893_-143.209595i,229.221893_-143.209595i,0,1,0,0.00
1386958211,1,0,0,2,-0.500929,0.000000,-0.500929,-88.472343,-1.600604,-94.365440,229.221893_-143.209595i,229.221893_-143.209595i,0,1,0,0.00
1386958212,1,0,0,2,-0.502123,0.000000,-0.502123,-88.472343,-1.600604,-94.365440,229.221893_-143.209595i,229.221893_-143.209595i,0,1,0,0.00
1386958212,1,0,0,2,-0.499256,0.000000,-0.499256,-88.472343,-1.600604,-94.365440,229.221893_-143.209595i,229.221893_-143.209595i,0,1,0,0.00
1386958212,1,0,0,2,-0.500135,0.000000,-0.500135,-88.472343,-1.600604,-94.365440,229.221893_-143.209595i,229.221893_-143.209595i,0,1,0,0.00
1386958212,1,0,0,2,-0.501394,0.000000,-0.501394,-88.472343,-1.600604,-94.365440,229.221893_-143.209595i,229.221893_-143.209595i,0,1,0,0.00
1386958213,1,0,0,2,-0.498303,0.000000,-0.498303,-88.472343,-1.600604,-94.365440,229.221893_-143.209595i,229.221893_-143.209595i,0,1,0,0.00
1386958213,1,0,0,2,-0.499225,0.000000,-0.499225,-88.467690,-1.600604,-94.365440,229.221893_-143.209595i,229.221893_-143.209595i,0,1,0,0.00
1386958213,1,0,0,2,-0.500556,0.000000,-0.500556,-88.467690,-1.600604,-94.365440,229.221893_-143.209595i,229.221893_-143.209595i,0,1,0,0.00
1386958213,1,0,0,2,-0.497203,0.000000,-0.497203,-88.467690,-1.600604,-94.365440,229.221893_-143.209595i,229.221893_-143.209595i,0,1,0,0.00
1386958214,1,0,0,2,-0.498170,0.000000,-0.498170,-88.467690,-1.600604,-94.365440,229.221893_-143.209595i,229.221893_-143.209595i,0,1,0,0.00
1386958214,1,0,0,2,-0.499581,0.000000,-0.499581,-88.467690,-1.600604,-94.365440,229.221893_-143.209595i,229.221893_-143.209595i,0,1,0,0.00
1386958214,1,0,0,2,-0.495917,0.000000,-0.495917,-88.467690,-1.600604,-94.365440,229.221893_-143.209595i,229.221893_-143.209595i,0,1,0,0.00
1386958214,1,0,0,2,-0.496933,0.000000,-0.496933,-88.467690,-1.600604,-94.365440,229.221893_-143.209595i,229.221893_-143.209595i,0,1,0,0.00
1386958215,1,0,0,2,-0.492965,0.000000,-0.492965,-88.467690,-1.600604,-94.365440,229.221893_-143.209595i,229.221893_-143.209595i,0,1,0,0.00
1386958215,1,0,0,2,-0.494397,0.000000,-0.494397,-88.463036,-1.600604,-94.365440,229.221893_-143.209595i,229.221893_-143.209595i,0,1,0,0.00
1386958215,1,0,0,2,-0.495917,0.000000,-0.495917,-88.463036,-1.600604,-94.365440,229.221893_-143.209595i,229.221893_-143.209595i,0,1,0,0.00
1386958215,1,0,0,2,-0.491523,0.000000,-0.491523,-88.463036,-1.600604,-94.365440,229.221893_-143.209595i,229.221893_-143.209595i,0,1,0,0.00
1386958216,1,0,0,2,-0.492571,0.000000,-0.492571,-88.463036,-1.600604,-94.365440,229.221893_-143.209595i,229.221893_-143.209595i,0,1,0,0.00
1386958216,1,0,0,2,-0.494187,0.000000,-0.494187,-88.463036,-1.600604,-94.365440,229.221893_-143.209595i,229.221893_-143.209595i,0,1,0,0.00
1386958216,1,0,0,2,-0.489251,0.000000,-0.489251,-88.463036,-1.600604,-94.365440,229.221893_-143.209595i,229.221893_-143.209595i,0,1,0,0.00
1386958216,1,0,0,2,-0.490335,0.000000,-0.490335,-88.458389,-1.600604,-94.365440,229.221893_-143.209595i,229.221893_-143.209595i,0,1,0,0.00
1386958217,1,0,0,2,-0.492055,0.000000,-0.492055,-88.458389,-1.600604,-94.365440,229.221893_-143.209595i,229.221893_-143.209595i,0,1,0,0.00
1386958217,1,0,0,2,-0.486427,0.000000,-0.486427,-88.458389,-1.600604,-94.365440,229.221893_-143.209595i,229.221893_-143.209595i,0,1,0,0.00
1386958217,1,0,0,2,-0.487535,0.000000,-0.487535,-88.458389,-1.600604,-94.365440,229.221893_-143.209595i,229.221893_-143.209595i,0,1,0,0.00
1386958217,1,0,0,2,-0.481191,0.000000,-0.481191,-88.458389,-1.600604,-94.365440,229.221893_-143.209595i,229.221893_-143.209595i,0,1,0,0.00
1386958218,1,0,0,2,-0.482823,0.000000,-0.482823,-88.453735,-1.600604,-94.365440,229.221893_-143.209595i,229.221893_-143.209595i,0,1,0,0.00
1386958218,1,0,0,2,-0.484609,0.000000,-0.484609,-88.453735,-1.600604,-94.365440,229.221893_-143.209595i,229.221893_-143.209595i,0,1,0,0.00
1386958218,1,0,0,2,-0.477130,0.000000,-0.477130,-88.453735,-1.600604,-94.365440,229.221893_-143.209595i,229.221893_-143.209595i,0,1,0,0.00
1386958218,1,0,0,2,-0.478814,0.000000,-0.478814,-88.449081,-1.600604,-94.365440,229.221893_-143.209595i,229.221893_-143.209595i,0,1,0,0.00
1386958219,1,0,0,2,-0.480683,0.000000,-0.480683,-88.449081,-1.600604,-94.365440,229.221893_-143.209595i,229.221893_-143.209595i,0,1,0,0.00
1386958219,1,0,0,2,-0.471593,0.000000,-0.471593,-88.449081,-1.600604,-94.365440,229.221893_-143.209595i,229.221893_-143.209595i,0,1,0,0.00
1386958219,1,0,0,2,-0.473257,0.000000,-0.473257,-88.444427,-1.600604,-94.365440,229.221893_-143.209595i,229.221893_-143.209595i,0,1,0,0.00
1386958219,1,0,0,2,-0.475142,0.000000,-0.475142,-88.444427,-1.600604,-94.365440,229.221893_-143.209595i,229.221893_-143.209595i,0,1,0,0.00
1386958220,1,0,0,2,-0.477295,0.000000,-0.477295,-88.444427,-1.600604,-94.365440,229.221893_-143.209595i,229.221893_-143.209595i,0,1,0,0.00
1386958220,1,0,0,2,-0.479779,0.000000,-0.479779,-88.444427,-1.600604,-94.365440,229.221893_-143.209595i,229.221893_-143.209595i,0,1,0,0.00
1386958220,1,0,0,2,-0.482673,0.000000,-0.482673,-88.444427,-1.600604,-94.365440,229.221893_-143.209595i,229.221893_-143.209595i,0,1,0,0.00
1386958220,1,0,0,2,-0.468724,0.000000,-0.468724,-88.444427,-1.600604,-94.365440,229.221893_-143.209595i,229.221893_-143.209595i,0,1,0,0.00
1386958221,1,0,0,2,-0.471119,0.000000,-0.471119,-88.439774,-1.600604,-94.365440,229.221893_-143.209595i,229.221893_-143.209595i,0,1,0,0.00
1386958221,1,0,0,2,-0.474049,0.000000,-0.474049,-88.439774,-1.600604,-94.365440,229.221893_-143.209595i,229.221893_-143.209595i,0,1,0,0.00
1386958221,1,0,0,2,-0.477715,0.000000,-0.477715,-88.439774,-1.600604,-94.365440,229.221893_-143.209595i,229.221893_-143.209595i,0,1,0,0.00
1386958221,1,0,0,2,-0.484518,0.000000,-0.484518,-88.439774,-1.600604,-94.365440,229.221893_-143.209595i,229.221893_-143.209595i,0,1,0,0.00
1386958222,1,0,0,2,-0.491199,0.000000,-0.491199,-88.444427,-1.600604,-94.365440,229.221893_-143.209595i,229.221893_-143.209595i,0,1,0,0.00
1386958222,1,0,0,2,-0.461511,0.000000,-0.461511,-88.449081,-1.600604,-94.365440,229.221893_-143.209595i,229.221893_-143.209595i,0,1,0,0.00
1386958222,1,0,0,2,-0.465853,0.000000,-0.465853,-88.444427,-1.600604,-94.365440,229.221893_-143.209595i,229.221893_-143.209595i,0,1,0,0.00
1386958222,1,0,0,2,-0.473255,0.000000,-0.473255,-88.439774,-1.600604,-94.365440,229.221893_-143.209595i,229.221893_-143.209595i,0,1,0,0.00
1386958223,1,0,0,2,-0.488737,0.000000,-0.488737,-88.439774,-1.600604,-94.365440,229.221893_-143.209595i,229.221893_-143.209595i,0,1,0,0.00
1386958223,1,0,0,2,0.125098,0.000000,0.125098,-88.444427,7.688568,387.666321,237.105026_30.838646i,237.105026_30.838646i,0,1,0,0.00
1386958223,1,0,0,2,0.129601,0.000000,0.129601,-88.281525,7.688568,387.666321,237.105026_30.838646i,237.105026_30.838646i,0,1,0,0.00
1386958223,1,0,0,2,0.134207,0.000000,0.134207,-88.160522,7.688568,387.666321,237.105026_30.838646i,237.105026_30.838646i,0,1,0,0.00
1386958224,1,0,0,2,0.135356,0.000000,0.135356,-88.072090,7.688568,387.666321,237.105026_30.838646i,237.105026_30.838646i,0,1,0,0.00
1386958224,1,0,0,2,0.136525,0.000000,0.136525,-88.006927,7.688568,387.666321,237.105026_30.838646i,237.105026_30.838646i,0,1,0,0.00
1386958224,1,0,0,2,0.137714,0.000000,0.137714,-87.960388,7.688568,387.666321,237.105026_30.838646i,237.105026_30.838646i,0,1,0,0.00
1386958224,1,0,0,2,0.138887,0.000000,0.138887,-87.923157,7.688568,387.666321,237.105026_30.838646i,237.105026_30.838646i,0,1,0,0.00
1386958225,1,0,0,2,0.138274,0.000000,0.138274,-87.895226,7.688568,387.666321,237.105026_30.838646i,237.105026_30.838646i,0,1,0,0.00
1386958225,1,0,0,2,0.137649,0.000000,0.137649,-87.876610,7.688568,387.666321,237.105026_30.838646i,237.105026_30.838646i,0,1,0,0.00
1386958225,1,0,0,2,0.138853,0.000000,0.138853,-87.862648,7.688568,387.666321,237.105026_30.838646i,237.105026_30.838646i,0,1,0,0.00
1386958226,1,0,0,2,0.140078,0.000000,0.140078,-87.853340,7.688568,387.666321,237.105026_30.838646i,237.105026_30.838646i,0,1,0,0.00
1386958226,1,0,0,2,0.141365,0.000000,0.141365,-87.844032,7.688568,387.666321,237.105026_30.838646i,237.105026_30.838646i,0,1,0,0.00
1386958226,1,0,0,2,0.142635,0.000000,0.142635,-87.839378,7.688568,387.666321,237.105026_30.838646i,237.105026_30.838646i,0,1,0,0.00
1386958226,1,0,0,2,0.143928,0.000000,0.143928,-87.834732,7.688568,387.666321,237.105026_30.838646i,237.105026_30.838646i,0,1,0,0.00
1386958227,1,0,0,2,0.145285,0.000000,0.145285,-87.830078,7.688568,387.666321,237.105026_30.838646i,237.105026_30.838646i,0,1,0,0.00
1386958227,1,0,0,2,0.146669,0.000000,0.146669,-87.825424,7.688568,387.666321,237.105026_30.838646i,237.105026_30.838646i,0,1,0,0.00
1386958227,1,0,0,2,0.148036,0.000000,0.148036,-87.825424,7.688568,387.666321,237.105026_30.838646i,237.105026_30.838646i,0,1,0,0.00
1386958227,1,0,0,2,0.149428,0.000000,0.149428,-87.820770,7.688568,387.666321,237.105026_30.838646i,237.105026_30.838646i,0,1,0,0.00
1386958228,1,0,0,2,0.150892,0.000000,0.150892,-87.820770,7.688568,387.666321,237.105026_30.838646i,237.105026_30.838646i,0,1,0,0.00
1386958228,1,0,0,2,0.152338,0.000000,0.152338,-87.820770,7.688568,387.666321,237.105026_30.838646i,237.105026_30.838646i,0,1,0,0.00
1386958228,1,0,0,2,0.153812,0.000000,0.153812,-87.820770,7.688568,387.666321,237.105026_30.838646i,237.105026_30.838646i,0,1,0,0.00
1386958228,1,0,0,2,0.155363,0.000000,0.155363,-87.816116,7.688568,387.666321,237.105026_30.838646i,237.105026_30.838646i,0,1,0,0.00
1386958229,1,0,0,2,0.156944,0.000000,0.156944,-87.816116,7.688568,387.666321,237.105026_30.838646i,237.105026_30.838646i,0,1,0,0.00
1386958229,1,0,0,2,0.158509,0.000000,0.158509,-87.816116,7.688568,387.666321,237.105026_30.838646i,237.105026_30.838646i,0,1,0,0.00
1386958229,1,0,0,2,0.160104,0.000000,0.160104,-87.811462,7.688568,387.666321,237.105026_30.838646i,237.105026_30.838646i,0,1,0,0.00
1386958229,1,0,0,2,0.161784,0.000000,0.161784,-87.811462,7.688568,387.666321,237.105026_30.838646i,237.105026_30.838646i,0,1,0,0.00
1386958230,1,0,0,2,0.163446,0.000000,0.163446,-87.811462,7.688568,387.666321,237.105026_30.838646i,237.105026_30.838646i,0,1,0,0.00
1386958230,1,0,0,2,0.165142,0.000000,0.165142,-87.806808,7.688568,387.666321,237.105026_30.838646i,237.105026_30.838646i,0,1,0,0.00
1386958230,1,0,0,2,0.166928,0.000000,0.166928,-87.806808,7.688568,387.666321,237.105026_30.838646i,237.105026_30.838646i,0,1,0,0.00
1386958230,1,0,0,2,0.168753,0.000000,0.168753,-87.802155,7.688568,387.666321,237.105026_30.838646i,237.105026_30.838646i,0,1,0,0.00
1386958231,1,0,0,2,0.170561,0.000000,0.170561,-87.802155,7.688568,387.666321,237.105026_30.838646i,237.105026_30.838646i,0,1,0,0.00
1386958231,1,0,0,2,0.172407,0.000000,0.172407,-87.802155,7.688568,387.666321,237.105026_30.838646i,237.105026_30.838646i,0,1,0,0.00
1386958231,1,0,0,2,0.174353,0.000000,0.174353,-87.797501,7.688568,387.666321,237.105026_30.838646i,237.105026_30.838646i,0,1,0,0.00
1386958231,1,0,0,2,0.176282,0.000000,0.176282,-87.797501,7.688568,387.666321,237.105026_30.838646i,237.105026_30.838646i,0,1,0,0.00
1386958232,1,0,0,2,0.178254,0.000000,0.178254,-87.792854,7.688568,387.666321,237.105026_30.838646i,237.105026_30.838646i,0,1,0,0.00
1386958232,1,0,0,2,0.180270,0.000000,0.180270,-87.792854,7.688568,387.666321,237.105026_30.838646i,237.105026_30.838646i,0,1,0,0.00
1386958232,1,0,0,2,0.182331,0.000000,0.182331,-87.792854,7.688568,387.666321,237.105026_30.838646i,237.105026_30.838646i,0,1,0,0.00
1386958232,1,0,0,2,0.184440,0.000000,0.184440,-87.788200,7.688568,387.666321,237.105026_30.838646i,237.105026_30.838646i,0,1,0,0.00
1386958233,1,0,0,2,0.186597,0.000000,0.186597,-87.788200,7.688568,387.666321,237.105026_30.838646i,237.105026_30.838646i,0,1,0,0.00
1386958233,1,0,0,2,0.188875,0.000000,0.188875,-87.783546,7.688568,387.666321,237.105026_30.838646i,237.105026_30.838646i,0,1,0,0.00
1386958233,1,0,0,2,0.191137,0.000000,0.191137,-87.783546,7.688568,387.666321,237.105026_30.838646i,237.105026_30.838646i,0,1,0,0.00
1386958233,1,0,0,2,0.193453,0.000000,0.193453,-87.778893,7.688568,387.666321,237.105026_30.838646i,237.105026_30.838646i,0,1,0,0.00
1386958234,1,0,0,2,0.195825,0.000000,0.195825,-87.778893,7.688568,387.666321,237.105026_30.838646i,237.105026_30.838646i,0,1,0,0.00
1386958234,1,0,0,2,0.198255,0.000000,0.198255,-87.774239,7.688568,387.666321,237.105026_30.838646i,237.105026_30.838646i,0,1,0,0.00
1386958234,1,0,0,2,0.200745,0.000000,0.200745,-87.774239,7.688568,387.666321,237.105026_30.838646i,237.105026_30.838646i,0,1,0,0.00
1386958234,1,0,0,2,0.203298,0.000000,0.203298,-87.769585,7.688568,387.666321,237.105026_30.838646i,237.105026_30.838646i,0,1,0,0.00
1386958235,1,0,0,2,0.205999,0.000000,0.205999,-87.769585,7.688568,387.666321,237.105026_30.838646i,237.105026_30.838646i,0,1,0,0.00
1386958235,1,0,0,2,0.208686,0.000000,0.208686,-87.764931,7.688568,387.666321,237.105026_30.838646i,237.105026_30.838646i,0,1,0,0.00
1386958235,1,0,0,2,0.211443,0.000000,0.211443,-87.760277,7.688568,387.666321,237.105026_30.838646i,237.105026_30.838646i,0,1,0,0.00
1386958235,1,0,0,2,0.214273,0.000000,0.214273,-87.760277,7.688568,387.666321,237.105026_30.838646i,237.105026_30.838646i,0,1,0,0.00
1386958236,1,0,0,2,0.217178,0.000000,0.217178,-87.755623,7.688568,387.666321,237.105026_30.838646i,237.105026_30.838646i,0,1,0,0.00
1386958236,1,0,0,2,0.220162,0.000000,0.220162,-87.755623,7.688568,387.666321,237.105026_30.838646i,237.105026_30.838646i,0,1,0,0.00
1386958236,1,0,0,2,0.223228,0.000000,0.223228,-87.750977,7.688568,387.666321,237.105026_30.838646i,237.105026_30.838646i,0,1,0,0.00
1386958236,1,0,0,2,0.226378,0.000000,0.226378,-87.746323,7.688568,387.666321,237.105026_30.838646i,237.105026_30.838646i,0,1,0,0.00
1386958237,1,0,0,2,0.229618,0.000000,0.229618,-87.746323,7.688568,387.666321,237.105026_30.838646i,237.105026_30.838646i,0,1,0,0.00
1386958237,1,0,0,2,0.232950,0.000000,0.232950,-87.741669,7.688568,387.666321,237.105026_30.838646i,237.105026_30.838646i,0,1,0,0.00
1386958237,1,0,0,2,0.236269,0.000000,0.236269,-87.737015,7.688568,387.666321,237.105026_30.838646i,237.105026_30.838646i,0,1,0,0.00
1386958237,1,0,0,2,0.239794,0.000000,0.239794,-87.737015,7.688568,387.666321,237.105026_30.838646i,237.105026_30.838646i,0,1,0,0.00
1386958238,1,0,0,2,0.240217,0.000000,0.240217,-87.732361,7.688568,387.666321,237.105026_30.838646i,237.105026_30.838646i,0,1,0,0.00
1386958238,1,0,0,2,0.240538,0.000000,0.240538,-87.732361,7.688568,387.666321,237.105026_30.838646i,237.105026_30.838646i,0,1,0,0.00
1386958238,1,0,0,2,0.240987,0.000000,0.240987,-87.732361,7.688568,387.666321,237.105026_30.838646i,237.105026_30.838646i,0,1,0,0.00
1386958238,1,0,0,2,0.241450,0.000000,0.241450,-87.727707,7.688568,387.666321,237.105026_30.838646i,237.105026_30.838646i,0,1,0,0.00
1386958239,1,0,0,2,0.241928,0.000000,0.241928,-87.727707,7.688568,387.666321,237.105026_30.838646i,237.105026_30.838646i,0,1,0,0.00
1386958239,1,0,0,2,0.242423,0.000000,0.242423,-87.727707,7.688568,387.666321,237.105026_30.838646i,237.105026_30.838646i,0,1,0,0.00
1386958239,1,0,0,2,0.239394,0.000000,0.239394,-87.727707,7.688568,387.666321,237.105026_30.838646i,237.105026_30.838646i,0,1,0,0.00
1386958239,1,0,0,2,0.239862,0.000000,0.239862,-87.727707,7.688568,387.666321,237.105026_30.838646i,237.105026_30.838646i,0,1,0,0.00
1386958240,1,0,0,2,0.240217,0.000000,0.240217,-87.727707,7.688568,387.666321,237.105026_30.838646i,237.105026_30.838646i,0,1,0,0.00
1386958240,1,0,0,2,0.240717,0.000000,0.240717,-87.727707,7.688568,387.666321,237.105026_30.838646i,237.105026_30.838646i,0,1,0,0.00
1386958240,1,0,0,2,0.241236,0.000000,0.241236,-87.727707,7.688568,387.666321,237.105026_30.838646i,237.105026_30.838646i,0,1,0,0.00
1386958240,1,0,0,2,0.237896,0.000000,0.237896,-87.727707,7.688568,387.666321,237.105026_30.838646i,237.105026_30.838646i,0,1,0,0.00
1386958241,1,0,0,2,0.238380,0.000000,0.238380,-87.727707,7.688568,387.666321,237.105026_30.838646i,237.105026_30.838646i,0,1,0,0.00
1386958241,1,0,0,2,0.238884,0.000000,0.238884,-87.727707,7.688568,387.666321,237.105026_30.838646i,237.105026_30.838646i,0,1,0,0.00
1386958241,1,0,0,2,0.239408,0.000000,0.239408,-87.727707,7.688568,387.666321,237.105026_30.838646i,237.105026_30.838646i,0,1,0,0.00
1386958241,1,0,0,2,0.239804,0.000000,0.239804,-87.727707,7.688568,387.666321,237.105026_30.838646i,237.105026_30.838646i,0,1,0,0.00
1386958242,1,0,0,2,0.240369,0.000000,0.240369,-87.727707,7.688568,387.666321,237.105026_30.838646i,237.105026_30.838646i,0,1,0,0.00
1386958242,1,0,0,2,0.236581,0.000000,0.236581,-87.727707,7.688568,387.666321,237.105026_30.838646i,237.105026_30.838646i,0,1,0,0.00
1386958242,1,0,0,2,0.236944,0.000000,0.236944,-87.727707,7.688568,387.666321,237.105026_30.838646i,237.105026_30.838646i,0,1,0,0.00
1386958242,1,0,0,2,0.237483,0.000000,0.237483,-87.727707,7.688568,387.666321,237.105026_30.838646i,237.105026_30.838646i,0,1,0,0.00
1386958243,1,0,0,2,0.238046,0.000000,0.238046,-87.727707,7.688568,387.666321,237.105026_30.838646i,237.105026_30.838646i,0,1,0,0.00
1386958243,1,0,0,2,0.238636,0.000000,0.238636,-87.727707,7.688568,387.666321,237.105026_30.838646i,237.105026_30.838646i,0,1,0,0.00
1386958243,1,0,0,2,0.234180,0.000000,0.234180,-87.727707,7.688568,387.666321,237.105026_30.838646i,237.105026_30.838646i,0,1,0,0.00
1386958243,1,0,0,2,0.234704,0.000000,0.234704,-87.727707,7.688568,387.666321,237.105026_30.838646i,237.105026_30.838646i,0,1,0,0.00
1386958244,1,0,0,2,0.235254,0.000000,0.235254,-87.727707,7.688568,387.666321,237.105026_30.838646i,237.105026_30.838646i,0,1,0,0.00
1386958244,1,0,0,2,0.235650,0.000000,0.235650,-87.727707,7.688568,387.666321,237.105026_30.838646i,237.105026_30.838646i,0,1,0,0.00
1386958244,1,0,0,2,0.236254,0.000000,0.236254,-87.727707,7.688568,387.666321,237.105026_30.838646i,237.105026_30.838646i,0,1,0,0.00
1386958244,1,0,0,2,0.236890,0.000000,0.236890,-87.727707,7.688568,387.666321,237.105026_30.838646i,237.105026_30.838646i,0,1,0,0.00
1386958245,1,0,0,2,0.231837,0.000000,0.231837,-87.727707,7.688568,387.666321,237.105026_30.838646i,237.105026_30.838646i,0,1,0,0.00
1386958245,1,0,0,2,0.232384,0.000000,0.232384,-87.727707,7.688568,387.666321,237.105026_30.838646i,237.105026_30.838646i,0,1,0,0.00
1386958245,1,0,0,2,0.232964,0.000000,0.232964,-87.727707,7.688568,387.666321,237.105026_30.838646i,237.105026_30.838646i,0,1,0,0.00
1386958245,1,0,0,2,0.233579,0.000000,0.233579,-87.727707,7.688568,387.666321,237.105026_30.838646i,237.105026_30.838646i,0,1,0,0.00
1386958246,1,0,0,2,0.234010,0.000000,0.234010,-87.727707,7.688568,387.666321,237.105026_30.838646i,237.105026_30.838646i,0,1,0,0.00
1386958246,1,0,0,2,0.228036,0.000000,0.228036,-87.727707,7.688568,387.666321,237.105026_30.838646i,237.105026_30.838646i,0,1,0,0.00
1386958246,1,0,0,2,0.228548,0.000000,0.228548,-87.732361,7.688568,387.666321,237.105026_30.838646i,237.105026_30.838646i,0,1,0,0.00
1386958246,1,0,0,2,0.229096,0.000000,0.229096,-87.732361,7.688568,387.666321,237.105026_30.838646i,237.105026_30.838646i,0,1,0,0.00
1386958247,1,0,0,2,0.229683,0.000000,0.229683,-87.732361,7.688568,387.666321,237.105026_30.838646i,237.105026_30.838646i,0,1,0,0.00
1386958247,1,0,0,2,0.230314,0.000000,0.230314,-87.732361,7.688568,387.666321,237.105026_30.838646i,237.105026_30.838646i,0,1,0,0.00
1386958247,1,0,0,2,0.230993,0.000000,0.230993,-87.732361,7.688568,387.666321,237.105026_30.838646i,237.105026_30.838646i,0,1,0,0.00
1386958247,1,0,0,2,0.223160,0.000000,0.223160,-87.732361,7.688568,387.666321,237.105026_30.838646i,237.105026_30.838646i,0,1,0,0.00
1386958248,1,0,0,2,0.223597,0.000000,0.223597,-87.737015,7.688568,387.666321,237.105026_30.838646i,237.105026_30.838646i,0,1,0,0.00
1386958248,1,0,0,2,0.224072,0.000000,0.224072,-87.737015,7.688568,387.666321,237.105026_30.838646i,237.105026_30.838646i,0,1,0,0.00
1386958248,1,0,0,2,0.224591,0.000000,0.224591,-87.737015,7.688568,387.666321,237.105026_30.838646i,237.105026_30.838646i,0,1,0,0.00
1386958248,1,0,0,2,0.225160,0.000000,0.225160,-87.737015,7.688568,387.666321,237.105026_30.838646i,237.105026_30.838646i,0,1,0,0.00
1386958249,1,0,0,2,0.215371,0.000000,0.215371,-87.737015,7.688568,387.666321,237.105026_30.838646i,237.105026_30.838646i,0,1,0,0.00
1386958249,1,0,0,2,0.215510,0.000000,0.215510,-87.741669,7.688568,387.666321,237.105026_30.838646i,237.105026_30.838646i,0,1,0,0.00
1386958249,1,0,0,2,0.215298,0.000000,0.215298,-87.741669,7.688568,387.666321,237.105026_30.838646i,237.105026_30.838646i,0,1,0,0.00
1386958249,1,0,0,2,0.215449,0.000000,0.215449,-87.741669,7.688568,387.666321,237.105026_30.838646i,237.105026_30.838646i,0,1,0,0.00
1386958250,1,0,0,2,0.215619,0.000000,0.215619,-87.741669,7.688568,387.666321,237.105026_30.838646i,237.105026_30.838646i,0,1,0,0.00
1386958250,1,0,0,2,0.215813,0.000000,0.215813,-87.741669,7.688568,387.666321,237.105026_30.838646i,237.105026_30.838646i,0,1,0,0.00
1386958250,1,0,0,2,0.230939,0.000000,0.230939,-87.741669,7.688568,387.666321,237.105026_30.838646i,237.105026_30.838646i,0,1,0,0.00
1386958250,1,0,0,2,0.248299,0.000000,0.248299,-87.741669,7.688568,387.666321,237.105026_30.838646i,237.105026_30.838646i,0,1,0,0.00
1386958251,1,0,0,8,0.610865,0.000000,0.610865,-87.737015,7.688568,387.666321,237.105026_30.838646i,237.105026_30.838646i,0,1,0,0.00
1386958251,0,0,0,6,0.610865,0.000000,0.610865,-87.634621,7.688568,387.666321,237.105026_30.838646i,237.105026_30.838646i,0,1,0,0.00
1386958251,0,0,0,6,0.610865,0.000000,0.610865,-87.560158,7.688568,387.666321,237.105026_30.838646i,237.105026_30.838646i,0,1,0,0.00
1386958251,1,0,0,2,0.259005,0.000000,0.259005,-87.504303,7.688568,387.666321,237.105026_30.838646i,237.105026_30.838646i,0,1,0,0.00
1386958252,1,0,0,2,0.238411,0.000000,0.238411,-87.560158,7.688568,387.666321,237.105026_30.838646i,237.105026_30.838646i,0,1,0,0.00
1386958252,1,0,0,2,0.211843,0.000000,0.211843,-87.606697,7.688568,387.666321,237.105026_30.838646i,237.105026_30.838646i,0,1,0,0.00
1386958252,1,0,0,2,0.210631,0.000000,0.210631,-87.643929,7.688568,387.666321,237.105026_30.838646i,237.105026_30.838646i,0,1,0,0.00
1386958252,1,0,0,2,0.208958,0.000000,0.208958,-87.671852,7.688568,387.666321,237.105026_30.838646i,237.105026_30.838646i,0,1,0,0.00
1386958253,1,0,0,2,0.208029,0.000000,0.208029,-87.695129,7.688568,387.666321,237.105026_30.838646i,237.105026_30.838646i,0,1,0,0.00
1386958253,1,0,0,2,0.206497,0.000000,0.206497,-87.713745,7.688568,387.666321,237.105026_30.838646i,237.105026_30.838646i,0,1,0,0.00
1386958253,1,0,0,2,0.101313,0.000000,0.101313,-87.727707,7.688568,387.666321,237.105026_30.838646i,237.105026_30.838646i,0,1,0,0.00
1386958253,1,0,0,2,-0.505616,0.000000,-0.505616,-87.764938,-1.791120,-102.568413,259.532227_-144.899384i,259.532227_-144.899384i,0,1,0,0.00
1386958254,1,0,0,2,-0.508900,0.000000,-0.508900,-87.927841,-1.791120,-102.568413,259.532227_-144.899384i,259.532227_-144.899384i,0,1,0,0.00
1386958254,1,0,0,2,-0.510876,0.000000,-0.510876,-88.072121,-1.791120,-102.568413,259.532227_-144.899384i,259.532227_-144.899384i,0,1,0,0.00
1386958254,1,0,0,2,-0.512878,0.000000,-0.512878,-88.179169,-1.791120,-102.568413,259.532227_-144.899384i,259.532227_-144.899384i,0,1,0,0.00
1386958254,1,0,0,2,-0.513644,0.000000,-0.513644,-88.258286,-1.791120,-102.568413,259.532227_-144.899384i,259.532227_-144.899384i,0,1,0,0.00
1386958255,1,0,0,2,-0.515588,0.000000,-0.515588,-88.318794,-1.791120,-102.568413,259.532227_-144.899384i,259.532227_-144.899384i,0,1,0,0.00
1386958255,1,0,0,2,-0.516175,0.000000,-0.516175,-88.360680,-1.791120,-102.568413,259.532227_-144.899384i,259.532227_-144.899384i,0,1,0,0.00
1386958255,1,0,0,2,-0.516770,0.000000,-0.516770,-88.393257,-1.791120,-102.568413,259.532227_-144.899384i,259.532227_-144.899384i,0,1,0,0.00
1386958255,1,0,0,2,-0.517267,0.000000,-0.517267,-88.416534,-1.791120,-102.568413,259.532227_-144.899384i,259.532227_-144.899384i,0,1,0,0.00
1386958256,1,0,0,2,-0.517771,0.000000,-0.517771,-88.435158,-1.791120,-102.568413,259.532227_-144.899384i,259.532227_-144.899384i,0,1,0,0.00
1386958256,1,0,0,2,-0.518283,0.000000,-0.518283,-88.449112,-1.791120,-102.568413,259.532227_-144.899384i,259.532227_-144.899384i,0,1,0,0.00
1386958256,1,0,0,2,-0.517479,0.000000,-0.517479,-88.458420,-1.791120,-102.568413,259.532227_-144.899384i,259.532227_-144.899384i,0,1,0,0.00
1386958257,1,0,0,2,-0.517886,0.000000,-0.517886,-88.463074,-1.791120,-102.568413,259.532227_-144.899384i,259.532227_-144.899384i,0,1,0,0.00
1386958257,1,0,0,2,-0.517067,0.000000,-0.517067,-88.467728,-1.791120,-102.568413,259.532227_-144.899384i,259.532227_-144.899384i,0,1,0,0.00
1386958257,1,0,0,2,-0.517478,0.000000,-0.517478,-88.472382,-1.791120,-102.568413,259.532227_-144.899384i,259.532227_-144.899384i,0,1,0,0.00
1386958257,1,0,0,2,-0.518006,0.000000,-0.518006,-88.477036,-1.791120,-102.568413,259.532227_-144.899384i,259.532227_-144.899384i,0,1,0,0.00
1386958258,1,0,0,2,-0.517170,0.000000,-0.517170,-88.477036,-1.791120,-102.568413,259.532227_-144.899384i,259.532227_-144.899384i,0,1,0,0.00
1386958258,1,0,0,2,-0.517590,0.000000,-0.517590,-88.477036,-1.791120,-102.568413,259.532227_-144.899384i,259.532227_-144.899384i,0,1,0,0.00
1386958258,1,0,0,2,-0.518131,0.000000,-0.518131,-88.477036,-1.791120,-102.568413,259.532227_-144.899384i,259.532227_-144.899384i,0,1,0,0.00
1386958258,1,0,0,2,-0.517161,0.000000,-0.517161,-88.477036,-1.791120,-102.568413,259.532227_-144.899384i,259.532227_-144.899384i,0,1,0,0.00
1386958259,1,0,0,2,-0.517591,0.000000,-0.517591,-88.477036,-1.791120,-102.568413,259.532227_-144.899384i,259.532227_-144.899384i,0,1,0,0.00
1386958259,1,0,0,2,-0.516719,0.000000,-0.516719,-88.477036,-1.791120,-102.568413,259.532227_-144.899384i,259.532227_-144.899384i,0,1,0,0.00
1386958259,1,0,0,2,-0.517152,0.000000,-0.517152,-88.477036,-1.791120,-102.568413,259.532227_-144.899384i,259.532227_-144.899384i,0,1,0,0.00
1386958259,1,0,0,2,-0.517712,0.000000,-0.517712,-88.477036,-1.791120,-102.568413,259.532227_-144.899384i,259.532227_-144.899384i,0,1,0,0.00
1386958260,1,0,0,2,-0.516820,0.000000,-0.516820,-88.477036,-1.791120,-102.568413,259.532227_-144.899384i,259.532227_-144.899384i,0,1,0,0.00
1386958260,1,0,0,2,-0.517264,0.000000,-0.517264,-88.477036,-1.791120,-102.568413,259.532227_-144.899384i,259.532227_-144.899384i,0,1,0,0.00
1386958260,1,0,0,2,-0.517838,0.000000,-0.517838,-88.477036,-1.791120,-102.568413,259.532227_-144.899384i,259.532227_-144.899384i,0,1,0,0.00
1386958260,1,0,0,2,-0.516925,0.000000,-0.516925,-88.477036,-1.791120,-102.568413,259.532227_-144.899384i,259.532227_-144.899384i,0,1,0,0.00
1386958261,1,0,0,2,-0.517382,0.000000,-0.517382,-88.477036,-1.791120,-102.568413,259.532227_-144.899384i,259.532227_-144.899384i,0,1,0,0.00
1386958261,1,0,0,2,-0.516449,0.000000,-0.516449,-88.477036,-1.791120,-102.568413,259.532227_-144.899384i,259.532227_-144.899384i,0,1,0,0.00
1386958261,1,0,0,2,-0.516910,0.000000,-0.516910,-88.477036,-1.791120,-102.568413,259.532227_-144.899384i,259.532227_-144.899384i,0,1,0,0.00
1386958261,1,0,0,2,-0.517378,0.000000,-0.517378,-88.477036,-1.791120,-102.568413,259.532227_-144.899384i,259.532227_-144.899384i,0,1,0,0.00
1386958262,1,0,0,2,-0.516421,0.000000,-0.516421,-88.477036,-1.791120,-102.568413,259.532227_-144.899384i,259.532227_-144.899384i,0,1,0,0.00
1386958262,1,0,0,2,-0.516894,0.000000,-0.516894,-88.477036,-1.791120,-102.568413,259.532227_-144.899384i,259.532227_-144.899384i,0,1,0,0.00
1386958262,1,0,0,2,-0.517504,0.000000,-0.517504,-88.477036,-1.791120,-102.568413,259.532227_-144.899384i,259.532227_-144.899384i,0,1,0,0.00
1386958262,1,0,0,2,-0.516524,0.000000,-0.516524,-88.477036,-1.791120,-102.568413,259.532227_-144.899384i,259.532227_-144.899384i,0,1,0,0.00
1386958263,1,0,0,2,-0.517009,0.000000,-0.517009,-88.477036,-1.791120,-102.568413,259.532227_-144.899384i,259.532227_-144.899384i,0,1,0,0.00
1386958263,1,0,0,2,-0.517637,0.000000,-0.517637,-88.477036,-1.791120,-102.568413,259.532227_-144.899384i,259.532227_-144.899384i,0,1,0,0.00
1386958263,1,0,0,2,-0.516632,0.000000,-0.516632,-88.477036,-1.791120,-102.568413,259.532227_-144.899384i,259.532227_-144.899384i,0,1,0,0.00
1386958263,1,0,0,2,-0.517132,0.000000,-0.517132,-88.477036,-1.791120,-102.568413,259.532227_-144.899384i,259.532227_-144.899384i,0,1,0,0.00
1386958264,1,0,0,2,-0.516103,0.000000,-0.516103,-88.477036,-1.791120,-102.568413,259.532227_-144.899384i,259.532227_-144.899384i,0,1,0,0.00
1386958264,1,0,0,2,-0.516607,0.000000,-0.516607,-88.477036,-1.791120,-102.568413,259.532227_-144.899384i,259.532227_-144.899384i,0,1,0,0.00
1386958264,1,0,0,2,-0.517120,0.000000,-0.517120,-88.477036,-1.791120,-102.568413,259.532227_-144.899384i,259.532227_-144.899384i,0,1,0,0.00
1386958264,1,0,0,2,-0.516062,0.000000,-0.516062,-88.477036,-1.791120,-102.568413,259.532227_-144.899384i,259.532227_-144.899384i,0,1,0,0.00
1386958265,1,0,0,2,-0.516580,0.000000,-0.516580,-88.477036,-1.791120,-102.568413,259.532227_-144.899384i,259.532227_-144.899384i,0,1,0,0.00
1386958265,1,0,0,2,-0.517252,0.000000,-0.517252,-88.477036,-1.791120,-102.568413,259.532227_-144.899384i,259.532227_-144.899384i,0,1,0,0.00
1386958265,1,0,0,2,-0.516165,0.000000,-0.516165,-88.477036,-1.791120,-102.568413,259.532227_-144.899384i,259.532227_-144.899384i,0,1,0,0.00
1386958265,1,0,0,2,-0.516699,0.000000,-0.516699,-88.477036,-1.791120,-102.568413,259.532227_-144.899384i,259.532227_-144.899384i,0,1,0,0.00
1386958266,1,0,0,2,-0.517393,0.000000,-0.517393,-88.477036,-1.791120,-102.568413,259.532227_-144.899384i,259.532227_-144.899384i,0,1,0,0.00
1386958266,1,0,0,2,-0.516274,0.000000,-0.516274,-88.477036,-1.791120,-102.568413,259.532227_-144.899384i,259.532227_-144.899384i,0,1,0,0.00
1386958266,1,0,0,2,-0.516826,0.000000,-0.516826,-88.477036,-1.791120,-102.568413,259.532227_-144.899384i,259.532227_-144.899384i,0,1,0,0.00
1386958266,1,0,0,2,-0.515678,0.000000,-0.515678,-88.477036,-1.791120,-102.568413,259.532227_-144.899384i,259.532227_-144.899384i,0,1,0,0.00
1386958267,1,0,0,2,-0.516235,0.000000,-0.516235,-88.477036,-1.791120,-102.568413,259.532227_-144.899384i,259.532227_-144.899384i,0,1,0,0.00
1386958267,1,0,0,2,-0.516804,0.000000,-0.516804,-88.477036,-1.791120,-102.568413,259.532227_-144.899384i,259.532227_-144.899384i,0,1,0,0.00
1386958267,1,0,0,2,-0.515620,0.000000,-0.515620,-88.477036,-1.791120,-102.568413,259.532227_-144.899384i,259.532227_-144.899384i,0,1,0,0.00
1386958267,1,0,0,2,-0.516194,0.000000,-0.516194,-88.477036,-1.791120,-102.568413,259.532227_-144.899384i,259.532227_-144.899384i,0,1,0,0.00
1386958268,1,0,0,2,-0.516941,0.000000,-0.516941,-88.477036,-1.791120,-102.568413,259.532227_-144.899384i,259.532227_-144.899384i,0,1,0,0.00
1386958268,1,0,0,2,-0.515721,0.000000,-0.515721,-88.477036,-1.791120,-102.568413,259.532227_-144.899384i,259.532227_-144.899384i,0,1,0,0.00
1386958268,1,0,0,2,-0.516315,0.000000,-0.516315,-88.477036,-1.791120,-102.568413,259.532227_-144.899384i,259.532227_-144.899384i,0,1,0,0.00
1386958268,1,0,0,2,-0.515059,0.000000,-0.515059,-88.477036,-1.791120,-102.568413,259.532227_-144.899384i,259.532227_-144.899384i,0,1,0,0.00
1386958269,1,0,0,2,-0.515828,0.000000,-0.515828,-88.477036,-1.791120,-102.568413,259.532227_-144.899384i,259.532227_-144.899384i,0,1,0,0.00
1386958269,1,0,0,2,-0.516444,0.000000,-0.516444,-88.477036,-1.791120,-102.568413,259.532227_-144.899384i,259.532227_-144.899384i,0,1,0,0.00
1386958269,1,0,0,2,-0.515146,0.000000,-0.515146,-88.477036,-1.791120,-102.568413,259.532227_-144.899384i,259.532227_-144.899384i,0,1,0,0.00
1386958269,1,0,0,2,-0.515769,0.000000,-0.515769,-88.477036,-1.791120,-102.568413,259.532227_-144.899384i,259.532227_-144.899384i,0,1,0,0.00
1386958270,1,0,0,2,-0.516405,0.000000,-0.516405,-88.477036,-1.791120,-102.568413,259.532227_-144.899384i,259.532227_-144.899384i,0,1,0,0.00
1386958270,1,0,0,2,-0.515062,0.000000,-0.515062,-88.477036,-1.791120,-102.568413,259.532227_-144.899384i,259.532227_-144.899384i,0,1,0,0.00
1386958270,1,0,0,2,-0.515706,0.000000,-0.515706,-88.477036,-1.791120,-102.568413,259.532227_-144.899384i,259.532227_-144.899384i,0,1,0,0.00
1386958270,1,0,0,2,-0.516547,0.000000,-0.516547,-88.477036,-1.791120,-102.568413,259.532227_-144.899384i,259.532227_-144.899384i,0,1,0,0.00
1386958271,1,0,0,2,-0.515155,0.000000,-0.515155,-88.477036,-1.791120,-102.568413,259.532227_-144.899384i,259.532227_-144.899384i,0,1,0,0.00
1386958271,1,0,0,2,-0.515825,0.000000,-0.515825,-88.477036,-1.791120,-102.568413,259.532227_-144.899384i,259.532227_-144.899384i,0,1,0,0.00
1386958271,1,0,0,2,-0.514387,0.000000,-0.514387,-88.477036,-1.791120,-102.568413,259.532227_-144.899384i,259.532227_-144.899384i,0,1,0,0.00
1386958271,1,0,0,2,-0.515256,0.000000,-0.515256,-88.477036,-1.791120,-102.568413,259.532227_-144.899384i,259.532227_-144.899384i,0,1,0,0.00
1386958272,1,0,0,2,-0.515953,0.000000,-0.515953,-88.477036,-1.791120,-102.568413,259.532227_-144.899384i,259.532227_-144.899384i,0,1,0,0.00
1386958272,1,0,0,2,-0.514461,0.000000,-0.514461,-88.477036,-1.791120,-102.568413,259.532227_-144.899384i,259.532227_-144.899384i,0,1,0,0.00
1386958272,1,0,0,2,-0.515166,0.000000,-0.515166,-88.477036,-1.791120,-102.568413,259.532227_-144.899384i,259.532227_-144.899384i,0,1,0,0.00
1386958272,1,0,0,2,-0.515889,0.000000,-0.515889,-88.477036,-1.791120,-102.568413,259.532227_-144.899384i,259.532227_-144.899384i,0,1,0,0.00
1386958273,1,0,0,2,-0.514335,0.000000,-0.514335,-88.477036,-1.791120,-102.568413,259.532227_-144.899384i,259.532227_-144.899384i,0,1,0,0.00
1386958273,1,0,0,2,-0.515068,0.000000,-0.515068,-88.477036,-1.791120,-102.568413,259.532227_-144.899384i,259.532227_-144.899384i,0,1,0,0.00
1386958273,1,0,0,2,-0.513457,0.000000,-0.513457,-88.477036,-1.791120,-102.568413,259.532227_-144.899384i,259.532227_-144.899384i,0,1,0,0.00
1386958273,1,0,0,2,-0.514413,0.000000,-0.514413,-88.477036,-1.791120,-102.568413,259.532227_-144.899384i,259.532227_-144.899384i,0,1,0,0.00
1386958274,1,0,0,2,-0.515178,0.000000,-0.515178,-88.477036,-1.791120,-102.568413,259.532227_-144.899384i,259.532227_-144.899384i,0,1,0,0.00
1386958274,1,0,0,2,-0.513498,0.000000,-0.513498,-88.477036,-1.791120,-102.568413,259.532227_-144.899384i,259.532227_-144.899384i,0,1,0,0.00
1386958274,1,0,0,2,-0.514274,0.000000,-0.514274,-88.477036,-1.791120,-102.568413,259.532227_-144.899384i,259.532227_-144.899384i,0,1,0,0.00
1386958274,1,0,0,2,-0.515072,0.000000,-0.515072,-88.477036,-1.791120,-102.568413,259.532227_-144.899384i,259.532227_-144.899384i,0,1,0,0.00
1386958275,1,0,0,2,-0.513313,0.000000,-0.513313,-88.477036,-1.791120,-102.568413,259.532227_-144.899384i,259.532227_-144.899384i,0,1,0,0.00
1386958275,1,0,0,2,-0.514122,0.000000,-0.514122,-88.477036,-1.791120,-102.568413,259.532227_-144.899384i,259.532227_-144.899384i,0,1,0,0.00
1386958275,1,0,0,2,-0.515193,0.000000,-0.515193,-88.477036,-1.791120,-102.568413,259.532227_-144.899384i,259.532227_-144.899384i,0,1,0,0.00
1386958275,1,0,0,2,-0.513351,0.000000,-0.513351,-88.477036,-1.791120,-102.568413,259.532227_-144.899384i,259.532227_-144.899384i,0,1,0,0.00
1386958276,1,0,0,2,-0.514201,0.000000,-0.514201,-88.477036,-1.791120,-102.568413,259.532227_-144.899384i,259.532227_-144.899384i,0,1,0,0.00
1386958276,1,0,0,2,-0.512279,0.000000,-0.512279,-88.477036,-1.791120,-102.568413,259.532227_-144.899384i,259.532227_-144.899384i,0,1,0,0.00
1386958276,1,0,0,2,-0.513393,0.000000,-0.513393,-88.477036,-1.791120,-102.568413,259.532227_-144.899384i,259.532227_-144.899384i,0,1,0,0.00
1386958276,1,0,0,2,-0.514287,0.000000,-0.514287,-88.477036,-1.791120,-102.568413,259.532227_-144.899384i,259.532227_-144.899384i,0,1,0,0.00
1386958277,1,0,0,2,-0.512266,0.000000,-0.512266,-88.477036,-1.791120,-102.568413,259.532227_-144.899384i,259.532227_-144.899384i,0,1,0,0.00
1386958277,1,0,0,2,-0.513173,0.000000,-0.513173,-88.477036,-1.791120,-102.568413,259.532227_-144.899384i,259.532227_-144.899384i,0,1,0,0.00
1386958277,1,0,0,2,-0.514111,0.000000,-0.514111,-88.477036,-1.791120,-102.568413,259.532227_-144.899384i,259.532227_-144.899384i,0,1,0,0.00
1386958277,1,0,0,2,-0.511976,0.000000,-0.511976,-88.477036,-1.791120,-102.568413,259.532227_-144.899384i,259.532227_-144.899384i,0,1,0,0.00
1386958278,1,0,0,2,-0.512929,0.000000,-0.512929,-88.477036,-1.791120,-102.568413,259.532227_-144.899384i,259.532227_-144.899384i,0,1,0,0.00
1386958278,1,0,0,2,-0.514203,0.000000,-0.514203,-88.477036,-1.791120,-102.568413,259.532227_-144.899384i,259.532227_-144.899384i,0,1,0,0.00
1386958278,1,0,0,2,-0.511944,0.000000,-0.511944,-88.477036,-1.791120,-102.568413,259.532227_-144.899384i,259.532227_-144.899384i,0,1,0,0.00
1386958278,1,0,0,2,-0.512953,0.000000,-0.512953,-88.477036,-1.791120,-102.568413,259.532227_-144.899384i,259.532227_-144.899384i,0,1,0,0.00
1386958279,1,0,0,2,-0.510573,0.000000,-0.510573,-88.477036,-1.791120,-102.568413,259.532227_-144.899384i,259.532227_-144.899384i,0,1,0,0.00
1386958279,1,0,0,2,-0.511907,0.000000,-0.511907,-88.477036,-1.791120,-102.568413,259.532227_-144.899384i,259.532227_-144.899384i,0,1,0,0.00
1386958279,1,0,0,2,-0.512980,0.000000,-0.512980,-88.477036,-1.791120,-102.568413,259.532227_-144.899384i,259.532227_-144.899384i,0,1,0,0.00
1386958279,1,0,0,2,-0.510445,0.000000,-0.510445,-88.477036,-1.791120,-102.568413,259.532227_-144.899384i,259.532227_-144.899384i,0,1,0,0.00
1386958280,1,0,0,2,-0.511536,0.000000,-0.511536,-88.477036,-1.791120,-102.568413,259.532227_-144.899384i,259.532227_-144.899384i,0,1,0,0.00
1386958280,1,0,0,2,-0.512672,0.000000,-0.512672,-88.477036,-1.791120,-102.568413,259.532227_-144.899384i,259.532227_-144.899384i,0,1,0,0.00
1386958280,1,0,0,2,-0.509955,0.000000,-0.509955,-88.477036,-1.791120,-102.568413,259.532227_-144.899384i,259.532227_-144.899384i,0,1,0,0.00
1386958280,1,0,0,2,-0.511111,0.000000,-0.511111,-88.477036,-1.791120,-102.568413,259.532227_-144.899384i,259.532227_-144.899384i,0,1,0,0.00
1386958281,1,0,0,2,-0.508219,0.000000,-0.508219,-88.477036,-1.791120,-102.568413,259.532227_-144.899384i,259.532227_-144.899384i,0,1,0,0.00
1386958281,1,0,0,2,-0.509763,0.000000,-0.509763,-88.477036,-1.791120,-102.568413,259.532227_-144.899384i,259.532227_-144.899384i,0,1,0,0.00
1386958281,1,0,0,2,-0.511003,0.000000,-0.511003,-88.477036,-1.791120,-102.568413,259.532227_-144.899384i,259.532227_-144.899384i,0,1,0,0.00
1386958281,1,0,0,2,-0.507879,0.000000,-0.507879,-88.477036,-1.791120,-102.568413,259.532227_-144.899384i,259.532227_-144.899384i,0,1,0,0.00
1386958282,1,0,0,2,-0.509539,0.000000,-0.509539,-88.477036,-1.791120,-102.568413,259.532227_-144.899384i,259.532227_-144.899384i,0,1,0,0.00
1386958282,1,0,0,2,-0.510876,0.000000,-0.510876,-88.477036,-1.791120,-102.568413,259.532227_-144.899384i,259.532227_-144.899384i,0,1,0,0.00
1386958282,1,0,0,2,-0.507481,0.000000,-0.507481,-88.477036,-1.791120,-102.568413,259.532227_-144.899384i,259.532227_-144.899384i,0,1,0,0.00
1386958282,1,0,0,2,-0.508841,0.000000,-0.508841,-88.477036,-1.791120,-102.568413,259.532227_-144.899384i,259.532227_-144.899384i,0,1,0,0.00
1386958283,1,0,0,2,-0.510278,0.000000,-0.510278,-88.477036,-1.791120,-102.568413,259.532227_-144.899384i,259.532227_-144.899384i,0,1,0,0.00
1386958283,1,0,0,2,-0.506548,0.000000,-0.506548,-88.477036,-1.791120,-102.568413,259.532227_-144.899384i,259.532227_-144.899384i,0,1,0,0.00
1386958283,1,0,0,2,-0.508009,0.000000,-0.508009,-88.477036,-1.791120,-102.568413,259.532227_-144.899384i,259.532227_-144.899384i,0,1,0,0.00
1386958283,1,0,0,2,-0.503946,0.000000,-0.503946,-88.477036,-1.791120,-102.568413,259.532227_-144.899384i,259.532227_-144.899384i,0,1,0,0.00
1386958284,1,0,0,2,-0.505931,0.000000,-0.505931,-88.477036,-1.791120,-102.568413,259.532227_-144.899384i,259.532227_-144.899384i,0,1,0,0.00
1386958284,1,0,0,2,-0.507527,0.000000,-0.507527,-88.477036,-1.791120,-102.568413,259.532227_-144.899384i,259.532227_-144.899384i,0,1,0,0.00
1386958284,1,0,0,2,-0.502994,0.000000,-0.502994,-88.477036,-1.791120,-102.568413,259.532227_-144.899384i,259.532227_-144.899384i,0,1,0,0.00
1386958284,1,0,0,2,-0.505171,0.000000,-0.505171,-88.472382,-1.791120,-102.568413,259.532227_-144.899384i,259.532227_-144.899384i,0,1,0,0.00
1386958285,1,0,0,2,-0.506929,0.000000,-0.506929,-88.472382,-1.791120,-102.568413,259.532227_-144.899384i,259.532227_-144.899384i,0,1,0,0.00
1386958285,1,0,0,2,-0.501804,0.000000,-0.501804,-88.472382,-1.791120,-102.568413,259.532227_-144.899384i,259.532227_-144.899384i,0,1,0,0.00
1386958285,1,0,0,2,-0.504214,0.000000,-0.504214,-88.472382,-1.791120,-102.568413,259.532227_-144.899384i,259.532227_-144.899384i,0,1,0,0.00
1386958285,1,0,0,2,-0.506169,0.000000,-0.506169,-88.472382,-1.791120,-102.568413,259.532227_-144.899384i,259.532227_-144.899384i,0,1,0,0.00
1386958286,1,0,0,2,-0.500274,0.000000,-0.500274,-88.472382,-1.791120,-102.568413,259.532227_-144.899384i,259.532227_-144.899384i,0,1,0,0.00
1386958286,1,0,0,2,-0.502241,0.000000,-0.502241,-88.472382,-1.791120,-102.568413,259.532227_-144.899384i,259.532227_-144.899384i,0,1,0,0.00
1386958286,1,0,0,2,-0.495495,0.000000,-0.495495,-88.472382,-1.791120,-102.568413,259.532227_-144.899384i,259.532227_-144.899384i,0,1,0,0.00
1386958287,1,0,0,2,-0.498235,0.000000,-0.498235,-88.467728,-1.791120,-102.568413,259.532227_-144.899384i,259.532227_-144.899384i,0,1,0,0.00
1386958287,1,0,0,2,-0.500434,0.000000,-0.500434,-88.467728,-1.791120,-102.568413,259.532227_-144.899384i,259.532227_-144.899384i,0,1,0,0.00
1386958287,1,0,0,2,-0.492303,0.000000,-0.492303,-88.467728,-1.791120,-102.568413,259.532227_-144.899384i,259.532227_-144.899384i,0,1,0,0.00
1386958287,1,0,0,2,-0.495383,0.000000,-0.495383,-88.463074,-1.791120,-102.568413,259.532227_-144.899384i,259.532227_-144.899384i,0,1,0,0.00
1386958288,1,0,0,2,-0.497858,0.000000,-0.497858,-88.463074,-1.791120,-102.568413,259.532227_-144.899384i,259.532227_-144.899384i,0,1,0,0.00
1386958288,1,0,0,2,-0.487638,0.000000,-0.487638,-88.463074,-1.791120,-102.568413,259.532227_-144.899384i,259.532227_-144.899384i,0,1,0,0.00
1386958288,1,0,0,2,-0.491108,0.000000,-0.491108,-88.458420,-1.791120,-102.568413,259.532227_-144.899384i,259.532227_-144.899384i,0,1,0,0.00
1386958288,1,0,0,2,-0.493887,0.000000,-0.493887,-88.458420,-1.791120,-102.568413,259.532227_-144.899384i,259.532227_-144.899384i,0,1,0,0.00
1386958289,1,0,0,2,-0.480179,0.000000,-0.480179,-88.458420,-1.791120,-102.568413,259.532227_-144.899384i,259.532227_-144.899384i,0,1,0,0.00
1386958289,1,0,0,2,-0.483995,0.000000,-0.483995,-88.453766,-1.791120,-102.568413,259.532227_-144.899384i,259.532227_-144.899384i,0,1,0,0.00
1386958289,1,0,0,2,-0.465424,0.000000,-0.465424,-88.453766,-1.791120,-102.568413,259.532227_-144.899384i,259.532227_-144.899384i,0,1,0,0.00
1386958289,1,0,0,2,-0.468297,0.000000,-0.468297,-88.449112,-1.791120,-102.568413,259.532227_-144.899384i,259.532227_-144.899384i,0,1,0,0.00
1386958290,1,0,0,2,-0.472103,0.000000,-0.472103,-88.444458,-1.791120,-102.568413,259.532227_-144.899384i,259.532227_-144.899384i,0,1,0,0.00
1386958290,1,0,0,2,-0.439580,0.000000,-0.439580,-88.444458,-1.791120,-102.568413,259.532227_-144.899384i,259.532227_-144.899384i,0,1,0,0.00
1386958290,1,0,0,2,-0.438275,0.000000,-0.438275,-88.435158,-1.791120,-102.568413,259.532227_-144.899384i,259.532227_-144.899384i,0,1,0,0.00
1386958290,1,0,0,2,-0.436111,0.000000,-0.436111,-88.425850,-1.791120,-102.568413,259.532227_-144.899384i,259.532227_-144.899384i,0,1,0,0.00
1386958291,1,0,0,2,-0.338013,0.000000,-0.338013,-88.421196,-1.791120,-102.568413,259.532227_-144.899384i,259.532227_-144.899384i,0,1,0,0.00
1386958291,1,0,0,2,-0.524313,0.000000,-0.524313,-88.388618,-1.690668,-98.213501,45.709938_-27.036621i,45.709938_-27.036621i,0,1,0,0.00
1386958291,1,0,0,2,-0.527259,0.000000,-0.527259,-88.416542,-1.690668,-98.213501,45.709938_-27.036621i,45.709938_-27.036621i,0,1,0,0.00
1386958291,1,0,0,2,-0.531038,0.000000,-0.531038,-88.435165,-1.690668,-98.213501,45.709938_-27.036621i,45.709938_-27.036621i,0,1,0,0.00
1386958292,1,0,0,2,-0.534491,0.000000,-0.534491,-88.449120,-1.690668,-98.213501,45.709938_-27.036621i,45.709938_-27.036621i,0,1,0,0.00
1386958292,1,0,0,2,-0.537565,0.000000,-0.537565,-88.463081,-1.690668,-98.213501,45.709938_-27.036621i,45.709938_-27.036621i,0,1,0,0.00
1386958292,1,0,0,2,-0.533526,0.000000,-0.533526,-88.472389,-1.690668,-98.213501,45.709938_-27.036621i,45.709938_-27.036621i,0,1,0,0.00
1386958292,1,0,0,2,-0.536849,0.000000,-0.536849,-88.477043,-1.690668,-98.213501,45.709938_-27.036621i,45.709938_-27.036621i,0,1,0,0.00
1386958293,1,0,0,2,-0.531609,0.000000,-0.531609,-88.481697,-1.690668,-98.213501,45.709938_-27.036621i,45.709938_-27.036621i,0,1,0,0.00
1386958293,1,0,0,2,-0.535983,0.000000,-0.535983,-88.486343,-1.690668,-98.213501,45.709938_-27.036621i,45.709938_-27.036621i,0,1,0,0.00
1386958293,1,0,0,2,-0.539970,0.000000,-0.539970,-88.490997,-1.690668,-98.213501,45.709938_-27.036621i,45.709938_-27.036621i,0,1,0,0.00
1386958293,1,0,0,2,-0.534915,0.000000,-0.534915,-88.495651,-1.690668,-98.213501,45.709938_-27.036621i,45.709938_-27.036621i,0,1,0,0.00
1386958294,1,0,0,2,-0.539333,0.000000,-0.539333,-88.495651,-1.690668,-98.213501,45.709938_-27.036621i,45.709938_-27.036621i,0,1,0,0.00
1386958294,1,0,0,2,-0.532554,0.000000,-0.532554,-88.495651,-1.690668,-98.213501,45.709938_-27.036621i,45.709938_-27.036621i,0,1,0,0.00
1386958294,1,0,0,2,-0.538517,0.000000,-0.538517,-88.495651,-1.690668,-98.213501,45.709938_-27.036621i,45.709938_-27.036621i,0,1,0,0.00
1386958294,1,0,0,2,-0.544170,0.000000,-0.544170,-88.495651,-1.690668,-98.213501,45.709938_-27.036621i,45.709938_-27.036621i,0,1,0,0.00
1386958295,1,0,0,2,-0.536171,0.000000,-0.536171,-88.500305,-1.690668,-98.213501,45.709938_-27.036621i,45.709938_-27.036621i,0,1,0,0.00
1386958295,1,0,0,2,-0.542622,0.000000,-0.542622,-88.500305,-1.690668,-98.213501,45.709938_-27.036621i,45.709938_-27.036621i,0,1,0,0.00
1386958295,1,0,0,2,-0.550240,0.000000,-0.550240,-88.500305,-1.690668,-98.213501,45.709938_-27.036621i,45.709938_-27.036621i,0,1,0,0.00
1386958295,1,0,0,2,-0.542083,0.000000,-0.542083,-88.504959,-1.690668,-98.213501,45.709938_-27.036621i,45.709938_-27.036621i,0,1,0,0.00
1386958296,1,0,0,2,-0.551474,0.000000,-0.551474,-88.504959,-1.690668,-98.213501,45.709938_-27.036621i,45.709938_-27.036621i,0,1,0,0.00
1386958296,1,0,0,2,-0.563239,0.000000,-0.563239,-88.509613,-1.690668,-98.213501,45.709938_-27.036621i,45.709938_-27.036621i,0,1,0,0.00
1386958296,1,0,0,2,-0.551002,0.000000,-0.551002,-88.514267,-1.690668,-98.213501,45.709938_-27.036621i,45.709938_-27.036621i,0,1,0,0.00
1386958296,1,0,0,2,-0.566982,0.000000,-0.566982,-88.514267,-1.690668,-98.213501,45.709938_-27.036621i,45.709938_-27.036621i,0,1,0,0.00
1386958297,1,0,0,2,-0.546529,0.000000,-0.546529,-88.518921,-1.690668,-98.213501,45.709938_-27.036621i,45.709938_-27.036621i,0,1,0,0.00
1386958297,1,0,0,2,-0.570311,0.000000,-0.570311,-88.518921,-1.690668,-98.213501,45.709938_-27.036621i,45.709938_-27.036621i,0,1,0,0.00
1386958297,1,0,0,2,-0.611607,0.000000,-0.611607,-88.523575,-1.690668,-98.213501,45.709938_-27.036621i,45.709938_-27.036621i,0,1,0,0.00
1386958297,1,0,0,2,-0.593360,0.000000,-0.593360,-88.537529,-1.690668,-98.213501,45.709938_-27.036621i,45.709938_-27.036621i,0,1,0,0.00
1386958298,1,0,0,2,-0.494644,0.000000,-0.494644,-88.542183,-1.862925,-105.717659,148.740631_-79.842522i,148.740631_-79.842522i,0,1,0,0.00
1386958298,1,0,0,2,-0.494880,0.000000,-0.494880,-88.518913,-1.862925,-105.717659,148.740631_-79.842522i,148.740631_-79.842522i,0,1,0,0.00
1386958298,1,0,0,2,-0.493057,0.000000,-0.493057,-88.504951,-1.862925,-105.717659,148.740631_-79.842522i,148.740631_-79.842522i,0,1,0,0.00
1386958298,1,0,0,2,-0.493457,0.000000,-0.493457,-88.490990,-1.862925,-105.717659,148.740631_-79.842522i,148.740631_-79.842522i,0,1,0,0.00
1386958299,1,0,0,2,-0.493866,0.000000,-0.493866,-88.481682,-1.862925,-105.717659,148.740631_-79.842522i,148.740631_-79.842522i,0,1,0,0.00
1386958299,1,0,0,2,-0.492142,0.000000,-0.492142,-88.477036,-1.862925,-105.717659,148.740631_-79.842522i,148.740631_-79.842522i,0,1,0,0.00
1386958299,1,0,0,2,-0.492546,0.000000,-0.492546,-88.472382,-1.862925,-105.717659,148.740631_-79.842522i,148.740631_-79.842522i,0,1,0,0.00
1386958299,1,0,0,2,-0.493145,0.000000,-0.493145,-88.467728,-1.862925,-105.717659,148.740631_-79.842522i,148.740631_-79.842522i,0,1,0,0.00
1386958300,1,0,0,2,-0.491344,0.000000,-0.491344,-88.463074,-1.862925,-105.717659,148.740631_-79.842522i,148.740631_-79.842522i,0,1,0,0.00
1386958300,1,0,0,2,-0.491754,0.000000,-0.491754,-88.463074,-1.862925,-105.717659,148.740631_-79.842522i,148.740631_-79.842522i,0,1,0,0.00
1386958300,1,0,0,2,-0.489884,0.000000,-0.489884,-88.463074,-1.862925,-105.717659,148.740631_-79.842522i,148.740631_-79.842522i,0,1,0,0.00
1386958300,1,0,0,2,-0.490481,0.000000,-0.490481,-88.463074,-1.862925,-105.717659,148.740631_-79.842522i,148.740631_-79.842522i,0,1,0,0.00
1386958301,1,0,0,2,-0.490896,0.000000,-0.490896,-88.463074,-1.862925,-105.717659,148.740631_-79.842522i,148.740631_-79.842522i,0,1,0,0.00
1386958301,1,0,0,2,-0.488935,0.000000,-0.488935,-88.463074,-1.862925,-105.717659,148.740631_-79.842522i,148.740631_-79.842522i,0,1,0,0.00
1386958301,1,0,0,2,-0.489544,0.000000,-0.489544,-88.458420,-1.862925,-105.717659,148.740631_-79.842522i,148.740631_-79.842522i,0,1,0,0.00
1386958301,1,0,0,2,-0.489965,0.000000,-0.489965,-88.458420,-1.862925,-105.717659,148.740631_-79.842522i,148.740631_-79.842522i,0,1,0,0.00
1386958302,1,0,0,2,-0.487903,0.000000,-0.487903,-88.458420,-1.862925,-105.717659,148.740631_-79.842522i,148.740631_-79.842522i,0,1,0,0.00
1386958302,1,0,0,2,-0.488525,0.000000,-0.488525,-88.458420,-1.862925,-105.717659,148.740631_-79.842522i,148.740631_-79.842522i,0,1,0,0.00
1386958302,1,0,0,2,-0.489164,0.000000,-0.489164,-88.458420,-1.862925,-105.717659,148.740631_-79.842522i,148.740631_-79.842522i,0,1,0,0.00
1386958302,1,0,0,2,-0.486994,0.000000,-0.486994,-88.458420,-1.862925,-105.717659,148.740631_-79.842522i,148.740631_-79.842522i,0,1,0,0.00
1386958303,1,0,0,2,-0.487631,0.000000,-0.487631,-88.458420,-1.862925,-105.717659,148.740631_-79.842522i,148.740631_-79.842522i,0,1,0,0.00
1386958303,1,0,0,2,-0.485365,0.000000,-0.485365,-88.458420,-1.862925,-105.717659,148.740631_-79.842522i,148.740631_-79.842522i,0,1,0,0.00
1386958303,1,0,0,2,-0.485997,0.000000,-0.485997,-88.458420,-1.862925,-105.717659,148.740631_-79.842522i,148.740631_-79.842522i,0,1,0,0.00
1386958303,1,0,0,2,-0.486418,0.000000,-0.486418,-88.458420,-1.862925,-105.717659,148.740631_-79.842522i,148.740631_-79.842522i,0,1,0,0.00
1386958304,1,0,0,2,-0.484019,0.000000,-0.484019,-88.458420,-1.862925,-105.717659,148.740631_-79.842522i,148.740631_-79.842522i,0,1,0,0.00
1386958304,1,0,0,2,-0.484661,0.000000,-0.484661,-88.453766,-1.862925,-105.717659,148.740631_-79.842522i,148.740631_-79.842522i,0,1,0,0.00
1386958304,1,0,0,2,-0.485082,0.000000,-0.485082,-88.453766,-1.862925,-105.717659,148.740631_-79.842522i,148.740631_-79.842522i,0,1,0,0.00
1386958304,1,0,0,2,-0.482532,0.000000,-0.482532,-88.453766,-1.862925,-105.717659,148.740631_-79.842522i,148.740631_-79.842522i,0,1,0,0.00
1386958305,1,0,0,2,-0.483182,0.000000,-0.483182,-88.453766,-1.862925,-105.717659,148.740631_-79.842522i,148.740631_-79.842522i,0,1,0,0.00
1386958305,1,0,0,2,-0.483855,0.000000,-0.483855,-88.453766,-1.862925,-105.717659,148.740631_-79.842522i,148.740631_-79.842522i,0,1,0,0.00
1386958305,1,0,0,2,-0.484552,0.000000,-0.484552,-88.453766,-1.862925,-105.717659,148.740631_-79.842522i,148.740631_-79.842522i,0,1,0,0.00
1386958305,1,0,0,2,-0.485275,0.000000,-0.485275,-88.453766,-1.862925,-105.717659,148.740631_-79.842522i,148.740631_-79.842522i,0,1,0,0.00
1386958306,1,0,0,2,-0.486024,0.000000,-0.486024,-88.453766,-1.862925,-105.717659,148.740631_-79.842522i,148.740631_-79.842522i,0,1,0,0.00
1386958306,1,0,0,2,-0.483200,0.000000,-0.483200,-88.453766,-1.862925,-105.717659,148.740631_-79.842522i,148.740631_-79.842522i,0,1,0,0.00
1386958306,1,0,0,2,-0.483939,0.000000,-0.483939,-88.453766,-1.862925,-105.717659,148.740631_-79.842522i,148.740631_-79.842522i,0,1,0,0.00
1386958306,1,0,0,2,-0.480953,0.000000,-0.480953,-88.453766,-1.862925,-105.717659,148.740631_-79.842522i,148.740631_-79.842522i,0,1,0,0.00
1386958307,1,0,0,2,-0.481678,0.000000,-0.481678,-88.453766,-1.862925,-105.717659,148.740631_-79.842522i,148.740631_-79.842522i,0,1,0,0.00
1386958307,1,0,0,2,-0.482434,0.000000,-0.482434,-88.453766,-1.862925,-105.717659,148.740631_-79.842522i,148.740631_-79.842522i,0,1,0,0.00
1386958307,1,0,0,2,-0.479218,0.000000,-0.479218,-88.453766,-1.862925,-105.717659,148.740631_-79.842522i,148.740631_-79.842522i,0,1,0,0.00
1386958307,1,0,0,2,-0.479955,0.000000,-0.479955,-88.449112,-1.862925,-105.717659,148.740631_-79.842522i,148.740631_-79.842522i,0,1,0,0.00
1386958308,1,0,0,2,-0.480724,0.000000,-0.480724,-88.449112,-1.862925,-105.717659,148.740631_-79.842522i,148.740631_-79.842522i,0,1,0,0.00
1386958308,1,0,0,2,-0.477242,0.000000,-0.477242,-88.449112,-1.862925,-105.717659,148.740631_-79.842522i,148.740631_-79.842522i,0,1,0,0.00
1386958308,1,0,0,2,-0.477986,0.000000,-0.477986,-88.449112,-1.862925,-105.717659,148.740631_-79.842522i,148.740631_-79.842522i,0,1,0,0.00
1386958308,1,0,0,2,-0.478427,0.000000,-0.478427,-88.449112,-1.862925,-105.717659,148.740631_-79.842522i,148.740631_-79.842522i,0,1,0,0.00
1386958309,1,0,0,2,-0.474627,0.000000,-0.474627,-88.449112,-1.862925,-105.717659,148.740631_-79.842522i,148.740631_-79.842522i,0,1,0,0.00
1386958309,1,0,0,2,-0.475362,0.000000,-0.475362,-88.444458,-1.862925,-105.717659,148.740631_-79.842522i,148.740631_-79.842522i,0,1,0,0.00
1386958309,1,0,0,2,-0.471274,0.000000,-0.471274,-88.444458,-1.862925,-105.717659,148.740631_-79.842522i,148.740631_-79.842522i,0,1,0,0.00
1386958309,1,0,0,2,-0.471962,0.000000,-0.471962,-88.444458,-1.862925,-105.717659,148.740631_-79.842522i,148.740631_-79.842522i,0,1,0,0.00
1386958310,1,0,0,2,-0.472687,0.000000,-0.472687,-88.444458,-1.862925,-105.717659,148.740631_-79.842522i,148.740631_-79.842522i,0,1,0,0.00
1386958310,1,0,0,2,-0.468168,0.000000,-0.468168,-88.444458,-1.862925,-105.717659,148.740631_-79.842522i,148.740631_-79.842522i,0,1,0,0.00
1386958310,1,0,0,2,-0.468829,0.000000,-0.468829,-88.439804,-1.862925,-105.717659,148.740631_-79.842522i,148.740631_-79.842522i,0,1,0,0.00
1386958310,1,0,0,2,-0.469528,0.000000,-0.469528,-88.439804,-1.862925,-105.717659,148.740631_-79.842522i,148.740631_-79.842522i,0,1,0,0.00
1386958311,1,0,0,2,-0.464482,0.000000,-0.464482,-88.439804,-1.862925,-105.717659,148.740631_-79.842522i,148.740631_-79.842522i,0,1,0,0.00
1386958311,1,0,0,2,-0.465092,0.000000,-0.465092,-88.435158,-1.862925,-105.717659,148.740631_-79.842522i,148.740631_-79.842522i,0,1,0,0.00
1386958311,1,0,0,2,-0.465741,0.000000,-0.465741,-88.435158,-1.862925,-105.717659,148.740631_-79.842522i,148.740631_-79.842522i,0,1,0,0.00
1386958311,1,0,0,2,-0.466433,0.000000,-0.466433,-88.435158,-1.862925,-105.717659,148.740631_-79.842522i,148.740631_-79.842522i,0,1,0,0.00
1386958312,1,0,0,2,-0.467172,0.000000,-0.467172,-88.435158,-1.862925,-105.717659,148.740631_-79.842522i,148.740631_-79.842522i,0,1,0,0.00
1386958312,1,0,0,2,-0.467964,0.000000,-0.467964,-88.435158,-1.862925,-105.717659,148.740631_-79.842522i,148.740631_-79.842522i,0,1,0,0.00
1386958312,1,0,0,2,-0.461718,0.000000,-0.461718,-88.435158,-1.862925,-105.717659,148.740631_-79.842522i,148.740631_-79.842522i,0,1,0,0.00
1386958312,1,0,0,2,-0.462364,0.000000,-0.462364,-88.430504,-1.862925,-105.717659,148.740631_-79.842522i,148.740631_-79.842522i,0,1,0,0.00
1386958313,1,0,0,2,-0.463618,0.000000,-0.463618,-88.430504,-1.862925,-105.717659,148.740631_-79.842522i,148.740631_-79.842522i,0,1,0,0.00
1386958313,1,0,0,2,-0.464398,0.000000,-0.464398,-88.430504,-1.862925,-105.717659,148.740631_-79.842522i,148.740631_-79.842522i,0,1,0,0.00
1386958313,1,0,0,2,-0.465246,0.000000,-0.465246,-88.430504,-1.862925,-105.717659,148.740631_-79.842522i,148.740631_-79.842522i,0,1,0,0.00
1386958313,1,0,0,2,-0.466807,0.000000,-0.466807,-88.430504,-1.862925,-105.717659,148.740631_-79.842522i,148.740631_-79.842522i,0,1,0,0.00
1386958314,1,0,0,2,-0.458661,0.000000,-0.458661,-88.430504,-1.862925,-105.717659,148.740631_-79.842522i,148.740631_-79.842522i,0,1,0,0.00
1386958314,1,0,0,2,-0.459354,0.000000,-0.459354,-88.430504,-1.862925,-105.717659,148.740631_-79.842522i,148.740631_-79.842522i,0,1,0,0.00
1386958314,1,0,0,2,-0.460852,0.000000,-0.460852,-88.430504,-1.862925,-105.717659,148.740631_-79.842522i,148.740631_-79.842522i,0,1,0,0.00
1386958314,1,0,0,2,-0.461746,0.000000,-0.461746,-88.430504,-1.862925,-105.717659,148.740631_-79.842522i,148.740631_-79.842522i,0,1,0,0.00
1386958315,1,0,0,2,-0.462745,0.000000,-0.462745,-88.430504,-1.862925,-105.717659,148.740631_-79.842522i,148.740631_-79.842522i,0,1,0,0.00
1386958315,1,0,0,2,-0.464750,0.000000,-0.464750,-88.430504,-1.862925,-105.717659,148.740631_-79.842522i,148.740631_-79.842522i,0,1,0,0.00
1386958315,1,0,0,2,-0.453054,0.000000,-0.453054,-88.430504,-1.862925,-105.717659,148.740631_-79.842522i,148.740631_-79.842522i,0,1,0,0.00
1386958315,1,0,0,2,-0.453649,0.000000,-0.453649,-88.425850,-1.862925,-105.717659,148.740631_-79.842522i,148.740631_-79.842522i,0,1,0,0.00
1386958316,1,0,0,2,-0.455411,0.000000,-0.455411,-88.425850,-1.862925,-105.717659,148.740631_-79.842522i,148.740631_-79.842522i,0,1,0,0.00
