MCU_timestamp,sig1,sig2,sig3,fa_debug,theta_d1,theta_d,theta_d1_b,theta_b,a_x,b_x,X_b,X_T_b,sail_hc_periods,sail_hc_direction,sail_hc_val,sail_hc_MEAN_V
1386921435,0,0,0,0,0.000000,0.000000,0.000000,0.000000,0.000000,0.000000,0.000000_0.000000i,0.000000_0.000000i,0,1,0,0.00
1386921435,0,0,0,0,0.000000,0.000000,0.000000,0.000000,0.000000,0.000000,0.000000_0.000000i,0.000000_0.000000i,0,1,0,0.00
1386921435,0,0,0,0,0.000000,0.000000,0.000000,0.000000,0.000000,0.000000,0.000000_0.000000i,0.000000_0.000000i,0,1,0,0.00
1386921436,0,0,0,0,0.000000,0.000000,0.000000,0.000000,0.000000,0.000000,0.000000_0.000000i,0.000000_0.000000i,0,1,0,0.00
1386921436,0,0,0,0,0.000000,0.000000,0.000000,0.000000,0.000000,0.000000,0.000000_0.000000i,0.000000_0.000000i,0,1,0,0.00
1386921436,0,0,0,0,0.000000,0.000000,0.000000,0.000000,0.000000,0.000000,0.000000_0.000000i,0.000000_0.000000i,0,1,0,0.00
1386921436,0,0,0,0,0.000000,0.000000,0.000000,0.000000,0.000000,0.000000,0.000000_0.000000i,0.000000_0.000000i,0,1,0,0.00
1386921437,0,0,0,0,0.000000,0.000000,0.000000,0.000000,0.000000,0.000000,0.000000_0.000000i,0.000000_0.000000i,0,1,0,0.00
1386921437,0,0,0,0,0.000000,0.000000,0.000000,0.000000,0.000000,0.000000,0.000000_0.000000i,0.000000_0.000000i,0,1,0,0.00
1386921437,0,0,0,0,0.000000,0.000000,0.000000,0.000000,0.000000,0.000000,0.000000_0.000000i,0.000000_0.000000i,0,1,0,0.00
1386921437,0,0,0,0,0.000000,0.000000,0.000000,0.000000,0.000000,0.000000,0.000000_0.000000i,0.000000_0.000000i,0,1,0,0.00
1386921438,0,0,0,0,0.000000,0.000000,0.000000,0.000000,0.000000,0.000000,0.000000_0.000000i,0.000000_0.000000i,0,1,0,0.00
1386921438,0,0,0,0,0.000000,0.000000,0.000000,0.000000,0.000000,0.000000,0.000000_0.000000i,0.000000_0.000000i,0,1,0,0.00
1386921438,0,0,0,0,0.000000,0.000000,0.000000,0.000000,0.000000,0.000000,0.000000_0.000000i,0.000000_0.000000i,0,1,0,0.00
1386921438,0,0,0,0,0.000000,0.000000,0.000000,0.000000,0.000000,0.000000,0.000000_0.000000i,0.000000_0.000000i,0,1,0,0.00
1386921439,0,0,0,0,0.000000,0.000000,0.000000,0.000000,0.000000,0.000000,0.000000_0.000000i,0.000000_0.000000i,0,1,0,0.00
1386921439,0,0,0,0,0.000000,0.000000,0.000000,0.000000,0.000000,0.000000,0.000000_0.000000i,0.000000_0.000000i,0,1,0,0.00
1386921439,0,0,0,0,0.000000,0.000000,0.000000,0.000000,0.000000,0.000000,0.000000_0.000000i,0.000000_0.000000i,0,1,0,0.00
1386921439,0,0,0,0,0.000000,0.000000,0.000000,0.000000,0.000000,0.000000,0.000000_0.000000i,0.000000_0.000000i,0,1,0,0.00
1386921440,0,0,0,0,0.000000,0.000000,0.000000,0.000000,0.000000,0.000000,0.000000_0.000000i,0.000000_0.000000i,0,1,0,0.00
1386921440,0,0,0,0,0.000000,0.000000,0.000000,0.000000,0.000000,0.000000,0.000000_0.000000i,0.000000_0.000000i,0,1,0,0.00
1386921440,0,0,0,0,0.000000,0.000000,0.000000,0.000000,0.000000,0.000000,0.000000_0.000000i,0.000000_0.000000i,0,1,0,0.00
1386921440,0,0,0,0,0.000000,0.000000,0.000000,0.000000,0.000000,0.000000,0.000000_0.000000i,0.000000_0.000000i,0,1,0,0.00
1386921441,0,0,0,0,0.000000,0.000000,0.000000,0.000000,0.000000,0.000000,0.000000_0.000000i,0.000000_0.000000i,0,1,0,0.00
1386921441,0,0,0,0,0.000000,0.000000,0.000000,0.000000,0.000000,0.000000,0.000000_0.000000i,0.000000_0.000000i,0,1,0,0.00
1386921441,0,0,0,0,0.000000,0.000000,0.000000,0.000000,0.000000,0.000000,0.000000_0.000000i,0.000000_0.000000i,0,1,0,0.00
1386921441,0,0,0,0,0.000000,0.000000,0.000000,0.000000,0.000000,0.000000,0.000000_0.000000i,0.000000_0.000000i,0,1,0,0.00
1386921442,0,0,0,0,0.000000,0.000000,0.000000,0.000000,0.000000,0.000000,0.000000_0.000000i,0.000000_0.000000i,0,1,0,0.00
1386921442,0,0,0,0,0.000000,0.000000,0.000000,0.000000,0.000000,0.000000,0.000000_0.000000i,0.000000_0.000000i,0,1,0,0.00
1386921442,0,0,0,0,0.000000,0.000000,0.000000,0.000000,0.000000,0.000000,0.000000_0.000000i,0.000000_0.000000i,0,1,0,0.00
1386921442,0,0,0,0,0.000000,0.000000,0.000000,0.000000,0.000000,0.000000,0.000000_0.000000i,0.000000_0.000000i,0,1,0,0.00
1386921443,0,0,0,0,0.000000,0.000000,0.000000,0.000000,0.000000,0.000000,0.000000_0.000000i,0.000000_0.000000i,0,1,0,0.00
1386921443,0,0,0,0,0.000000,0.000000,0.000000,0.000000,0.000000,0.000000,0.000000_0.000000i,0.000000_0.000000i,0,1,0,0.00
1386921443,0,0,0,0,0.000000,0.000000,0.000000,0.000000,0.000000,0.000000,0.000000_0.000000i,0.000000_0.000000i,0,1,0,0.00
1386921443,0,0,0,0,0.000000,0.000000,0.000000,0.000000,0.000000,0.000000,0.000000_0.000000i,0.000000_0.000000i,0,1,0,0.00
1386921444,0,0,0,0,0.000000,0.000000,0.000000,0.000000,0.000000,0.000000,0.000000_0.000000i,0.000000_0.000000i,0,1,0,0.00
1386921444,0,0,0,0,0.000000,0.000000,0.000000,0.000000,0.000000,0.000000,0.000000_0.000000i,0.000000_0.000000i,0,1,0,0.00
1386921444,0,0,0,0,0.000000,0.000000,0.000000,0.000000,0.000000,0.000000,0.000000_0.000000i,0.000000_0.000000i,0,1,0,0.00
1386921444,0,0,0,0,0.000000,0.000000,0.000000,0.000000,0.000000,0.000000,0.000000_0.000000i,0.000000_0.000000i,0,1,0,0.00
1386921445,0,0,0,0,0.000000,0.000000,0.000000,0.000000,0.000000,0.000000,0.000000_0.000000i,0.000000_0.000000i,0,1,0,0.00
1386921445,0,0,0,0,0.000000,0.000000,0.000000,0.000000,0.000000,0.000000,0.000000_0.000000i,0.000000_0.000000i,0,1,0,0.00
1386921445,0,0,0,0,0.000000,0.000000,0.000000,0.000000,0.000000,0.000000,0.000000_0.000000i,0.000000_0.000000i,0,1,0,0.00
1386921445,0,0,0,0,0.000000,0.000000,0.000000,0.000000,0.000000,0.000000,0.000000_0.000000i,0.000000_0.000000i,0,1,0,0.00
1386921446,0,0,0,0,0.000000,0.000000,0.000000,0.000000,0.000000,0.000000,0.000000_0.000000i,0.000000_0.000000i,0,1,0,0.00
1386921446,0,0,0,0,0.000000,0.000000,0.000000,0.000000,0.000000,0.000000,0.000000_0.000000i,0.000000_0.000000i,0,1,0,0.00
1386921446,0,0,0,0,0.000000,0.000000,0.000000,0.000000,0.000000,0.000000,0.000000_0.000000i,0.000000_0.000000i,0,1,0,0.00
1386921446,0,0,0,0,0.000000,0.000000,0.000000,0.000000,0.000000,0.000000,0.000000_0.000000i,0.000000_0.000000i,0,1,0,0.00
1386921447,0,0,0,0,0.000000,0.000000,0.000000,0.000000,0.000000,0.000000,0.000000_0.000000i,0.000000_0.000000i,0,1,0,0.00
1386921447,0,0,0,0,0.000000,0.000000,0.000000,0.000000,0.000000,0.000000,0.000000_0.000000i,0.000000_0.000000i,0,1,0,0.00
1386921447,0,0,0,0,0.000000,0.000000,0.000000,0.000000,0.000000,0.000000,0.000000_0.000000i,0.000000_0.000000i,0,1,0,0.00
1386921447,0,0,0,0,0.000000,0.000000,0.000000,0.000000,0.000000,0.000000,0.000000_0.000000i,0.000000_0.000000i,0,1,0,0.00
1386921448,0,0,0,0,0.000000,0.000000,0.000000,0.000000,0.000000,0.000000,0.000000_0.000000i,0.000000_0.000000i,0,1,0,0.00
1386921448,0,0,0,0,0.000000,0.000000,0.000000,0.000000,0.000000,0.000000,0.000000_0.000000i,0.000000_0.000000i,0,1,0,0.00
1386921448,0,0,0,0,0.000000,0.000000,0.000000,0.000000,0.000000,0.000000,0.000000_0.000000i,0.000000_0.000000i,0,1,0,0.00
1386921448,0,0,0,0,0.000000,0.000000,0.000000,0.000000,0.000000,0.000000,0.000000_0.000000i,0.000000_0.000000i,0,1,0,0.00
1386921449,0,0,0,0,0.000000,0.000000,0.000000,0.000000,0.000000,0.000000,0.000000_0.000000i,0.000000_0.000000i,0,1,0,0.00
1386921449,1,2,2,7353,-7.957750,0.000000,-2.094395,31.461098,0.096605,-100.465546,55.243027_-164.754410i,-16.709240_-172.964188i,0,1,0,0.00
1386921449,2,2,2,7353,-7.957750,0.000000,-2.094395,31.298199,0.096605,-100.465546,55.243027_-164.754410i,-16.709240_-172.964188i,0,1,0,0.00
1386921449,2,2,2,7353,-7.957750,0.000000,-2.094395,31.135300,0.096605,-100.465546,55.243027_-164.754410i,-16.709240_-172.964188i,0,1,0,0.00
1386921450,2,2,2,7353,-7.957750,0.000000,-2.094395,30.972404,0.096605,-100.465546,55.243027_-164.754410i,-16.709240_-172.964188i,0,1,0,0.00
1386921450,2,2,2,7353,-7.957750,0.000000,-2.094395,30.809505,0.096605,-100.465546,55.243027_-164.754410i,-16.709240_-172.964188i,0,1,0,0.00
1386921450,2,2,2,7353,-7.957750,0.000000,-2.094395,30.693150,0.096605,-100.465546,55.243027_-164.754410i,-16.709240_-172.964188i,0,1,0,0.00
1386921450,2,2,2,7353,-7.957750,0.000000,-2.094395,30.604721,0.096605,-100.465546,55.243027_-164.754410i,-16.709240_-172.964188i,0,1,0,0.00
1386921451,2,2,2,7353,-7.957750,0.000000,-2.094395,30.539562,0.096605,-100.465546,55.243027_-164.754410i,-16.709240_-172.964188i,0,1,0,0.00
1386921451,2,2,2,7353,-7.957750,0.000000,-2.094395,30.493023,0.096605,-100.465546,55.243027_-164.754410i,-16.709240_-172.964188i,0,1,0,0.00
1386921451,2,2,2,7353,-7.957750,0.000000,-2.094395,30.460442,0.096605,-100.465546,55.243027_-164.754410i,-16.709240_-172.964188i,0,1,0,0.00
1386921451,2,2,2,7353,-7.957750,0.000000,-2.094395,30.437168,0.096605,-100.465546,55.243027_-164.754410i,-16.709240_-172.964188i,0,1,0,0.00
1386921452,2,2,2,7353,-7.957750,0.000000,-2.094395,30.418552,0.096605,-100.465546,55.243027_-164.754410i,-16.709240_-172.964188i,0,1,0,0.00
1386921452,2,2,2,7353,-7.957750,0.000000,-2.094395,30.404591,0.096605,-100.465546,55.243027_-164.754410i,-16.709240_-172.964188i,0,1,0,0.00
1386921452,2,2,2,7353,-7.957750,0.000000,-2.094395,30.395283,0.096605,-100.465546,55.243027_-164.754410i,-16.709240_-172.964188i,0,1,0,0.00
1386921452,2,2,2,7353,-7.957750,0.000000,-2.094395,30.385971,0.096605,-100.465546,55.243027_-164.754410i,-16.709240_-172.964188i,0,1,0,0.00
1386921453,2,2,2,7353,-7.957750,0.000000,-2.094395,30.381317,0.096605,-100.465546,55.243027_-164.754410i,-16.709240_-172.964188i,0,1,0,0.00
1386921453,2,2,2,7353,-7.957750,0.000000,-2.094395,30.376663,0.096605,-100.465546,55.243027_-164.754410i,-16.709240_-172.964188i,0,1,0,0.00
1386921453,2,2,2,7353,-7.957750,0.000000,-2.094395,30.376663,0.096605,-100.465546,55.243027_-164.754410i,-16.709240_-172.964188i,0,1,0,0.00
1386921453,2,2,2,7353,-7.957750,0.000000,-2.094395,30.376663,0.096605,-100.465546,55.243027_-164.754410i,-16.709240_-172.964188i,0,1,0,0.00
1386921454,2,2,2,7353,-7.957750,0.000000,-2.094395,30.376663,0.096605,-100.465546,55.243027_-164.754410i,-16.709240_-172.964188i,0,1,0,0.00
1386921454,2,2,2,7353,-7.957750,0.000000,-2.094395,30.376663,0.096605,-100.465546,55.243027_-164.754410i,-16.709240_-172.964188i,0,1,0,0.00
1386921454,2,2,2,7353,-7.957750,0.000000,-2.094395,30.376663,0.096605,-100.465546,55.243027_-164.754410i,-16.709240_-172.964188i,0,1,0,0.00
1386921454,2,2,2,7353,-7.957750,0.000000,-2.094395,30.376663,0.096605,-100.465546,55.243027_-164.754410i,-16.709240_-172.964188i,0,1,0,0.00
1386921455,2,2,2,7353,-7.957750,0.000000,-2.094395,30.376663,0.096605,-100.465546,55.243027_-164.754410i,-16.709240_-172.964188i,0,1,0,0.00
1386921455,2,2,2,7353,-7.957750,0.000000,-2.094395,30.376663,0.096605,-100.465546,55.243027_-164.754410i,-16.709240_-172.964188i,0,1,0,0.00
1386921455,2,2,2,7353,-7.957750,0.000000,-2.094395,30.376663,0.096605,-100.465546,55.243027_-164.754410i,-16.709240_-172.964188i,0,1,0,0.00
1386921455,2,2,2,7353,-7.957750,0.000000,-2.094395,30.376663,0.096605,-100.465546,55.243027_-164.754410i,-16.709240_-172.964188i,0,1,0,0.00
1386921456,2,2,2,7353,-7.957750,0.000000,-2.094395,30.213764,0.096605,-100.465546,55.243027_-164.754410i,-16.709240_-172.964188i,0,1,0,0.00
1386921456,2,2,2,7353,-7.957750,0.000000,-2.094395,30.050865,0.096605,-100.465546,55.243027_-164.754410i,-16.709240_-172.964188i,0,1,0,0.00
1386921456,2,2,2,7353,-7.957750,0.000000,-2.094395,29.887966,0.096605,-100.465546,55.243027_-164.754410i,-16.709240_-172.964188i,0,1,0,0.00
1386921457,2,2,2,7353,-7.957750,0.000000,-2.094395,29.739033,0.096605,-100.465546,55.243027_-164.754410i,-16.709240_-172.964188i,0,1,0,0.00
1386921457,2,2,2,7353,-7.957750,0.000000,-2.094395,29.627331,0.096605,-100.465546,55.243027_-164.754410i,-16.709240_-172.964188i,0,1,0,0.00
1386921457,2,2,2,7353,-7.957750,0.000000,-2.094395,29.543556,0.096605,-100.465546,55.243027_-164.754410i,-16.709240_-172.964188i,0,1,0,0.00
1386921457,2,2,2,7353,-7.957750,0.000000,-2.094395,29.483051,0.096605,-100.465546,55.243027_-164.754410i,-16.709240_-172.964188i,0,1,0,0.00
1386921458,2,2,2,7353,-7.957750,0.000000,-2.094395,29.441162,0.096605,-100.465546,55.243027_-164.754410i,-16.709240_-172.964188i,0,1,0,0.00
1386921458,2,2,2,7353,-7.957750,0.000000,-2.094395,29.408581,0.096605,-100.465546,55.243027_-164.754410i,-16.709240_-172.964188i,0,1,0,0.00
1386921458,2,2,2,7353,-7.957750,0.000000,-2.094395,29.385311,0.096605,-100.465546,55.243027_-164.754410i,-16.709240_-172.964188i,0,1,0,0.00
1386921458,2,2,2,7353,-7.957750,0.000000,-2.094395,29.366695,0.096605,-100.465546,55.243027_-164.754410i,-16.709240_-172.964188i,0,1,0,0.00
1386921459,2,2,2,7353,-7.957750,0.000000,-2.094395,29.352730,0.096605,-100.465546,55.243027_-164.754410i,-16.709240_-172.964188i,0,1,0,0.00
1386921459,2,2,2,7353,-7.957750,0.000000,-2.094395,29.343422,0.096605,-100.465546,55.243027_-164.754410i,-16.709240_-172.964188i,0,1,0,0.00
1386921459,2,2,2,7353,-7.957750,0.000000,-2.094395,29.338768,0.096605,-100.465546,55.243027_-164.754410i,-16.709240_-172.964188i,0,1,0,0.00
1386921459,2,2,2,7353,-7.957750,0.000000,-2.094395,29.334110,0.096605,-100.465546,55.243027_-164.754410i,-16.709240_-172.964188i,0,1,0,0.00
1386921460,2,2,0,7353,-7.957750,0.000000,-2.094395,29.329456,0.096605,-100.465546,55.243027_-164.754410i,-16.709240_-172.964188i,0,1,0,0.00
1386921460,0,0,0,14,-7.957750,0.000000,-2.094395,29.329456,0.096605,-106.791420,55.243027_-164.754410i,-16.709240_-172.964188i,0,1,0,0.00
1386921460,0,0,0,14,-7.957750,0.000000,-2.094395,29.329456,0.096605,-106.684860,55.243027_-164.754410i,-16.709240_-172.964188i,0,1,0,0.00
1386921460,0,0,0,14,-7.957750,0.000000,-2.094395,29.329456,0.096605,-106.565414,55.243027_-164.754410i,-16.709240_-172.964188i,0,1,0,0.00
1386921461,0,0,0,14,-7.957750,0.000000,-2.094395,29.329456,0.096605,-106.442421,55.243027_-164.754410i,-16.709240_-172.964188i,0,1,0,0.00
1386921461,0,0,0,14,-7.957750,0.000000,-2.094395,29.329456,0.096605,-106.327484,55.243027_-164.754410i,-16.709240_-172.964188i,0,1,0,0.00
1386921461,0,0,0,14,-7.957750,0.000000,-2.094395,29.329456,0.096605,-106.197624,55.243027_-164.754410i,-16.709240_-172.964188i,0,1,0,0.00
1386921461,0,0,0,14,-7.957750,0.000000,-2.094395,29.329456,0.096605,-106.063805,55.243027_-164.754410i,-16.709240_-172.964188i,0,1,0,0.00
1386921462,0,0,0,14,-7.957750,0.000000,-2.094395,29.329456,0.096605,-105.925880,55.243027_-164.754410i,-16.709240_-172.964188i,0,1,0,0.00
1386921462,0,0,0,14,-7.957750,0.000000,-2.094395,29.329456,0.096605,-105.774323,55.243027_-164.754410i,-16.709240_-172.964188i,0,1,0,0.00
1386921462,0,0,0,14,-7.957750,0.000000,-2.094395,29.329456,0.096605,-105.604332,55.243027_-164.754410i,-16.709240_-172.964188i,0,1,0,0.00
1386921462,0,0,0,14,-7.957750,0.000000,-2.094395,29.329456,0.096605,-105.453545,55.243027_-164.754410i,-16.709240_-172.964188i,0,1,0,0.00
1386921463,0,0,0,14,-7.957750,0.000000,-2.094395,29.329456,0.096605,-105.298019,55.243027_-164.754410i,-16.709240_-172.964188i,0,1,0,0.00
1386921463,0,0,0,14,-7.957750,0.000000,-2.094395,29.329456,0.096605,-105.155457,55.243027_-164.754410i,-16.709240_-172.964188i,0,1,0,0.00
1386921463,0,0,0,14,-7.957750,0.000000,-2.094395,29.329456,0.096605,-104.990891,55.243027_-164.754410i,-16.709240_-172.964188i,0,1,0,0.00
1386921463,0,0,0,14,-7.957750,0.000000,-2.094395,29.329456,0.096605,-104.821106,55.243027_-164.754410i,-16.709240_-172.964188i,0,1,0,0.00
1386921464,0,0,0,14,-7.957750,0.000000,-2.094395,29.329456,0.096605,-104.645950,55.243027_-164.754410i,-16.709240_-172.964188i,0,1,0,0.00
1386921464,0,0,0,14,-7.957750,0.000000,-2.094395,29.329456,0.096605,-104.486969,55.243027_-164.754410i,-16.709240_-172.964188i,0,1,0,0.00
1386921464,0,0,0,14,-7.957750,0.000000,-2.094395,29.329456,0.096605,-104.301682,55.243027_-164.754410i,-16.709240_-172.964188i,0,1,0,0.00
1386921464,0,0,0,14,-7.957750,0.000000,-2.094395,29.329456,0.096605,-104.110611,55.243027_-164.754410i,-16.709240_-172.964188i,0,1,0,0.00
1386921465,0,0,0,14,-7.957750,0.000000,-2.094395,29.329456,0.096605,-103.938591,55.243027_-164.754410i,-16.709240_-172.964188i,0,1,0,0.00
1386921465,0,0,0,14,-7.957750,0.000000,-2.094395,29.329456,0.096605,-103.736847,55.243027_-164.754410i,-16.709240_-172.964188i,0,1,0,0.00
1386921465,0,0,0,14,-7.957750,0.000000,-2.094395,29.329456,0.096605,-103.529114,55.243027_-164.754410i,-16.709240_-172.964188i,0,1,0,0.00
1386921465,0,0,0,14,-7.957750,0.000000,-2.094395,29.329456,0.096605,-103.315384,55.243027_-164.754410i,-16.709240_-172.964188i,0,1,0,0.00
1386921466,0,0,0,14,-7.957750,0.000000,-2.094395,29.329456,0.096605,-103.101006,55.243027_-164.754410i,-16.709240_-172.964188i,0,1,0,0.00
1386921466,0,0,0,14,-7.957750,0.000000,-2.094395,29.329456,0.096605,-102.853004,55.243027_-164.754410i,-16.709240_-172.964188i,0,1,0,0.00
1386921466,0,0,0,14,-7.957750,0.000000,-2.094395,29.329456,0.096605,-102.623985,55.243027_-164.754410i,-16.709240_-172.964188i,0,1,0,0.00
1386921466,0,0,0,14,-7.957750,0.000000,-2.094395,29.329456,0.096605,-102.390076,55.243027_-164.754410i,-16.709240_-172.964188i,0,1,0,0.00
1386921467,0,0,0,14,-7.957750,0.000000,-2.094395,29.329456,0.096605,-102.186142,55.243027_-164.754410i,-16.709240_-172.964188i,0,1,0,0.00
1386921467,0,0,0,14,-7.957750,0.000000,-2.094395,29.329456,0.096605,-101.945633,55.243027_-164.754410i,-16.709240_-172.964188i,0,1,0,0.00
1386921467,0,0,0,14,-7.957750,0.000000,-2.094395,29.329456,0.096605,-101.702881,55.243027_-164.754410i,-16.709240_-172.964188i,0,1,0,0.00
1386921467,0,0,0,14,-7.957750,0.000000,-2.094395,29.329456,0.096605,-101.459541,55.243027_-164.754410i,-16.709240_-172.964188i,0,1,0,0.00
1386921468,0,0,0,14,-7.957750,0.000000,-2.094395,29.329456,0.096605,-101.254128,55.243027_-164.754410i,-16.709240_-172.964188i,0,1,0,0.00
1386921468,0,0,0,14,-7.957750,0.000000,-2.094395,29.329456,0.096605,-101.016594,55.243027_-164.754410i,-16.709240_-172.964188i,0,1,0,0.00
1386921468,0,0,0,14,-7.957750,0.000000,-2.094395,29.329456,0.096605,-100.786911,55.243027_-164.754410i,-16.709240_-172.964188i,0,1,0,0.00
1386921468,0,0,0,14,-7.957750,0.000000,-2.094395,29.329456,0.096605,-100.570145,55.243027_-164.754410i,-16.709240_-172.964188i,0,1,0,0.00
1386921469,0,0,0,14,-7.957750,0.000000,-2.094395,29.329456,0.096605,-100.402840,55.243027_-164.754410i,-16.709240_-172.964188i,0,1,0,0.00
1386921469,0,0,0,14,-7.957750,0.000000,-2.094395,29.329456,0.096605,-100.229515,55.243027_-164.754410i,-16.709240_-172.964188i,0,1,0,0.00
1386921469,0,0,0,14,-7.957750,0.000000,-2.094395,29.329456,0.096605,-100.088181,55.243027_-164.754410i,-16.709240_-172.964188i,0,1,0,0.00
1386921469,0,0,0,14,-7.957750,0.000000,-2.094395,29.329456,0.096605,-100.016594,55.243027_-164.754410i,-16.709240_-172.964188i,0,1,0,0.00
1386921470,0,0,0,14,-7.957750,0.000000,-2.094395,29.329456,0.096605,-100.006142,55.243027_-164.754410i,-16.709240_-172.964188i,0,1,0,0.00
1386921470,0,0,0,14,-7.957750,0.000000,-2.094395,29.329456,0.096605,-100.095772,55.243027_-164.754410i,-16.709240_-172.964188i,0,1,0,0.00
1386921470,0,0,0,14,-7.957750,0.000000,-2.094395,29.329456,0.096605,-100.323311,55.243027_-164.754410i,-16.709240_-172.964188i,0,1,0,0.00
1386921470,0,0,0,14,-7.957750,0.000000,-2.094395,29.329456,0.096605,-100.651703,55.243027_-164.754410i,-16.709240_-172.964188i,0,1,0,0.00
1386921471,0,0,0,0,-7.957750,0.000000,-2.094395,29.329456,0.096605,-100.651703,55.243027_-164.754410i,-16.709240_-172.964188i,0,1,0,0.00
1386921471,0,0,0,0,-7.957750,0.000000,-2.094395,29.329456,0.096605,-100.651703,55.243027_-164.754410i,-16.709240_-172.964188i,0,1,0,0.00
1386921471,0,0,0,0,-7.957750,0.000000,-2.094395,29.329456,0.096605,-100.651703,55.243027_-164.754410i,-16.709240_-172.964188i,0,1,0,0.00
1386921471,0,0,0,0,-7.957750,0.000000,-2.094395,29.329456,0.096605,-100.651703,55.243027_-164.754410i,-16.709240_-172.964188i,0,1,0,0.00
1386921472,0,0,0,0,-7.957750,0.000000,-2.094395,29.329456,0.096605,-100.651703,55.243027_-164.754410i,-16.709240_-172.964188i,0,1,0,0.00
1386921472,0,0,0,0,-7.957750,0.000000,-2.094395,29.329456,0.096605,-100.651703,55.243027_-164.754410i,-16.709240_-172.964188i,0,1,0,0.00
1386921472,0,0,0,0,-7.957750,0.000000,-2.094395,29.329456,0.096605,-100.651703,55.243027_-164.754410i,-16.709240_-172.964188i,0,1,0,0.00
1386921472,0,0,0,0,-7.957750,0.000000,-2.094395,29.329456,0.096605,-100.651703,55.243027_-164.754410i,-16.709240_-172.964188i,0,1,0,0.00
1386921473,0,0,0,0,-7.957750,0.000000,-2.094395,29.329456,0.096605,-100.651703,55.243027_-164.754410i,-16.709240_-172.964188i,0,1,0,0.00
1386921473,0,0,0,0,-7.957750,0.000000,-2.094395,29.329456,0.096605,-100.651703,55.243027_-164.754410i,-16.709240_-172.964188i,0,1,0,0.00
1386921473,0,0,0,0,-7.957750,0.000000,-2.094395,29.329456,0.096605,-100.651703,55.243027_-164.754410i,-16.709240_-172.964188i,0,1,0,0.00
1386921473,0,0,0,0,-7.957750,0.000000,-2.094395,29.329456,0.096605,-100.651703,55.243027_-164.754410i,-16.709240_-172.964188i,0,1,0,0.00
1386921474,0,0,0,0,-7.957750,0.000000,-2.094395,29.329456,0.096605,-100.651703,55.243027_-164.754410i,-16.709240_-172.964188i,0,1,0,0.00
1386921474,0,0,0,0,-7.957750,0.000000,-2.094395,29.329456,0.096605,-100.651703,55.243027_-164.754410i,-16.709240_-172.964188i,0,1,0,0.00
1386921474,0,0,0,0,-7.957750,0.000000,-2.094395,29.329456,0.096605,-100.651703,55.243027_-164.754410i,-16.709240_-172.964188i,0,1,0,0.00
1386921474,0,0,0,0,-7.957750,0.000000,-2.094395,29.329456,0.096605,-100.651703,55.243027_-164.754410i,-16.709240_-172.964188i,0,1,0,0.00
1386921475,0,0,0,0,-7.957750,0.000000,-2.094395,29.329456,0.096605,-100.651703,55.243027_-164.754410i,-16.709240_-172.964188i,0,1,0,0.00
1386921475,0,0,0,0,-7.957750,0.000000,-2.094395,29.329456,0.096605,-100.651703,55.243027_-164.754410i,-16.709240_-172.964188i,0,1,0,0.00
1386921475,0,0,0,0,-7.957750,0.000000,-2.094395,29.329456,0.096605,-100.651703,55.243027_-164.754410i,-16.709240_-172.964188i,0,1,0,0.00
1386921475,0,0,0,0,-7.957750,0.000000,-2.094395,29.329456,0.096605,-100.651703,55.243027_-164.754410i,-16.709240_-172.964188i,0,1,0,0.00
1386921476,0,0,0,0,-7.957750,0.000000,-2.094395,29.329456,0.096605,-100.651703,55.243027_-164.754410i,-16.709240_-172.964188i,0,1,0,0.00
1386921476,0,0,0,0,-7.957750,0.000000,-2.094395,29.329456,0.096605,-100.651703,55.243027_-164.754410i,-16.709240_-172.964188i,0,1,0,0.00
1386921476,0,0,0,0,-7.957750,0.000000,-2.094395,29.329456,0.096605,-100.651703,55.243027_-164.754410i,-16.709240_-172.964188i,0,1,0,0.00
1386921476,0,0,0,0,-7.957750,0.000000,-2.094395,29.329456,0.096605,-100.651703,55.243027_-164.754410i,-16.709240_-172.964188i,0,1,0,0.00
1386921477,0,0,0,0,-7.957750,0.000000,-2.094395,29.329456,0.096605,-100.651703,55.243027_-164.754410i,-16.709240_-172.964188i,0,1,0,0.00
1386921477,0,0,0,0,-7.957750,0.000000,-2.094395,29.329456,0.096605,-100.651703,55.243027_-164.754410i,-16.709240_-172.964188i,0,1,0,0.00
1386921477,0,0,0,0,-7.957750,0.000000,-2.094395,29.329456,0.096605,-100.651703,55.243027_-164.754410i,-16.709240_-172.964188i,0,1,0,0.00
1386921477,0,0,0,0,-7.957750,0.000000,-2.094395,29.329456,0.096605,-100.651703,55.243027_-164.754410i,-16.709240_-172.964188i,0,1,0,0.00
1386921478,0,0,0,0,-7.957750,0.000000,-2.094395,29.329456,0.096605,-100.651703,55.243027_-164.754410i,-16.709240_-172.964188i,0,1,0,0.00
1386921478,0,0,0,0,-7.957750,0.000000,-2.094395,29.329456,0.096605,-100.651703,55.243027_-164.754410i,-16.709240_-172.964188i,0,1,0,0.00
1386921478,0,0,0,0,-7.957750,0.000000,-2.094395,29.329456,0.096605,-100.651703,55.243027_-164.754410i,-16.709240_-172.964188i,0,1,0,0.00
1386921478,0,0,0,0,-7.957750,0.000000,-2.094395,29.329456,0.096605,-100.651703,55.243027_-164.754410i,-16.709240_-172.964188i,0,1,0,0.00
1386921479,0,0,0,0,-7.957750,0.000000,-2.094395,29.329456,0.096605,-100.651703,55.243027_-164.754410i,-16.709240_-172.964188i,0,1,0,0.00
1386921479,0,0,0,0,-7.957750,0.000000,-2.094395,29.329456,0.096605,-100.651703,55.243027_-164.754410i,-16.709240_-172.964188i,0,1,0,0.00
1386921479,0,0,0,0,-7.957750,0.000000,-2.094395,29.329456,0.096605,-100.651703,55.243027_-164.754410i,-16.709240_-172.964188i,0,1,0,0.00
1386921479,0,0,0,0,-7.957750,0.000000,-2.094395,29.329456,0.096605,-100.651703,55.243027_-164.754410i,-16.709240_-172.964188i,0,1,0,0.00
1386921480,0,0,0,0,-7.957750,0.000000,-2.094395,29.329456,0.096605,-100.651703,55.243027_-164.754410i,-16.709240_-172.964188i,0,1,0,0.00
1386921480,0,0,0,0,-7.957750,0.000000,-2.094395,29.329456,0.096605,-100.651703,55.243027_-164.754410i,-16.709240_-172.964188i,0,1,0,0.00
1386921480,0,0,0,0,-7.957750,0.000000,-2.094395,29.329456,0.096605,-100.651703,55.243027_-164.754410i,-16.709240_-172.964188i,0,1,0,0.00
1386921480,0,0,0,0,-7.957750,0.000000,-2.094395,29.329456,0.096605,-100.651703,55.243027_-164.754410i,-16.709240_-172.964188i,0,1,0,0.00
1386921481,0,0,0,0,-7.957750,0.000000,-2.094395,29.329456,0.096605,-100.651703,55.243027_-164.754410i,-16.709240_-172.964188i,0,1,0,0.00
1386921481,0,0,0,0,-7.957750,0.000000,-2.094395,29.329456,0.096605,-100.651703,55.243027_-164.754410i,-16.709240_-172.964188i,0,1,0,0.00
1386921481,0,0,0,0,-7.957750,0.000000,-2.094395,29.329456,0.096605,-100.651703,55.243027_-164.754410i,-16.709240_-172.964188i,0,1,0,0.00
1386921481,0,0,0,0,-7.957750,0.000000,-2.094395,29.329456,0.096605,-100.651703,55.243027_-164.754410i,-16.709240_-172.964188i,0,1,0,0.00
1386921482,0,0,0,0,-7.957750,0.000000,-2.094395,29.329456,0.096605,-100.651703,55.243027_-164.754410i,-16.709240_-172.964188i,0,1,0,0.00
