MCU_timestamp,sig1,sig2,sig3,fa_debug,theta_d1,theta_d,theta_d1_b,theta_b,a_x,b_x,X_b,X_T_b,sail_hc_periods,sail_hc_direction,sail_hc_val,sail_hc_MEAN_V,act_history,jibe_status
1390095981,0,0,0,0,0.000000,0.000000,0.000000,0.000000,0.000000,0.000000,0.000000_0.000000i,0.000000_0.000000i,0,1,0,0.00,0.30,1
1390095981,0,0,0,0,0.000000,0.000000,0.000000,0.000000,0.000000,0.000000,0.000000_0.000000i,0.000000_0.000000i,0,1,0,0.00,0.30,1
1390095981,0,0,0,0,0.000000,0.000000,0.000000,0.000000,0.000000,0.000000,0.000000_0.000000i,0.000000_0.000000i,0,1,0,0.00,0.30,1
1390095982,0,0,0,0,0.000000,0.000000,0.000000,0.000000,0.000000,0.000000,0.000000_0.000000i,0.000000_0.000000i,0,1,0,0.00,0.30,1
1390095982,0,0,0,0,0.000000,0.000000,0.000000,0.000000,0.000000,0.000000,0.000000_0.000000i,0.000000_0.000000i,0,1,0,0.00,0.30,1
1390095982,0,0,0,0,0.000000,0.000000,0.000000,0.000000,0.000000,0.000000,0.000000_0.000000i,0.000000_0.000000i,0,1,0,0.00,0.30,1
1390095982,0,0,0,0,0.000000,0.000000,0.000000,0.000000,0.000000,0.000000,0.000000_0.000000i,0.000000_0.000000i,0,1,0,0.00,0.30,1
1390095983,0,0,0,0,0.000000,0.000000,0.000000,0.000000,0.000000,0.000000,0.000000_0.000000i,0.000000_0.000000i,0,1,0,0.00,0.30,1
1390095983,0,0,0,0,0.000000,0.000000,0.000000,0.000000,0.000000,0.000000,0.000000_0.000000i,0.000000_0.000000i,0,1,0,0.00,0.30,1
1390095983,0,0,0,0,0.000000,0.000000,0.000000,0.000000,0.000000,0.000000,0.000000_0.000000i,0.000000_0.000000i,0,1,0,0.00,0.30,1
1390095983,0,0,0,0,0.000000,0.000000,0.000000,0.000000,0.000000,0.000000,0.000000_0.000000i,0.000000_0.000000i,0,1,0,0.00,0.30,1
1390095984,0,0,0,0,0.000000,0.000000,0.000000,0.000000,0.000000,0.000000,0.000000_0.000000i,0.000000_0.000000i,0,1,0,0.00,0.30,1
1390095984,0,0,0,0,0.000000,0.000000,0.000000,0.000000,0.000000,0.000000,0.000000_0.000000i,0.000000_0.000000i,0,1,0,0.00,0.30,1
1390095984,0,0,0,0,0.000000,0.000000,0.000000,0.000000,0.000000,0.000000,0.000000_0.000000i,0.000000_0.000000i,0,1,0,0.00,0.30,1
1390095984,0,0,0,0,0.000000,0.000000,0.000000,0.000000,0.000000,0.000000,0.000000_0.000000i,0.000000_0.000000i,0,1,0,0.00,0.30,1
1390095985,0,0,0,0,0.000000,0.000000,0.000000,0.000000,0.000000,0.000000,0.000000_0.000000i,0.000000_0.000000i,0,1,0,0.00,0.30,1
1390095985,0,0,0,0,0.000000,0.000000,0.000000,0.000000,0.000000,0.000000,0.000000_0.000000i,0.000000_0.000000i,0,1,0,0.00,0.30,1
1390095985,0,0,0,0,0.000000,0.000000,0.000000,0.000000,0.000000,0.000000,0.000000_0.000000i,0.000000_0.000000i,0,1,0,0.00,0.30,1
1390095985,0,0,0,0,0.000000,0.000000,0.000000,0.000000,0.000000,0.000000,0.000000_0.000000i,0.000000_0.000000i,0,1,0,0.00,0.30,1
1390095986,0,0,0,0,0.000000,0.000000,0.000000,0.000000,0.000000,0.000000,0.000000_0.000000i,0.000000_0.000000i,0,1,0,0.00,0.30,1
1390095986,0,0,0,0,0.000000,0.000000,0.000000,0.000000,0.000000,0.000000,0.000000_0.000000i,0.000000_0.000000i,0,1,0,0.00,0.30,1
1390095986,0,0,0,0,0.000000,0.000000,0.000000,0.000000,0.000000,0.000000,0.000000_0.000000i,0.000000_0.000000i,0,1,0,0.00,0.30,1
1390095986,0,0,0,0,0.000000,0.000000,0.000000,0.000000,0.000000,0.000000,0.000000_0.000000i,0.000000_0.000000i,0,1,0,0.00,0.30,1
1390095987,0,0,0,0,0.000000,0.000000,0.000000,0.000000,0.000000,0.000000,0.000000_0.000000i,0.000000_0.000000i,0,1,0,0.00,0.30,1
1390095987,0,0,0,0,0.000000,0.000000,0.000000,0.000000,0.000000,0.000000,0.000000_0.000000i,0.000000_0.000000i,0,1,0,0.00,0.30,1
1390095987,0,0,0,0,0.000000,0.000000,0.000000,0.000000,0.000000,0.000000,0.000000_0.000000i,0.000000_0.000000i,0,1,0,0.00,0.30,1
1390095987,0,0,0,0,0.000000,0.000000,0.000000,0.000000,0.000000,0.000000,0.000000_0.000000i,0.000000_0.000000i,0,1,0,0.00,0.30,1
1390095988,0,0,0,0,0.000000,0.000000,0.000000,0.000000,0.000000,0.000000,0.000000_0.000000i,0.000000_0.000000i,0,1,0,0.00,0.30,1
1390095988,0,0,0,0,0.000000,0.000000,0.000000,0.000000,0.000000,0.000000,0.000000_0.000000i,0.000000_0.000000i,0,1,0,0.00,0.30,1
1390095988,0,0,0,0,0.000000,0.000000,0.000000,0.000000,0.000000,0.000000,0.000000_0.000000i,0.000000_0.000000i,0,1,0,0.00,0.30,1
1390095988,0,0,0,0,0.000000,0.000000,0.000000,0.000000,0.000000,0.000000,0.000000_0.000000i,0.000000_0.000000i,0,1,0,0.00,0.30,1
1390095989,0,0,0,0,0.000000,0.000000,0.000000,0.000000,0.000000,0.000000,0.000000_0.000000i,0.000000_0.000000i,0,1,0,0.00,0.30,1
1390095989,0,0,0,0,0.000000,0.000000,0.000000,0.000000,0.000000,0.000000,0.000000_0.000000i,0.000000_0.000000i,0,1,0,0.00,0.30,1
1390095989,0,0,0,0,0.000000,0.000000,0.000000,0.000000,0.000000,0.000000,0.000000_0.000000i,0.000000_0.000000i,0,1,0,0.00,0.30,1
1390095989,0,0,0,0,0.000000,0.000000,0.000000,0.000000,0.000000,0.000000,0.000000_0.000000i,0.000000_0.000000i,0,1,0,0.00,0.30,1
1390095990,0,0,0,0,0.000000,0.000000,0.000000,0.000000,0.000000,0.000000,0.000000_0.000000i,0.000000_0.000000i,0,1,0,0.00,0.30,1
1390095990,0,0,0,0,0.000000,0.000000,0.000000,0.000000,0.000000,0.000000,0.000000_0.000000i,0.000000_0.000000i,0,1,0,0.00,0.30,1
1390095990,0,0,0,0,0.000000,0.000000,0.000000,0.000000,0.000000,0.000000,0.000000_0.000000i,0.000000_0.000000i,0,1,0,0.00,0.30,1
1390095990,0,0,0,0,0.000000,0.000000,0.000000,0.000000,0.000000,0.000000,0.000000_0.000000i,0.000000_0.000000i,0,1,0,0.00,0.30,1
1390095991,0,0,0,0,0.000000,0.000000,0.000000,0.000000,0.000000,0.000000,0.000000_0.000000i,0.000000_0.000000i,0,1,0,0.00,0.30,1
1390095991,0,0,0,0,0.000000,0.000000,0.000000,0.000000,0.000000,0.000000,0.000000_0.000000i,0.000000_0.000000i,0,1,0,0.00,0.30,1
1390095991,0,0,0,0,0.000000,0.000000,0.000000,0.000000,0.000000,0.000000,0.000000_0.000000i,0.000000_0.000000i,0,1,0,0.00,0.30,1
1390095991,0,0,0,0,0.000000,0.000000,0.000000,0.000000,0.000000,0.000000,0.000000_0.000000i,0.000000_0.000000i,0,1,0,0.00,0.30,1
1390095992,0,0,0,0,0.000000,0.000000,0.000000,0.000000,0.000000,0.000000,0.000000_0.000000i,0.000000_0.000000i,0,1,0,0.00,0.30,1
1390095992,0,0,0,0,0.000000,0.000000,0.000000,0.000000,0.000000,0.000000,0.000000_0.000000i,0.000000_0.000000i,0,1,0,0.00,0.30,1
1390095992,0,0,0,0,0.000000,0.000000,0.000000,0.000000,0.000000,0.000000,0.000000_0.000000i,0.000000_0.000000i,0,1,0,0.00,0.30,1
1390095992,0,0,0,0,0.000000,0.000000,0.000000,0.000000,0.000000,0.000000,0.000000_0.000000i,0.000000_0.000000i,0,1,0,0.00,0.30,1
1390095993,0,0,0,0,0.000000,0.000000,0.000000,0.000000,0.000000,0.000000,0.000000_0.000000i,0.000000_0.000000i,0,1,0,0.00,0.30,1
1390095993,0,0,0,0,0.000000,0.000000,0.000000,0.000000,0.000000,0.000000,0.000000_0.000000i,0.000000_0.000000i,0,1,0,0.00,0.30,1
1390095993,0,0,0,0,0.000000,0.000000,0.000000,0.000000,0.000000,0.000000,0.000000_0.000000i,0.000000_0.000000i,0,1,0,0.00,0.30,1
1390095993,0,0,0,0,0.000000,0.000000,0.000000,0.000000,0.000000,0.000000,0.000000_0.000000i,0.000000_0.000000i,0,1,0,0.00,0.30,1
1390095994,0,0,0,0,0.000000,0.000000,0.000000,0.000000,0.000000,0.000000,0.000000_0.000000i,0.000000_0.000000i,0,1,0,0.00,0.30,1
1390095994,0,0,0,0,0.000000,0.000000,0.000000,0.000000,0.000000,0.000000,0.000000_0.000000i,0.000000_0.000000i,0,1,0,0.00,0.30,1
1390095994,0,0,0,0,0.000000,0.000000,0.000000,0.000000,0.000000,0.000000,0.000000_0.000000i,0.000000_0.000000i,0,1,0,0.00,0.30,1
1390095994,0,0,0,0,0.000000,0.000000,0.000000,0.000000,0.000000,0.000000,0.000000_0.000000i,0.000000_0.000000i,0,1,0,0.00,0.30,1
1390095995,0,0,0,0,0.000000,0.000000,0.000000,0.000000,0.000000,0.000000,0.000000_0.000000i,0.000000_0.000000i,0,1,0,0.00,0.30,1
1390095995,0,0,0,0,0.000000,0.000000,0.000000,0.000000,0.000000,0.000000,0.000000_0.000000i,0.000000_0.000000i,0,1,0,0.00,0.30,1
1390095995,0,0,0,0,0.000000,0.000000,0.000000,0.000000,0.000000,0.000000,0.000000_0.000000i,0.000000_0.000000i,0,1,0,0.00,0.30,1
1390095995,0,0,0,0,0.000000,0.000000,0.000000,0.000000,0.000000,0.000000,0.000000_0.000000i,0.000000_0.000000i,0,1,0,0.00,0.30,1
1390095996,0,0,0,0,0.000000,0.000000,0.000000,0.000000,0.000000,0.000000,0.000000_0.000000i,0.000000_0.000000i,0,1,0,0.00,0.30,1
1390095996,0,0,0,0,0.000000,0.000000,0.000000,0.000000,0.000000,0.000000,0.000000_0.000000i,0.000000_0.000000i,0,1,0,0.00,0.30,1
1390095996,0,0,0,0,0.000000,0.000000,0.000000,0.000000,0.000000,0.000000,0.000000_0.000000i,0.000000_0.000000i,0,1,0,0.00,0.30,1
1390095996,0,0,0,0,0.000000,0.000000,0.000000,0.000000,0.000000,0.000000,0.000000_0.000000i,0.000000_0.000000i,0,1,0,0.00,0.30,1
1390095997,0,0,0,0,0.000000,0.000000,0.000000,0.000000,0.000000,0.000000,0.000000_0.000000i,0.000000_0.000000i,0,1,0,0.00,0.30,1
1390095997,0,0,0,0,0.000000,0.000000,0.000000,0.000000,0.000000,0.000000,0.000000_0.000000i,0.000000_0.000000i,0,1,0,0.00,0.30,1
1390095997,0,0,0,0,0.000000,0.000000,0.000000,0.000000,0.000000,0.000000,0.000000_0.000000i,0.000000_0.000000i,0,1,0,0.00,0.30,1
1390095997,0,0,0,0,0.000000,0.000000,0.000000,0.000000,0.000000,0.000000,0.000000_0.000000i,0.000000_0.000000i,0,1,0,0.00,0.30,1
1390095998,0,0,0,0,0.000000,0.000000,0.000000,0.000000,0.000000,0.000000,0.000000_0.000000i,0.000000_0.000000i,0,1,0,0.00,0.30,1
1390095998,0,0,0,0,0.000000,0.000000,0.000000,0.000000,0.000000,0.000000,0.000000_0.000000i,0.000000_0.000000i,0,1,0,0.00,0.30,1
1390095998,0,0,0,0,0.000000,0.000000,0.000000,0.000000,0.000000,0.000000,0.000000_0.000000i,0.000000_0.000000i,0,1,0,0.00,0.30,1
1390095998,0,0,0,0,0.000000,0.000000,0.000000,0.000000,0.000000,0.000000,0.000000_0.000000i,0.000000_0.000000i,0,1,0,0.00,0.30,1
1390095999,0,0,0,0,0.000000,0.000000,0.000000,0.000000,0.000000,0.000000,0.000000_0.000000i,0.000000_0.000000i,0,1,0,0.00,0.30,1
1390095999,0,0,0,0,0.000000,0.000000,0.000000,0.000000,0.000000,0.000000,0.000000_0.000000i,0.000000_0.000000i,0,1,0,0.00,0.30,1
1390095999,0,0,0,0,0.000000,0.000000,0.000000,0.000000,0.000000,0.000000,0.000000_0.000000i,0.000000_0.000000i,0,1,0,0.00,0.30,1
1390095999,0,0,0,0,0.000000,0.000000,0.000000,0.000000,0.000000,0.000000,0.000000_0.000000i,0.000000_0.000000i,0,1,0,0.00,0.30,1
1390096000,0,0,0,0,0.000000,0.000000,0.000000,0.000000,0.000000,0.000000,0.000000_0.000000i,0.000000_0.000000i,0,1,0,0.00,0.30,1
1390096000,0,0,0,0,0.000000,0.000000,0.000000,0.000000,0.000000,0.000000,0.000000_0.000000i,0.000000_0.000000i,0,1,0,0.00,0.30,1
1390096000,0,0,0,0,0.000000,0.000000,0.000000,0.000000,0.000000,0.000000,0.000000_0.000000i,0.000000_0.000000i,0,1,0,0.00,0.30,1
1390096000,0,0,0,0,0.000000,0.000000,0.000000,0.000000,0.000000,0.000000,0.000000_0.000000i,0.000000_0.000000i,0,1,0,0.00,0.30,1
1390096001,0,0,0,0,0.000000,0.000000,0.000000,0.000000,0.000000,0.000000,0.000000_0.000000i,0.000000_0.000000i,0,1,0,0.00,0.30,1
1390096001,0,0,0,0,0.000000,0.000000,0.000000,0.000000,0.000000,0.000000,0.000000_0.000000i,0.000000_0.000000i,0,1,0,0.00,0.30,1
1390096001,0,0,0,0,0.000000,0.000000,0.000000,0.000000,0.000000,0.000000,0.000000_0.000000i,0.000000_0.000000i,0,1,0,0.00,0.30,1
1390096001,0,0,0,0,0.000000,0.000000,0.000000,0.000000,0.000000,0.000000,0.000000_0.000000i,0.000000_0.000000i,0,1,0,0.00,0.30,1
1390096002,0,0,0,0,0.000000,0.000000,0.000000,0.000000,0.000000,0.000000,0.000000_0.000000i,0.000000_0.000000i,0,1,0,0.00,0.30,1
1390096002,0,0,0,0,0.000000,0.000000,0.000000,0.000000,0.000000,0.000000,0.000000_0.000000i,0.000000_0.000000i,0,1,0,0.00,0.30,1
1390096002,0,0,0,0,0.000000,0.000000,0.000000,0.000000,0.000000,0.000000,0.000000_0.000000i,0.000000_0.000000i,0,1,0,0.00,0.30,1
1390096003,0,0,0,0,0.000000,0.000000,0.000000,0.000000,0.000000,0.000000,0.000000_0.000000i,0.000000_0.000000i,0,1,0,0.00,0.30,1
1390096003,0,0,0,0,0.000000,0.000000,0.000000,0.000000,0.000000,0.000000,0.000000_0.000000i,0.000000_0.000000i,0,1,0,0.00,0.30,1
1390096003,0,0,0,0,0.000000,0.000000,0.000000,0.000000,0.000000,0.000000,0.000000_0.000000i,0.000000_0.000000i,0,1,0,0.00,0.30,1
1390096003,0,0,0,0,0.000000,0.000000,0.000000,0.000000,0.000000,0.000000,0.000000_0.000000i,0.000000_0.000000i,0,1,0,0.00,0.30,1
1390096004,0,0,0,0,0.000000,0.000000,0.000000,0.000000,0.000000,0.000000,0.000000_0.000000i,0.000000_0.000000i,0,1,0,0.00,0.30,1
1390096004,0,0,0,0,0.000000,0.000000,0.000000,0.000000,0.000000,0.000000,0.000000_0.000000i,0.000000_0.000000i,0,1,0,0.00,0.30,1
1390096004,0,0,0,0,0.000000,0.000000,0.000000,0.000000,0.000000,0.000000,0.000000_0.000000i,0.000000_0.000000i,0,1,0,0.00,0.30,1
1390096004,0,0,0,0,0.000000,0.000000,0.000000,0.000000,0.000000,0.000000,0.000000_0.000000i,0.000000_0.000000i,0,1,0,0.00,0.30,1
1390096005,0,0,0,0,0.000000,0.000000,0.000000,0.000000,0.000000,0.000000,0.000000_0.000000i,0.000000_0.000000i,0,1,0,0.00,0.30,1
1390096005,0,0,0,0,0.000000,0.000000,0.000000,0.000000,0.000000,0.000000,0.000000_0.000000i,0.000000_0.000000i,0,1,0,0.00,0.30,1
1390096005,0,0,0,0,0.000000,0.000000,0.000000,0.000000,0.000000,0.000000,0.000000_0.000000i,0.000000_0.000000i,0,1,0,0.00,0.30,1
1390096005,0,0,0,0,0.000000,0.000000,0.000000,0.000000,0.000000,0.000000,0.000000_0.000000i,0.000000_0.000000i,0,1,0,0.00,0.30,1
1390096006,0,0,0,0,0.000000,0.000000,0.000000,0.000000,0.000000,0.000000,0.000000_0.000000i,0.000000_0.000000i,0,1,0,0.00,0.30,1
1390096006,0,0,0,0,0.000000,0.000000,0.000000,0.000000,0.000000,0.000000,0.000000_0.000000i,0.000000_0.000000i,0,1,0,0.00,0.30,1
1390096006,0,0,0,0,0.000000,0.000000,0.000000,0.000000,0.000000,0.000000,0.000000_0.000000i,0.000000_0.000000i,0,1,0,0.00,0.30,1
1390096006,0,0,0,0,0.000000,0.000000,0.000000,0.000000,0.000000,0.000000,0.000000_0.000000i,0.000000_0.000000i,0,1,0,0.00,0.30,1
1390096007,0,0,0,0,0.000000,0.000000,0.000000,0.000000,0.000000,0.000000,0.000000_0.000000i,0.000000_0.000000i,0,1,0,0.00,0.30,1
1390096007,0,0,0,0,0.000000,0.000000,0.000000,0.000000,0.000000,0.000000,0.000000_0.000000i,0.000000_0.000000i,0,1,0,0.00,0.30,1
1390096007,0,0,0,0,0.000000,0.000000,0.000000,0.000000,0.000000,0.000000,0.000000_0.000000i,0.000000_0.000000i,0,1,0,0.00,0.30,1
1390096007,0,0,0,0,0.000000,0.000000,0.000000,0.000000,0.000000,0.000000,0.000000_0.000000i,0.000000_0.000000i,0,1,0,0.00,0.30,1
1390096008,0,0,0,0,0.000000,0.000000,0.000000,0.000000,0.000000,0.000000,0.000000_0.000000i,0.000000_0.000000i,0,1,0,0.00,0.30,1
1390096008,0,0,0,0,0.000000,0.000000,0.000000,0.000000,0.000000,0.000000,0.000000_0.000000i,0.000000_0.000000i,0,1,0,0.00,0.30,1
1390096008,0,0,0,0,0.000000,0.000000,0.000000,0.000000,0.000000,0.000000,0.000000_0.000000i,0.000000_0.000000i,0,1,0,0.00,0.30,1
1390096008,0,0,0,0,0.000000,0.000000,0.000000,0.000000,0.000000,0.000000,0.000000_0.000000i,0.000000_0.000000i,0,1,0,0.00,0.30,1
1390096009,0,0,0,0,0.000000,0.000000,0.000000,0.000000,0.000000,0.000000,0.000000_0.000000i,0.000000_0.000000i,0,1,0,0.00,0.30,1
1390096009,0,0,0,0,0.000000,0.000000,0.000000,0.000000,0.000000,0.000000,0.000000_0.000000i,0.000000_0.000000i,0,1,0,0.00,0.30,1
1390096009,0,0,0,0,0.000000,0.000000,0.000000,0.000000,0.000000,0.000000,0.000000_0.000000i,0.000000_0.000000i,0,1,0,0.00,0.30,1
1390096009,0,0,0,0,0.000000,0.000000,0.000000,0.000000,0.000000,0.000000,0.000000_0.000000i,0.000000_0.000000i,0,1,0,0.00,0.30,1
1390096010,0,0,0,0,0.000000,0.000000,0.000000,0.000000,0.000000,0.000000,0.000000_0.000000i,0.000000_0.000000i,0,1,0,0.00,0.30,1
1390096010,0,0,0,0,0.000000,0.000000,0.000000,0.000000,0.000000,0.000000,0.000000_0.000000i,0.000000_0.000000i,0,1,0,0.00,0.30,1
1390096010,0,0,0,0,0.000000,0.000000,0.000000,0.000000,0.000000,0.000000,0.000000_0.000000i,0.000000_0.000000i,0,1,0,0.00,0.30,1
1390096010,0,0,0,0,0.000000,0.000000,0.000000,0.000000,0.000000,0.000000,0.000000_0.000000i,0.000000_0.000000i,0,1,0,0.00,0.30,1
1390096011,0,0,0,0,0.000000,0.000000,0.000000,0.000000,0.000000,0.000000,0.000000_0.000000i,0.000000_0.000000i,0,1,0,0.00,0.30,1
1390096011,0,0,0,0,0.000000,0.000000,0.000000,0.000000,0.000000,0.000000,0.000000_0.000000i,0.000000_0.000000i,0,1,0,0.00,0.30,1
1390096011,0,0,0,0,0.000000,0.000000,0.000000,0.000000,0.000000,0.000000,0.000000_0.000000i,0.000000_0.000000i,0,1,0,0.00,0.30,1
1390096011,0,0,0,0,0.000000,0.000000,0.000000,0.000000,0.000000,0.000000,0.000000_0.000000i,0.000000_0.000000i,0,1,0,0.00,0.30,1
1390096012,0,0,0,0,0.000000,0.000000,0.000000,0.000000,0.000000,0.000000,0.000000_0.000000i,0.000000_0.000000i,0,1,0,0.00,0.30,1
1390096012,0,0,0,0,0.000000,0.000000,0.000000,0.000000,0.000000,0.000000,0.000000_0.000000i,0.000000_0.000000i,0,1,0,0.00,0.30,1
1390096012,0,0,0,0,0.000000,0.000000,0.000000,0.000000,0.000000,0.000000,0.000000_0.000000i,0.000000_0.000000i,0,1,0,0.00,0.30,1
1390096012,0,0,0,0,0.000000,0.000000,0.000000,0.000000,0.000000,0.000000,0.000000_0.000000i,0.000000_0.000000i,0,1,0,0.00,0.30,1
1390096013,0,0,0,0,0.000000,0.000000,0.000000,0.000000,0.000000,0.000000,0.000000_0.000000i,0.000000_0.000000i,0,1,0,0.00,0.30,1
1390096013,0,0,0,0,0.000000,0.000000,0.000000,0.000000,0.000000,0.000000,0.000000_0.000000i,0.000000_0.000000i,0,1,0,0.00,0.30,1
1390096013,0,0,0,0,0.000000,0.000000,0.000000,0.000000,0.000000,0.000000,0.000000_0.000000i,0.000000_0.000000i,0,1,0,0.00,0.30,1
1390096013,0,0,0,0,0.000000,0.000000,0.000000,0.000000,0.000000,0.000000,0.000000_0.000000i,0.000000_0.000000i,0,1,0,0.00,0.30,1
1390096014,0,0,0,0,0.000000,0.000000,0.000000,0.000000,0.000000,0.000000,0.000000_0.000000i,0.000000_0.000000i,0,1,0,0.00,0.30,1
1390096014,0,0,0,0,0.000000,0.000000,0.000000,0.000000,0.000000,0.000000,0.000000_0.000000i,0.000000_0.000000i,0,1,0,0.00,0.30,1
1390096014,0,0,0,0,0.000000,0.000000,0.000000,0.000000,0.000000,0.000000,0.000000_0.000000i,0.000000_0.000000i,0,1,0,0.00,0.30,1
1390096014,0,0,0,0,0.000000,0.000000,0.000000,0.000000,0.000000,0.000000,0.000000_0.000000i,0.000000_0.000000i,0,1,0,0.00,0.30,1
1390096015,0,0,0,0,0.000000,0.000000,0.000000,0.000000,0.000000,0.000000,0.000000_0.000000i,0.000000_0.000000i,0,1,0,0.00,0.30,1
1390096015,0,0,0,0,0.000000,0.000000,0.000000,0.000000,0.000000,0.000000,0.000000_0.000000i,0.000000_0.000000i,0,1,0,0.00,0.30,1
1390096015,0,0,0,0,0.000000,0.000000,0.000000,0.000000,0.000000,0.000000,0.000000_0.000000i,0.000000_0.000000i,0,1,0,0.00,0.30,1
1390096015,0,0,0,0,0.000000,0.000000,0.000000,0.000000,0.000000,0.000000,0.000000_0.000000i,0.000000_0.000000i,0,1,0,0.00,0.30,1
1390096016,0,0,0,0,0.000000,0.000000,0.000000,0.000000,0.000000,0.000000,0.000000_0.000000i,0.000000_0.000000i,0,1,0,0.00,0.30,1
1390096016,0,0,0,0,0.000000,0.000000,0.000000,0.000000,0.000000,0.000000,0.000000_0.000000i,0.000000_0.000000i,0,1,0,0.00,0.30,1
1390096016,0,0,0,0,0.000000,0.000000,0.000000,0.000000,0.000000,0.000000,0.000000_0.000000i,0.000000_0.000000i,0,1,0,0.00,0.30,1
1390096016,0,0,0,0,0.000000,0.000000,0.000000,0.000000,0.000000,0.000000,0.000000_0.000000i,0.000000_0.000000i,0,1,0,0.00,0.30,1
1390096017,0,0,0,0,0.000000,0.000000,0.000000,0.000000,0.000000,0.000000,0.000000_0.000000i,0.000000_0.000000i,0,1,0,0.00,0.30,1
1390096017,0,0,0,0,0.000000,0.000000,0.000000,0.000000,0.000000,0.000000,0.000000_0.000000i,0.000000_0.000000i,0,1,0,0.00,0.30,1
1390096017,0,0,0,0,0.000000,0.000000,0.000000,0.000000,0.000000,0.000000,0.000000_0.000000i,0.000000_0.000000i,0,1,0,0.00,0.30,1
1390096017,0,0,0,0,0.000000,0.000000,0.000000,0.000000,0.000000,0.000000,0.000000_0.000000i,0.000000_0.000000i,0,1,0,0.00,0.30,1
1390096018,0,0,0,0,0.000000,0.000000,0.000000,0.000000,0.000000,0.000000,0.000000_0.000000i,0.000000_0.000000i,0,1,0,0.00,0.30,1
1390096018,0,0,0,0,0.000000,0.000000,0.000000,0.000000,0.000000,0.000000,0.000000_0.000000i,0.000000_0.000000i,0,1,0,0.00,0.30,1
1390096018,0,0,0,0,0.000000,0.000000,0.000000,0.000000,0.000000,0.000000,0.000000_0.000000i,0.000000_0.000000i,0,1,0,0.00,0.30,1
1390096018,0,0,0,0,0.000000,0.000000,0.000000,0.000000,0.000000,0.000000,0.000000_0.000000i,0.000000_0.000000i,0,1,0,0.00,0.30,1
1390096019,0,0,0,0,0.000000,0.000000,0.000000,0.000000,0.000000,0.000000,0.000000_0.000000i,0.000000_0.000000i,0,1,0,0.00,0.30,1
1390096019,0,0,0,0,0.000000,0.000000,0.000000,0.000000,0.000000,0.000000,0.000000_0.000000i,0.000000_0.000000i,0,1,0,0.00,0.30,1
1390096019,0,0,0,0,0.000000,0.000000,0.000000,0.000000,0.000000,0.000000,0.000000_0.000000i,0.000000_0.000000i,0,1,0,0.00,0.30,1
1390096019,0,0,0,0,0.000000,0.000000,0.000000,0.000000,0.000000,0.000000,0.000000_0.000000i,0.000000_0.000000i,0,1,0,0.00,0.30,1
1390096020,0,0,0,0,0.000000,0.000000,0.000000,0.000000,0.000000,0.000000,0.000000_0.000000i,0.000000_0.000000i,0,1,0,0.00,0.30,1
1390096020,0,0,0,0,0.000000,0.000000,0.000000,0.000000,0.000000,0.000000,0.000000_0.000000i,0.000000_0.000000i,0,1,0,0.00,0.30,1
1390096020,0,0,0,0,0.000000,0.000000,0.000000,0.000000,0.000000,0.000000,0.000000_0.000000i,0.000000_0.000000i,0,1,0,0.00,0.30,1
1390096020,0,0,0,0,0.000000,0.000000,0.000000,0.000000,0.000000,0.000000,0.000000_0.000000i,0.000000_0.000000i,0,1,0,0.00,0.30,1
1390096021,0,0,0,0,0.000000,0.000000,0.000000,0.000000,0.000000,0.000000,0.000000_0.000000i,0.000000_0.000000i,0,1,0,0.00,0.30,1
1390096021,0,0,0,0,0.000000,0.000000,0.000000,0.000000,0.000000,0.000000,0.000000_0.000000i,0.000000_0.000000i,0,1,0,0.00,0.30,1
1390096021,0,0,0,0,0.000000,0.000000,0.000000,0.000000,0.000000,0.000000,0.000000_0.000000i,0.000000_0.000000i,0,1,0,0.00,0.30,1
1390096021,0,0,0,0,0.000000,0.000000,0.000000,0.000000,0.000000,0.000000,0.000000_0.000000i,0.000000_0.000000i,0,1,0,0.00,0.30,1
1390096022,0,0,0,0,0.000000,0.000000,0.000000,0.000000,0.000000,0.000000,0.000000_0.000000i,0.000000_0.000000i,0,1,0,0.00,0.30,1
1390096022,0,0,0,0,0.000000,0.000000,0.000000,0.000000,0.000000,0.000000,0.000000_0.000000i,0.000000_0.000000i,0,1,0,0.00,0.30,1
1390096022,0,0,0,0,0.000000,0.000000,0.000000,0.000000,0.000000,0.000000,0.000000_0.000000i,0.000000_0.000000i,0,1,0,0.00,0.30,1
1390096022,0,0,0,0,0.000000,0.000000,0.000000,0.000000,0.000000,0.000000,0.000000_0.000000i,0.000000_0.000000i,0,1,0,0.00,0.30,1
1390096023,0,0,0,0,0.000000,0.000000,0.000000,0.000000,0.000000,0.000000,0.000000_0.000000i,0.000000_0.000000i,0,1,0,0.00,0.30,1
1390096023,0,0,0,0,0.000000,0.000000,0.000000,0.000000,0.000000,0.000000,0.000000_0.000000i,0.000000_0.000000i,0,1,0,0.00,0.30,1
1390096023,0,0,0,0,0.000000,0.000000,0.000000,0.000000,0.000000,0.000000,0.000000_0.000000i,0.000000_0.000000i,0,1,0,0.00,0.30,1
1390096023,0,0,0,0,0.000000,0.000000,0.000000,0.000000,0.000000,0.000000,0.000000_0.000000i,0.000000_0.000000i,0,1,0,0.00,0.30,1
1390096024,0,0,0,0,0.000000,0.000000,0.000000,0.000000,0.000000,0.000000,0.000000_0.000000i,0.000000_0.000000i,0,1,0,0.00,0.30,1
1390096024,0,0,0,0,0.000000,0.000000,0.000000,0.000000,0.000000,0.000000,0.000000_0.000000i,0.000000_0.000000i,0,1,0,0.00,0.30,1
1390096024,0,0,0,0,0.000000,0.000000,0.000000,0.000000,0.000000,0.000000,0.000000_0.000000i,0.000000_0.000000i,0,1,0,0.00,0.30,1
1390096024,0,0,0,0,0.000000,0.000000,0.000000,0.000000,0.000000,0.000000,0.000000_0.000000i,0.000000_0.000000i,0,1,0,0.00,0.30,1
1390096025,0,0,0,0,0.000000,0.000000,0.000000,0.000000,0.000000,0.000000,0.000000_0.000000i,0.000000_0.000000i,0,1,0,0.00,0.30,1
1390096025,0,0,0,0,0.000000,0.000000,0.000000,0.000000,0.000000,0.000000,0.000000_0.000000i,0.000000_0.000000i,0,1,0,0.00,0.30,1
1390096025,0,0,0,0,0.000000,0.000000,0.000000,0.000000,0.000000,0.000000,0.000000_0.000000i,0.000000_0.000000i,0,1,0,0.00,0.30,1
1390096025,0,0,0,0,0.000000,0.000000,0.000000,0.000000,0.000000,0.000000,0.000000_0.000000i,0.000000_0.000000i,0,1,0,0.00,0.30,1
1390096026,0,0,0,0,0.000000,0.000000,0.000000,0.000000,0.000000,0.000000,0.000000_0.000000i,0.000000_0.000000i,0,1,0,0.00,0.30,1
1390096026,0,0,0,0,0.000000,0.000000,0.000000,0.000000,0.000000,0.000000,0.000000_0.000000i,0.000000_0.000000i,0,1,0,0.00,0.30,1
