MCU_timestamp,sig1,sig2,sig3,fa_debug,theta_d1,theta_d,theta_d1_b,theta_b,a_x,b_x,X_b,X_T_b,sail_hc_periods,sail_hc_direction,sail_hc_val,sail_hc_MEAN_V
1386870147,1,2,2,7353,-7.956957,0.000000,-2.093602,4.206011,0.576293,-57.708618,-628183.750000_-6078770.000000i,-3051372.750000_-5294826.000000i,0,1,0,0.00
1386870147,2,2,2,7353,-7.956957,0.000000,-2.093602,4.368909,0.576293,-57.708618,-628183.750000_-6078770.000000i,-3051372.750000_-5294826.000000i,0,1,0,0.00
1386870148,2,2,2,7353,-7.956957,0.000000,-2.093602,4.531806,0.576293,-57.708618,-628183.750000_-6078770.000000i,-3051372.750000_-5294826.000000i,0,1,0,0.00
1386870148,2,2,2,7353,-7.956957,0.000000,-2.093602,4.694704,0.576293,-57.708618,-628183.750000_-6078770.000000i,-3051372.750000_-5294826.000000i,0,1,0,0.00
1386870148,2,2,2,7353,-7.956957,0.000000,-2.093602,4.838984,0.576293,-57.708618,-628183.750000_-6078770.000000i,-3051372.750000_-5294826.000000i,0,1,0,0.00
1386870148,2,2,2,7353,-7.956957,0.000000,-2.093602,4.946031,0.576293,-57.708618,-628183.750000_-6078770.000000i,-3051372.750000_-5294826.000000i,0,1,0,0.00
1386870149,2,2,2,7353,-7.956957,0.000000,-2.093602,5.025153,0.576293,-57.708618,-628183.750000_-6078770.000000i,-3051372.750000_-5294826.000000i,0,1,0,0.00
1386870149,2,2,2,7353,-7.956957,0.000000,-2.093602,5.081003,0.576293,-57.708618,-628183.750000_-6078770.000000i,-3051372.750000_-5294826.000000i,0,1,0,0.00
1386870149,2,2,2,7353,-7.956957,0.000000,-2.093602,5.122891,0.576293,-57.708618,-628183.750000_-6078770.000000i,-3051372.750000_-5294826.000000i,0,1,0,0.00
1386870149,2,2,2,7353,-7.956957,0.000000,-2.093602,5.150816,0.576293,-57.708618,-628183.750000_-6078770.000000i,-3051372.750000_-5294826.000000i,0,1,0,0.00
1386870150,2,2,2,7353,-7.956957,0.000000,-2.093602,5.174087,0.576293,-57.708618,-628183.750000_-6078770.000000i,-3051372.750000_-5294826.000000i,0,1,0,0.00
1386870150,2,2,2,7353,-7.956957,0.000000,-2.093602,5.192704,0.576293,-57.708618,-628183.750000_-6078770.000000i,-3051372.750000_-5294826.000000i,0,1,0,0.00
1386870150,2,2,2,7353,-7.956957,0.000000,-2.093602,5.202013,0.576293,-57.708618,-628183.750000_-6078770.000000i,-3051372.750000_-5294826.000000i,0,1,0,0.00
1386870150,2,2,2,7353,-7.956957,0.000000,-2.093602,5.211321,0.576293,-57.708618,-628183.750000_-6078770.000000i,-3051372.750000_-5294826.000000i,0,1,0,0.00
1386870151,2,2,2,7353,-7.956957,0.000000,-2.093602,5.215975,0.576293,-57.708618,-628183.750000_-6078770.000000i,-3051372.750000_-5294826.000000i,0,1,0,0.00
1386870151,2,2,2,7353,-7.956957,0.000000,-2.093602,5.220629,0.576293,-57.708618,-628183.750000_-6078770.000000i,-3051372.750000_-5294826.000000i,0,1,0,0.00
1386870151,2,2,2,7353,-7.956957,0.000000,-2.093602,5.225284,0.576293,-57.708618,-628183.750000_-6078770.000000i,-3051372.750000_-5294826.000000i,0,1,0,0.00
1386870151,2,2,2,7353,-7.956957,0.000000,-2.093602,5.229938,0.576293,-57.708618,-628183.750000_-6078770.000000i,-3051372.750000_-5294826.000000i,0,1,0,0.00
1386870152,2,2,2,7353,-7.956957,0.000000,-2.093602,5.229938,0.576293,-57.708618,-628183.750000_-6078770.000000i,-3051372.750000_-5294826.000000i,0,1,0,0.00
1386870152,2,2,2,7353,-7.956957,0.000000,-2.093602,5.229938,0.576293,-57.708618,-628183.750000_-6078770.000000i,-3051372.750000_-5294826.000000i,0,1,0,0.00
1386870152,2,2,2,7353,-7.956957,0.000000,-2.093602,5.229938,0.576293,-57.708618,-628183.750000_-6078770.000000i,-3051372.750000_-5294826.000000i,0,1,0,0.00
1386870152,2,2,2,7353,-7.956957,0.000000,-2.093602,5.229938,0.576293,-57.708618,-628183.750000_-6078770.000000i,-3051372.750000_-5294826.000000i,0,1,0,0.00
1386870153,2,2,2,7353,-7.956957,0.000000,-2.093602,5.229938,0.576293,-57.708618,-628183.750000_-6078770.000000i,-3051372.750000_-5294826.000000i,0,1,0,0.00
1386870153,2,2,2,7353,-7.956957,0.000000,-2.093602,5.229938,0.576293,-57.708618,-628183.750000_-6078770.000000i,-3051372.750000_-5294826.000000i,0,1,0,0.00
1386870153,2,2,2,7353,-7.956957,0.000000,-2.093602,5.229938,0.576293,-57.708618,-628183.750000_-6078770.000000i,-3051372.750000_-5294826.000000i,0,1,0,0.00
1386870153,2,2,2,7353,-7.956957,0.000000,-2.093602,5.229938,0.576293,-57.708618,-628183.750000_-6078770.000000i,-3051372.750000_-5294826.000000i,0,1,0,0.00
1386870154,2,2,2,7353,-7.956957,0.000000,-2.093602,5.229938,0.576293,-57.708618,-628183.750000_-6078770.000000i,-3051372.750000_-5294826.000000i,0,1,0,0.00
1386870154,2,2,2,7353,-7.956957,0.000000,-2.093602,5.229938,0.576293,-57.708618,-628183.750000_-6078770.000000i,-3051372.750000_-5294826.000000i,0,1,0,0.00
1386870154,2,2,2,7353,-7.956957,0.000000,-2.093602,5.229938,0.576293,-57.708618,-628183.750000_-6078770.000000i,-3051372.750000_-5294826.000000i,0,1,0,0.00
1386870154,2,2,2,7353,-7.956957,0.000000,-2.093602,5.229938,0.576293,-57.708618,-628183.750000_-6078770.000000i,-3051372.750000_-5294826.000000i,0,1,0,0.00
1386870155,2,2,2,7353,-7.956957,0.000000,-2.093602,5.229938,0.576293,-57.708618,-628183.750000_-6078770.000000i,-3051372.750000_-5294826.000000i,0,1,0,0.00
1386870155,2,2,2,7353,-7.956957,0.000000,-2.093602,5.229938,0.576293,-57.708618,-628183.750000_-6078770.000000i,-3051372.750000_-5294826.000000i,0,1,0,0.00
1386870155,2,2,2,7353,-7.956957,0.000000,-2.093602,5.229938,0.576293,-57.708618,-628183.750000_-6078770.000000i,-3051372.750000_-5294826.000000i,0,1,0,0.00
1386870155,2,2,2,7353,-7.956957,0.000000,-2.093602,5.229938,0.576293,-57.708618,-628183.750000_-6078770.000000i,-3051372.750000_-5294826.000000i,0,1,0,0.00
1386870156,2,2,2,7353,-7.956957,0.000000,-2.093602,5.229938,0.576293,-57.708618,-628183.750000_-6078770.000000i,-3051372.750000_-5294826.000000i,0,1,0,0.00
1386870156,2,2,2,7353,-7.956957,0.000000,-2.093602,5.229938,0.576293,-57.708618,-628183.750000_-6078770.000000i,-3051372.750000_-5294826.000000i,0,1,0,0.00
1386870156,2,2,2,7353,-7.956957,0.000000,-2.093602,5.229938,0.576293,-57.708618,-628183.750000_-6078770.000000i,-3051372.750000_-5294826.000000i,0,1,0,0.00
1386870156,2,2,2,7353,-7.956957,0.000000,-2.093602,5.229938,0.576293,-57.708618,-628183.750000_-6078770.000000i,-3051372.750000_-5294826.000000i,0,1,0,0.00
1386870157,2,2,2,7353,-7.956957,0.000000,-2.093602,5.229938,0.576293,-57.708618,-628183.750000_-6078770.000000i,-3051372.750000_-5294826.000000i,0,1,0,0.00
1386870157,2,2,2,7353,-7.956957,0.000000,-2.093602,5.067040,0.576293,-57.708618,-628183.750000_-6078770.000000i,-3051372.750000_-5294826.000000i,0,1,0,0.00
1386870157,2,2,2,7353,-7.956957,0.000000,-2.093602,4.904143,0.576293,-57.708618,-628183.750000_-6078770.000000i,-3051372.750000_-5294826.000000i,0,1,0,0.00
1386870157,2,2,2,7353,-7.956957,0.000000,-2.093602,4.741246,0.576293,-57.708618,-628183.750000_-6078770.000000i,-3051372.750000_-5294826.000000i,0,1,0,0.00
1386870158,2,2,2,7353,-7.956957,0.000000,-2.093602,4.592311,0.576293,-57.708618,-628183.750000_-6078770.000000i,-3051372.750000_-5294826.000000i,0,1,0,0.00
1386870158,2,2,2,7353,-7.956957,0.000000,-2.093602,4.485264,0.576293,-57.708618,-628183.750000_-6078770.000000i,-3051372.750000_-5294826.000000i,0,1,0,0.00
1386870158,2,2,2,7353,-7.956957,0.000000,-2.093602,4.406143,0.576293,-57.708618,-628183.750000_-6078770.000000i,-3051372.750000_-5294826.000000i,0,1,0,0.00
1386870158,2,2,2,7353,-7.956957,0.000000,-2.093602,4.350292,0.576293,-57.708618,-628183.750000_-6078770.000000i,-3051372.750000_-5294826.000000i,0,1,0,0.00
1386870159,2,2,2,7353,-7.956957,0.000000,-2.093602,4.308404,0.576293,-57.708618,-628183.750000_-6078770.000000i,-3051372.750000_-5294826.000000i,0,1,0,0.00
1386870159,2,2,2,7353,-7.956957,0.000000,-2.093602,4.275825,0.576293,-57.708618,-628183.750000_-6078770.000000i,-3051372.750000_-5294826.000000i,0,1,0,0.00
1386870159,2,2,2,7353,-7.956957,0.000000,-2.093602,4.252554,0.576293,-57.708618,-628183.750000_-6078770.000000i,-3051372.750000_-5294826.000000i,0,1,0,0.00
1386870159,2,2,2,7353,-7.956957,0.000000,-2.093602,4.233937,0.576293,-57.708618,-628183.750000_-6078770.000000i,-3051372.750000_-5294826.000000i,0,1,0,0.00
1386870160,2,2,2,7353,-7.956957,0.000000,-2.093602,4.219974,0.576293,-57.708618,-628183.750000_-6078770.000000i,-3051372.750000_-5294826.000000i,0,1,0,0.00
1386870160,2,2,2,7353,-7.956957,0.000000,-2.093602,4.210666,0.576293,-57.708618,-628183.750000_-6078770.000000i,-3051372.750000_-5294826.000000i,0,1,0,0.00
1386870160,2,2,2,7353,-7.956957,0.000000,-2.093602,4.206011,0.576293,-57.708618,-628183.750000_-6078770.000000i,-3051372.750000_-5294826.000000i,0,1,0,0.00
1386870160,2,2,2,7353,-7.956957,0.000000,-2.093602,4.201357,0.576293,-57.708618,-628183.750000_-6078770.000000i,-3051372.750000_-5294826.000000i,0,1,0,0.00
1386870161,2,2,2,7353,-7.956957,0.000000,-2.093602,4.196703,0.576293,-57.708618,-628183.750000_-6078770.000000i,-3051372.750000_-5294826.000000i,0,1,0,0.00
1386870161,2,2,2,7353,-7.956957,0.000000,-2.093602,4.196703,0.576293,-57.708618,-628183.750000_-6078770.000000i,-3051372.750000_-5294826.000000i,0,1,0,0.00
1386870161,2,2,2,7353,-7.956957,0.000000,-2.093602,4.196703,0.576293,-57.708618,-628183.750000_-6078770.000000i,-3051372.750000_-5294826.000000i,0,1,0,0.00
1386870161,2,2,2,7353,-7.956957,0.000000,-2.093602,4.196703,0.576293,-57.708618,-628183.750000_-6078770.000000i,-3051372.750000_-5294826.000000i,0,1,0,0.00
1386870162,2,2,0,7353,-7.956957,0.000000,-2.093602,4.196703,0.576293,-57.708618,-628183.750000_-6078770.000000i,-3051372.750000_-5294826.000000i,0,1,0,0.00
1386870162,1,0,0,2,-7.956968,0.000000,-2.093613,4.196703,0.576293,-57.708992,-628183.750000_-6078770.000000i,-3051372.750000_-5294826.000000i,0,1,0,0.00
1386870162,1,0,0,2,-7.956968,0.000000,-2.093613,4.196703,0.576293,-57.708992,-628183.750000_-6078770.000000i,-3051372.750000_-5294826.000000i,0,1,0,0.00
1386870162,1,0,0,2,-7.956968,0.000000,-2.093613,4.196703,0.576293,-57.708992,-628183.750000_-6078770.000000i,-3051372.750000_-5294826.000000i,0,1,0,0.00
1386870163,1,0,0,2,-7.956968,0.000000,-2.093613,4.196703,0.576293,-57.708992,-628183.750000_-6078770.000000i,-3051372.750000_-5294826.000000i,0,1,0,0.00
1386870163,1,0,0,2,-7.956968,0.000000,-2.093613,4.196703,0.576293,-57.708992,-628183.750000_-6078770.000000i,-3051372.750000_-5294826.000000i,0,1,0,0.00
1386870163,1,0,0,2,-7.956968,0.000000,-2.093613,4.196703,0.576293,-57.708992,-628183.750000_-6078770.000000i,-3051372.750000_-5294826.000000i,0,1,0,0.00
1386870163,1,0,0,2,-7.956968,0.000000,-2.093613,4.196703,0.576293,-57.708992,-628183.750000_-6078770.000000i,-3051372.750000_-5294826.000000i,0,1,0,0.00
1386870164,1,0,0,2,-7.956968,0.000000,-2.093613,4.196703,0.576293,-57.708992,-628183.750000_-6078770.000000i,-3051372.750000_-5294826.000000i,0,1,0,0.00
1386870164,1,0,0,2,-7.956968,0.000000,-2.093613,4.196703,0.576293,-57.708992,-628183.750000_-6078770.000000i,-3051372.750000_-5294826.000000i,0,1,0,0.00
1386870164,1,0,0,2,-7.956968,0.000000,-2.093613,4.196703,0.576293,-57.708992,-628183.750000_-6078770.000000i,-3051372.750000_-5294826.000000i,0,1,0,0.00
1386870164,1,0,0,2,-7.956968,0.000000,-2.093613,4.196703,0.576293,-57.708992,-628183.750000_-6078770.000000i,-3051372.750000_-5294826.000000i,0,1,0,0.00
1386870165,1,0,0,2,-7.956968,0.000000,-2.093613,4.196703,0.576293,-57.708992,-628183.750000_-6078770.000000i,-3051372.750000_-5294826.000000i,0,1,0,0.00
1386870165,1,0,0,2,-7.956968,0.000000,-2.093613,4.196703,0.576293,-57.708992,-628183.750000_-6078770.000000i,-3051372.750000_-5294826.000000i,0,1,0,0.00
1386870165,1,0,0,2,-7.956968,0.000000,-2.093613,4.196703,0.576293,-57.708992,-628183.750000_-6078770.000000i,-3051372.750000_-5294826.000000i,0,1,0,0.00
1386870165,1,0,0,2,-7.956968,0.000000,-2.093613,4.196703,0.576293,-57.708992,-628183.750000_-6078770.000000i,-3051372.750000_-5294826.000000i,0,1,0,0.00
1386870166,1,0,0,2,-7.956968,0.000000,-2.093613,4.196703,0.576293,-57.708992,-628183.750000_-6078770.000000i,-3051372.750000_-5294826.000000i,0,1,0,0.00
1386870166,1,0,0,2,-7.956968,0.000000,-2.093613,4.196703,0.576293,-57.708992,-628183.750000_-6078770.000000i,-3051372.750000_-5294826.000000i,0,1,0,0.00
1386870166,1,0,0,2,-7.956968,0.000000,-2.093613,4.196703,0.576293,-57.708992,-628183.750000_-6078770.000000i,-3051372.750000_-5294826.000000i,0,1,0,0.00
1386870166,1,0,0,2,-7.956968,0.000000,-2.093613,4.196703,0.576293,-57.708992,-628183.750000_-6078770.000000i,-3051372.750000_-5294826.000000i,0,1,0,0.00
1386870167,1,0,0,2,-7.956968,0.000000,-2.093613,4.196703,0.576293,-57.708992,-628183.750000_-6078770.000000i,-3051372.750000_-5294826.000000i,0,1,0,0.00
1386870167,1,0,0,2,-7.956968,0.000000,-2.093613,4.196703,0.576293,-57.708992,-628183.750000_-6078770.000000i,-3051372.750000_-5294826.000000i,0,1,0,0.00
1386870167,1,0,0,2,-7.956968,0.000000,-2.093613,4.196703,0.576293,-57.708992,-628183.750000_-6078770.000000i,-3051372.750000_-5294826.000000i,0,1,0,0.00
1386870167,1,0,0,2,-7.956968,0.000000,-2.093613,4.196703,0.576293,-57.708992,-628183.750000_-6078770.000000i,-3051372.750000_-5294826.000000i,0,1,0,0.00
1386870168,1,0,0,2,-7.956968,0.000000,-2.093613,4.196703,0.576293,-57.708992,-628183.750000_-6078770.000000i,-3051372.750000_-5294826.000000i,0,1,0,0.00
1386870168,1,0,0,2,-7.956968,0.000000,-2.093613,4.196703,0.576293,-57.708992,-628183.750000_-6078770.000000i,-3051372.750000_-5294826.000000i,0,1,0,0.00
1386870168,1,0,0,2,-7.956968,0.000000,-2.093613,4.196703,0.576293,-57.708992,-628183.750000_-6078770.000000i,-3051372.750000_-5294826.000000i,0,1,0,0.00
1386870168,1,0,0,2,-7.956968,0.000000,-2.093613,4.196703,0.576293,-57.708992,-628183.750000_-6078770.000000i,-3051372.750000_-5294826.000000i,0,1,0,0.00
1386870169,1,0,0,2,-7.956968,0.000000,-2.093613,4.196703,0.576293,-57.708992,-628183.750000_-6078770.000000i,-3051372.750000_-5294826.000000i,0,1,0,0.00
1386870169,1,0,0,2,-7.956968,0.000000,-2.093613,4.196703,0.576293,-57.708992,-628183.750000_-6078770.000000i,-3051372.750000_-5294826.000000i,0,1,0,0.00
1386870169,1,0,0,2,-7.956968,0.000000,-2.093613,4.196703,0.576293,-57.708992,-628183.750000_-6078770.000000i,-3051372.750000_-5294826.000000i,0,1,0,0.00
1386870169,1,0,0,2,-7.956968,0.000000,-2.093613,4.196703,0.576293,-57.708992,-628183.750000_-6078770.000000i,-3051372.750000_-5294826.000000i,0,1,0,0.00
1386870170,1,0,0,2,-7.956968,0.000000,-2.093613,4.196703,0.576293,-57.708992,-628183.750000_-6078770.000000i,-3051372.750000_-5294826.000000i,0,1,0,0.00
1386870170,1,0,0,2,-7.956968,0.000000,-2.093613,4.196703,0.576293,-57.708992,-628183.750000_-6078770.000000i,-3051372.750000_-5294826.000000i,0,1,0,0.00
1386870170,1,0,0,2,-7.956968,0.000000,-2.093613,4.196703,0.576293,-57.708992,-628183.750000_-6078770.000000i,-3051372.750000_-5294826.000000i,0,1,0,0.00
1386870171,1,0,0,2,-7.956968,0.000000,-2.093613,4.196703,0.576293,-57.708992,-628183.750000_-6078770.000000i,-3051372.750000_-5294826.000000i,0,1,0,0.00
1386870171,1,0,0,2,-7.956968,0.000000,-2.093613,4.196703,0.576293,-57.708992,-628183.750000_-6078770.000000i,-3051372.750000_-5294826.000000i,0,1,0,0.00
1386870171,1,0,0,2,-7.956968,0.000000,-2.093613,4.196703,0.576293,-57.708992,-628183.750000_-6078770.000000i,-3051372.750000_-5294826.000000i,0,1,0,0.00
1386870171,1,0,0,2,-7.956968,0.000000,-2.093613,4.196703,0.576293,-57.708992,-628183.750000_-6078770.000000i,-3051372.750000_-5294826.000000i,0,1,0,0.00
1386870172,1,0,0,2,-7.956968,0.000000,-2.093613,4.196703,0.576293,-57.708992,-628183.750000_-6078770.000000i,-3051372.750000_-5294826.000000i,0,1,0,0.00
1386870172,1,0,0,2,-7.956968,0.000000,-2.093613,4.196703,0.576293,-57.708992,-628183.750000_-6078770.000000i,-3051372.750000_-5294826.000000i,0,1,0,0.00
1386870172,1,0,0,2,-7.956968,0.000000,-2.093613,4.196703,0.576293,-57.708992,-628183.750000_-6078770.000000i,-3051372.750000_-5294826.000000i,0,1,0,0.00
1386870172,1,0,0,2,-7.956968,0.000000,-2.093613,4.196703,0.576293,-57.708992,-628183.750000_-6078770.000000i,-3051372.750000_-5294826.000000i,0,1,0,0.00
1386870173,1,0,0,2,-7.956968,0.000000,-2.093613,4.196703,0.576293,-57.708992,-628183.750000_-6078770.000000i,-3051372.750000_-5294826.000000i,0,1,0,0.00
1386870173,1,0,0,2,-7.956968,0.000000,-2.093613,4.196703,0.576293,-57.708992,-628183.750000_-6078770.000000i,-3051372.750000_-5294826.000000i,0,1,0,0.00
1386870173,1,0,0,2,-7.956968,0.000000,-2.093613,4.196703,0.576293,-57.708992,-628183.750000_-6078770.000000i,-3051372.750000_-5294826.000000i,0,1,0,0.00
1386870173,1,0,0,2,-7.956968,0.000000,-2.093613,4.196703,0.576293,-57.708992,-628183.750000_-6078770.000000i,-3051372.750000_-5294826.000000i,0,1,0,0.00
1386870174,1,0,0,2,-7.956968,0.000000,-2.093613,4.196703,0.576293,-57.708992,-628183.750000_-6078770.000000i,-3051372.750000_-5294826.000000i,0,1,0,0.00
1386870174,1,0,0,2,-7.956968,0.000000,-2.093613,4.196703,0.576293,-57.708992,-628183.750000_-6078770.000000i,-3051372.750000_-5294826.000000i,0,1,0,0.00
1386870174,1,0,0,2,-7.956968,0.000000,-2.093613,4.196703,0.576293,-57.708992,-628183.750000_-6078770.000000i,-3051372.750000_-5294826.000000i,0,1,0,0.00
1386870174,1,0,0,2,-7.956968,0.000000,-2.093613,4.196703,0.576293,-57.708992,-628183.750000_-6078770.000000i,-3051372.750000_-5294826.000000i,0,1,0,0.00
1386870175,1,0,0,2,-7.956968,0.000000,-2.093613,4.196703,0.576293,-57.708992,-628183.750000_-6078770.000000i,-3051372.750000_-5294826.000000i,0,1,0,0.00
1386870175,1,0,0,2,-7.956968,0.000000,-2.093613,4.196703,0.576293,-57.708992,-628183.750000_-6078770.000000i,-3051372.750000_-5294826.000000i,0,1,0,0.00
1386870175,1,0,0,2,-7.956968,0.000000,-2.093613,4.196703,0.576293,-57.708992,-628183.750000_-6078770.000000i,-3051372.750000_-5294826.000000i,0,1,0,0.00
1386870175,1,0,0,2,-7.956968,0.000000,-2.093613,4.196703,0.576293,-57.708992,-628183.750000_-6078770.000000i,-3051372.750000_-5294826.000000i,0,1,0,0.00
1386870176,1,0,0,2,-7.956968,0.000000,-2.093613,4.196703,0.576293,-57.708992,-628183.750000_-6078770.000000i,-3051372.750000_-5294826.000000i,0,1,0,0.00
1386870176,1,0,0,2,-7.956968,0.000000,-2.093613,4.196703,0.576293,-57.708992,-628183.750000_-6078770.000000i,-3051372.750000_-5294826.000000i,0,1,0,0.00
1386870176,1,0,0,2,-7.956968,0.000000,-2.093613,4.196703,0.576293,-57.708992,-628183.750000_-6078770.000000i,-3051372.750000_-5294826.000000i,0,1,0,0.00
1386870176,1,0,0,2,-7.956968,0.000000,-2.093613,4.196703,0.576293,-57.708992,-628183.750000_-6078770.000000i,-3051372.750000_-5294826.000000i,0,1,0,0.00
1386870177,1,0,0,2,-7.956968,0.000000,-2.093613,4.196703,0.576293,-57.708992,-628183.750000_-6078770.000000i,-3051372.750000_-5294826.000000i,0,1,0,0.00
1386870177,1,0,0,2,-7.956968,0.000000,-2.093613,4.196703,0.576293,-57.708992,-628183.750000_-6078770.000000i,-3051372.750000_-5294826.000000i,0,1,0,0.00
1386870177,1,0,0,2,-7.956968,0.000000,-2.093613,4.196703,0.576293,-57.708992,-628183.750000_-6078770.000000i,-3051372.750000_-5294826.000000i,0,1,0,0.00
1386870177,1,0,0,2,-7.956968,0.000000,-2.093613,4.196703,0.576293,-57.708992,-628183.750000_-6078770.000000i,-3051372.750000_-5294826.000000i,0,1,0,0.00
1386870178,1,0,0,2,-7.956968,0.000000,-2.093613,4.196703,0.576293,-57.708992,-628183.750000_-6078770.000000i,-3051372.750000_-5294826.000000i,0,1,0,0.00
1386870178,1,0,0,2,-7.956968,0.000000,-2.093613,4.196703,0.576293,-57.708992,-628183.750000_-6078770.000000i,-3051372.750000_-5294826.000000i,0,1,0,0.00
1386870178,1,0,0,2,-7.956968,0.000000,-2.093613,4.196703,0.576293,-57.708992,-628183.750000_-6078770.000000i,-3051372.750000_-5294826.000000i,0,1,0,0.00
1386870178,1,0,0,2,-7.956968,0.000000,-2.093613,4.196703,0.576293,-57.708992,-628183.750000_-6078770.000000i,-3051372.750000_-5294826.000000i,0,1,0,0.00
1386870179,1,0,0,2,-7.956968,0.000000,-2.093613,4.196703,0.576293,-57.708992,-628183.750000_-6078770.000000i,-3051372.750000_-5294826.000000i,0,1,0,0.00
1386870179,1,0,0,2,-7.956968,0.000000,-2.093613,4.196703,0.576293,-57.708992,-628183.750000_-6078770.000000i,-3051372.750000_-5294826.000000i,0,1,0,0.00
1386870179,1,0,0,2,-7.956968,0.000000,-2.093613,4.196703,0.576293,-57.708992,-628183.750000_-6078770.000000i,-3051372.750000_-5294826.000000i,0,1,0,0.00
1386870179,1,0,0,2,-7.956968,0.000000,-2.093613,4.196703,0.576293,-57.708992,-628183.750000_-6078770.000000i,-3051372.750000_-5294826.000000i,0,1,0,0.00
1386870180,1,0,0,2,-7.956968,0.000000,-2.093613,4.196703,0.576293,-57.709000,-628183.750000_-6078770.000000i,-3051372.750000_-5294826.000000i,0,1,0,0.00
1386870180,1,0,0,2,-7.956968,0.000000,-2.093613,4.196703,0.576293,-57.709000,-628183.750000_-6078770.000000i,-3051372.750000_-5294826.000000i,0,1,0,0.00
