MCU_timestamp,sig1,sig2,sig3,fa_debug,theta_d1,theta_d,theta_d1_b,theta_b,a_x,b_x,X_b,X_T_b,sail_hc_periods,sail_hc_direction,sail_hc_val,sail_hc_MEAN_V
1386956940,1,2,2,7353,-2.094395,0.000000,-2.094395,-90.054779,0.103247,-50.265789,-627641.625000_-6079058.000000i,-627641.625000_-6079058.000000i,0,1,0,0.00
1386956940,2,2,2,7353,-2.094395,0.000000,-2.094395,-89.891884,0.103247,-50.265789,-627641.625000_-6079058.000000i,-627641.625000_-6079058.000000i,0,1,0,0.00
1386956941,2,2,2,7353,-2.094395,0.000000,-2.094395,-89.728981,0.103247,-50.265789,-627641.625000_-6079058.000000i,-627641.625000_-6079058.000000i,0,1,0,0.00
1386956941,2,2,2,7353,-2.094395,0.000000,-2.094395,-89.566078,0.103247,-50.265789,-627641.625000_-6079058.000000i,-627641.625000_-6079058.000000i,0,1,0,0.00
1386956941,2,2,2,7353,-2.094395,0.000000,-2.094395,-89.417152,0.103247,-50.265789,-627641.625000_-6079058.000000i,-627641.625000_-6079058.000000i,0,1,0,0.00
1386956941,2,2,2,7353,-2.094395,0.000000,-2.094395,-89.310104,0.103247,-50.265789,-627641.625000_-6079058.000000i,-627641.625000_-6079058.000000i,0,1,0,0.00
1386956942,2,2,2,7353,-2.094395,0.000000,-2.094395,-89.230980,0.103247,-50.265789,-627641.625000_-6079058.000000i,-627641.625000_-6079058.000000i,0,1,0,0.00
1386956942,2,2,2,7353,-2.094395,0.000000,-2.094395,-89.170479,0.103247,-50.265789,-627641.625000_-6079058.000000i,-627641.625000_-6079058.000000i,0,1,0,0.00
1386956942,2,2,2,7353,-2.094395,0.000000,-2.094395,-89.128593,0.103247,-50.265789,-627641.625000_-6079058.000000i,-627641.625000_-6079058.000000i,0,1,0,0.00
1386956942,2,2,2,7353,-2.094395,0.000000,-2.094395,-89.096008,0.103247,-50.265789,-627641.625000_-6079058.000000i,-627641.625000_-6079058.000000i,0,1,0,0.00
1386956943,2,2,2,7353,-2.094395,0.000000,-2.094395,-89.072739,0.103247,-50.265789,-627641.625000_-6079058.000000i,-627641.625000_-6079058.000000i,0,1,0,0.00
1386956943,2,2,2,7353,-2.094395,0.000000,-2.094395,-89.058777,0.103247,-50.265789,-627641.625000_-6079058.000000i,-627641.625000_-6079058.000000i,0,1,0,0.00
1386956943,2,2,2,7353,-2.094395,0.000000,-2.094395,-89.044815,0.103247,-50.265789,-627641.625000_-6079058.000000i,-627641.625000_-6079058.000000i,0,1,0,0.00
1386956943,2,2,2,7353,-2.094395,0.000000,-2.094395,-89.035515,0.103247,-50.265789,-627641.625000_-6079058.000000i,-627641.625000_-6079058.000000i,0,1,0,0.00
1386956944,2,2,2,7353,-2.094395,0.000000,-2.094395,-89.030861,0.103247,-50.265789,-627641.625000_-6079058.000000i,-627641.625000_-6079058.000000i,0,1,0,0.00
1386956944,2,2,2,7353,-2.094395,0.000000,-2.094395,-89.026207,0.103247,-50.265789,-627641.625000_-6079058.000000i,-627641.625000_-6079058.000000i,0,1,0,0.00
1386956944,2,2,2,7353,-2.094395,0.000000,-2.094395,-89.021553,0.103247,-50.265789,-627641.625000_-6079058.000000i,-627641.625000_-6079058.000000i,0,1,0,0.00
1386956944,2,2,2,7353,-2.094395,0.000000,-2.094395,-89.016899,0.103247,-50.265789,-627641.625000_-6079058.000000i,-627641.625000_-6079058.000000i,0,1,0,0.00
1386956945,2,2,2,7353,-2.094395,0.000000,-2.094395,-89.016899,0.103247,-50.265789,-627641.625000_-6079058.000000i,-627641.625000_-6079058.000000i,0,1,0,0.00
1386956945,2,2,2,7353,-2.094395,0.000000,-2.094395,-89.016899,0.103247,-50.265789,-627641.625000_-6079058.000000i,-627641.625000_-6079058.000000i,0,1,0,0.00
1386956945,2,2,2,7353,-2.094395,0.000000,-2.094395,-89.016899,0.103247,-50.265789,-627641.625000_-6079058.000000i,-627641.625000_-6079058.000000i,0,1,0,0.00
1386956945,2,2,2,7353,-2.094395,0.000000,-2.094395,-89.016899,0.103247,-50.265789,-627641.625000_-6079058.000000i,-627641.625000_-6079058.000000i,0,1,0,0.00
1386956946,2,2,2,7353,-2.094395,0.000000,-2.094395,-89.016899,0.103247,-50.265789,-627641.625000_-6079058.000000i,-627641.625000_-6079058.000000i,0,1,0,0.00
1386956946,2,2,2,7353,-2.094395,0.000000,-2.094395,-89.016899,0.103247,-50.265789,-627641.625000_-6079058.000000i,-627641.625000_-6079058.000000i,0,1,0,0.00
1386956946,2,2,2,7353,-2.094395,0.000000,-2.094395,-89.016899,0.103247,-50.265789,-627641.625000_-6079058.000000i,-627641.625000_-6079058.000000i,0,1,0,0.00
1386956946,2,2,2,7353,-2.094395,0.000000,-2.094395,-89.016899,0.103247,-50.265789,-627641.625000_-6079058.000000i,-627641.625000_-6079058.000000i,0,1,0,0.00
1386956947,2,2,2,7353,-2.094395,0.000000,-2.094395,-89.179802,0.103247,-50.265789,-627641.625000_-6079058.000000i,-627641.625000_-6079058.000000i,0,1,0,0.00
1386956947,2,2,2,7353,-2.094395,0.000000,-2.094395,-89.342697,0.103247,-50.265789,-627641.625000_-6079058.000000i,-627641.625000_-6079058.000000i,0,1,0,0.00
1386956947,2,2,2,7353,-2.094395,0.000000,-2.094395,-89.505600,0.103247,-50.265789,-627641.625000_-6079058.000000i,-627641.625000_-6079058.000000i,0,1,0,0.00
1386956947,2,2,2,7353,-2.094395,0.000000,-2.094395,-89.654533,0.103247,-50.265789,-627641.625000_-6079058.000000i,-627641.625000_-6079058.000000i,0,1,0,0.00
1386956948,2,2,2,7353,-2.094395,0.000000,-2.094395,-89.761581,0.103247,-50.265789,-627641.625000_-6079058.000000i,-627641.625000_-6079058.000000i,0,1,0,0.00
1386956948,2,2,2,7353,-2.094395,0.000000,-2.094395,-89.840698,0.103247,-50.265789,-627641.625000_-6079058.000000i,-627641.625000_-6079058.000000i,0,1,0,0.00
1386956948,2,2,2,7353,-2.094395,0.000000,-2.094395,-89.901207,0.103247,-50.265789,-627641.625000_-6079058.000000i,-627641.625000_-6079058.000000i,0,1,0,0.00
1386956948,2,2,2,7353,-2.094395,0.000000,-2.094395,-89.943092,0.103247,-50.265789,-627641.625000_-6079058.000000i,-627641.625000_-6079058.000000i,0,1,0,0.00
1386956949,2,2,2,7353,-2.094395,0.000000,-2.094395,-89.975670,0.103247,-50.265789,-627641.625000_-6079058.000000i,-627641.625000_-6079058.000000i,0,1,0,0.00
1386956949,2,2,2,7353,-2.094395,0.000000,-2.094395,-89.998947,0.103247,-50.265789,-627641.625000_-6079058.000000i,-627641.625000_-6079058.000000i,0,1,0,0.00
1386956949,2,2,2,7353,-2.094395,0.000000,-2.094395,-90.012901,0.103247,-50.265789,-627641.625000_-6079058.000000i,-627641.625000_-6079058.000000i,0,1,0,0.00
1386956949,2,2,2,7353,-2.094395,0.000000,-2.094395,-90.026863,0.103247,-50.265789,-627641.625000_-6079058.000000i,-627641.625000_-6079058.000000i,0,1,0,0.00
1386956950,2,2,2,7353,-2.094395,0.000000,-2.094395,-90.036171,0.103247,-50.265789,-627641.625000_-6079058.000000i,-627641.625000_-6079058.000000i,0,1,0,0.00
1386956950,2,2,2,7353,-2.094395,0.000000,-2.094395,-90.040825,0.103247,-50.265789,-627641.625000_-6079058.000000i,-627641.625000_-6079058.000000i,0,1,0,0.00
1386956950,2,2,2,7353,-2.094395,0.000000,-2.094395,-90.045479,0.103247,-50.265789,-627641.625000_-6079058.000000i,-627641.625000_-6079058.000000i,0,1,0,0.00
