MCU_timestamp,sig1,sig2,sig3,fa_debug,theta_d1,theta_d,theta_d1_b,theta_b,a_x,b_x,X_b,X_T_b,sail_hc_periods,sail_hc_direction,sail_hc_val,sail_hc_MEAN_V
1386941780,0,0,0,0,0.000000,0.000000,0.000000,0.000000,0.000000,0.000000,0.000000_0.000000i,0.000000_0.000000i,0,1,0,0.00
1386941780,0,0,0,0,0.000000,0.000000,0.000000,0.000000,0.000000,0.000000,0.000000_0.000000i,0.000000_0.000000i,0,1,0,0.00
1386941780,0,0,0,0,0.000000,0.000000,0.000000,0.000000,0.000000,0.000000,0.000000_0.000000i,0.000000_0.000000i,0,1,0,0.00
1386941781,0,0,0,0,0.000000,0.000000,0.000000,0.000000,0.000000,0.000000,0.000000_0.000000i,0.000000_0.000000i,0,1,0,0.00
1386941781,0,0,0,0,0.000000,0.000000,0.000000,0.000000,0.000000,0.000000,0.000000_0.000000i,0.000000_0.000000i,0,1,0,0.00
1386941781,0,0,0,0,0.000000,0.000000,0.000000,0.000000,0.000000,0.000000,0.000000_0.000000i,0.000000_0.000000i,0,1,0,0.00
1386941781,0,0,0,0,0.000000,0.000000,0.000000,0.000000,0.000000,0.000000,0.000000_0.000000i,0.000000_0.000000i,0,1,0,0.00
1386941782,0,0,0,0,0.000000,0.000000,0.000000,0.000000,0.000000,0.000000,0.000000_0.000000i,0.000000_0.000000i,0,1,0,0.00
1386941782,0,0,0,0,0.000000,0.000000,0.000000,0.000000,0.000000,0.000000,0.000000_0.000000i,0.000000_0.000000i,0,1,0,0.00
1386941782,0,0,0,0,0.000000,0.000000,0.000000,0.000000,0.000000,0.000000,0.000000_0.000000i,0.000000_0.000000i,0,1,0,0.00
1386941782,0,0,0,0,0.000000,0.000000,0.000000,0.000000,0.000000,0.000000,0.000000_0.000000i,0.000000_0.000000i,0,1,0,0.00
1386941783,0,0,0,0,0.000000,0.000000,0.000000,0.000000,0.000000,0.000000,0.000000_0.000000i,0.000000_0.000000i,0,1,0,0.00
1386941783,0,0,0,0,0.000000,0.000000,0.000000,0.000000,0.000000,0.000000,0.000000_0.000000i,0.000000_0.000000i,0,1,0,0.00
1386941783,0,0,0,0,0.000000,0.000000,0.000000,0.000000,0.000000,0.000000,0.000000_0.000000i,0.000000_0.000000i,0,1,0,0.00
1386941783,0,0,0,0,0.000000,0.000000,0.000000,0.000000,0.000000,0.000000,0.000000_0.000000i,0.000000_0.000000i,0,1,0,0.00
1386941784,0,0,0,0,0.000000,0.000000,0.000000,0.000000,0.000000,0.000000,0.000000_0.000000i,0.000000_0.000000i,0,1,0,0.00
1386941784,0,0,0,0,0.000000,0.000000,0.000000,0.000000,0.000000,0.000000,0.000000_0.000000i,0.000000_0.000000i,0,1,0,0.00
1386941784,0,0,0,0,0.000000,0.000000,0.000000,0.000000,0.000000,0.000000,0.000000_0.000000i,0.000000_0.000000i,0,1,0,0.00
1386941784,0,0,0,0,0.000000,0.000000,0.000000,0.000000,0.000000,0.000000,0.000000_0.000000i,0.000000_0.000000i,0,1,0,0.00
1386941785,0,0,0,0,0.000000,0.000000,0.000000,0.000000,0.000000,0.000000,0.000000_0.000000i,0.000000_0.000000i,0,1,0,0.00
1386941785,0,0,0,0,0.000000,0.000000,0.000000,0.000000,0.000000,0.000000,0.000000_0.000000i,0.000000_0.000000i,0,1,0,0.00
1386941785,0,0,0,0,0.000000,0.000000,0.000000,0.000000,0.000000,0.000000,0.000000_0.000000i,0.000000_0.000000i,0,1,0,0.00
1386941785,0,0,0,0,0.000000,0.000000,0.000000,0.000000,0.000000,0.000000,0.000000_0.000000i,0.000000_0.000000i,0,1,0,0.00
1386941786,0,0,0,0,0.000000,0.000000,0.000000,0.000000,0.000000,0.000000,0.000000_0.000000i,0.000000_0.000000i,0,1,0,0.00
1386941786,0,0,0,0,0.000000,0.000000,0.000000,0.000000,0.000000,0.000000,0.000000_0.000000i,0.000000_0.000000i,0,1,0,0.00
1386941786,0,0,0,0,0.000000,0.000000,0.000000,0.000000,0.000000,0.000000,0.000000_0.000000i,0.000000_0.000000i,0,1,0,0.00
1386941786,0,0,0,0,0.000000,0.000000,0.000000,0.000000,0.000000,0.000000,0.000000_0.000000i,0.000000_0.000000i,0,1,0,0.00
1386941787,0,0,0,0,0.000000,0.000000,0.000000,0.000000,0.000000,0.000000,0.000000_0.000000i,0.000000_0.000000i,0,1,0,0.00
1386941787,0,0,0,0,0.000000,0.000000,0.000000,0.000000,0.000000,0.000000,0.000000_0.000000i,0.000000_0.000000i,0,1,0,0.00
1386941787,0,0,0,0,0.000000,0.000000,0.000000,0.000000,0.000000,0.000000,0.000000_0.000000i,0.000000_0.000000i,0,1,0,0.00
1386941787,0,0,0,0,0.000000,0.000000,0.000000,0.000000,0.000000,0.000000,0.000000_0.000000i,0.000000_0.000000i,0,1,0,0.00
1386941788,0,0,0,0,0.000000,0.000000,0.000000,0.000000,0.000000,0.000000,0.000000_0.000000i,0.000000_0.000000i,0,1,0,0.00
1386941788,0,0,0,0,0.000000,0.000000,0.000000,0.000000,0.000000,0.000000,0.000000_0.000000i,0.000000_0.000000i,0,1,0,0.00
1386941788,0,0,0,0,0.000000,0.000000,0.000000,0.000000,0.000000,0.000000,0.000000_0.000000i,0.000000_0.000000i,0,1,0,0.00
1386941788,0,0,0,0,0.000000,0.000000,0.000000,0.000000,0.000000,0.000000,0.000000_0.000000i,0.000000_0.000000i,0,1,0,0.00
1386941789,0,0,0,0,0.000000,0.000000,0.000000,0.000000,0.000000,0.000000,0.000000_0.000000i,0.000000_0.000000i,0,1,0,0.00
1386941789,0,0,0,0,0.000000,0.000000,0.000000,0.000000,0.000000,0.000000,0.000000_0.000000i,0.000000_0.000000i,0,1,0,0.00
1386941789,0,0,0,0,0.000000,0.000000,0.000000,0.000000,0.000000,0.000000,0.000000_0.000000i,0.000000_0.000000i,0,1,0,0.00
1386941789,0,0,0,0,0.000000,0.000000,0.000000,0.000000,0.000000,0.000000,0.000000_0.000000i,0.000000_0.000000i,0,1,0,0.00
1386941790,0,0,0,0,0.000000,0.000000,0.000000,0.000000,0.000000,0.000000,0.000000_0.000000i,0.000000_0.000000i,0,1,0,0.00
1386941790,0,0,0,0,0.000000,0.000000,0.000000,0.000000,0.000000,0.000000,0.000000_0.000000i,0.000000_0.000000i,0,1,0,0.00
1386941790,0,0,0,0,0.000000,0.000000,0.000000,0.000000,0.000000,0.000000,0.000000_0.000000i,0.000000_0.000000i,0,1,0,0.00
1386941790,0,0,0,0,0.000000,0.000000,0.000000,0.000000,0.000000,0.000000,0.000000_0.000000i,0.000000_0.000000i,0,1,0,0.00
1386941791,0,0,0,0,0.000000,0.000000,0.000000,0.000000,0.000000,0.000000,0.000000_0.000000i,0.000000_0.000000i,0,1,0,0.00
1386941791,0,0,0,0,0.000000,0.000000,0.000000,0.000000,0.000000,0.000000,0.000000_0.000000i,0.000000_0.000000i,0,1,0,0.00
1386941791,0,0,0,0,0.000000,0.000000,0.000000,0.000000,0.000000,0.000000,0.000000_0.000000i,0.000000_0.000000i,0,1,0,0.00
1386941791,0,0,0,0,0.000000,0.000000,0.000000,0.000000,0.000000,0.000000,0.000000_0.000000i,0.000000_0.000000i,0,1,0,0.00
1386941792,0,0,0,0,0.000000,0.000000,0.000000,0.000000,0.000000,0.000000,0.000000_0.000000i,0.000000_0.000000i,0,1,0,0.00
1386941792,0,0,0,0,0.000000,0.000000,0.000000,0.000000,0.000000,0.000000,0.000000_0.000000i,0.000000_0.000000i,0,1,0,0.00
1386941792,0,0,0,0,0.000000,0.000000,0.000000,0.000000,0.000000,0.000000,0.000000_0.000000i,0.000000_0.000000i,0,1,0,0.00
1386941792,0,0,0,0,0.000000,0.000000,0.000000,0.000000,0.000000,0.000000,0.000000_0.000000i,0.000000_0.000000i,0,1,0,0.00
1386941793,0,0,0,0,0.000000,0.000000,0.000000,0.000000,0.000000,0.000000,0.000000_0.000000i,0.000000_0.000000i,0,1,0,0.00
1386941793,0,0,0,0,0.000000,0.000000,0.000000,0.000000,0.000000,0.000000,0.000000_0.000000i,0.000000_0.000000i,0,1,0,0.00
1386941793,0,0,0,0,0.000000,0.000000,0.000000,0.000000,0.000000,0.000000,0.000000_0.000000i,0.000000_0.000000i,0,1,0,0.00
1386941793,0,0,0,0,0.000000,0.000000,0.000000,0.000000,0.000000,0.000000,0.000000_0.000000i,0.000000_0.000000i,0,1,0,0.00
1386941794,0,0,0,0,0.000000,0.000000,0.000000,0.000000,0.000000,0.000000,0.000000_0.000000i,0.000000_0.000000i,0,1,0,0.00
1386941794,0,0,0,0,0.000000,0.000000,0.000000,0.000000,0.000000,0.000000,0.000000_0.000000i,0.000000_0.000000i,0,1,0,0.00
1386941794,0,0,0,0,0.000000,0.000000,0.000000,0.000000,0.000000,0.000000,0.000000_0.000000i,0.000000_0.000000i,0,1,0,0.00
1386941794,0,0,0,0,0.000000,0.000000,0.000000,0.000000,0.000000,0.000000,0.000000_0.000000i,0.000000_0.000000i,0,1,0,0.00
1386941795,0,0,0,0,0.000000,0.000000,0.000000,0.000000,0.000000,0.000000,0.000000_0.000000i,0.000000_0.000000i,0,1,0,0.00
1386941795,0,0,0,0,0.000000,0.000000,0.000000,0.000000,0.000000,0.000000,0.000000_0.000000i,0.000000_0.000000i,0,1,0,0.00
1386941795,0,0,0,0,0.000000,0.000000,0.000000,0.000000,0.000000,0.000000,0.000000_0.000000i,0.000000_0.000000i,0,1,0,0.00
1386941795,0,0,0,0,0.000000,0.000000,0.000000,0.000000,0.000000,0.000000,0.000000_0.000000i,0.000000_0.000000i,0,1,0,0.00
1386941796,0,0,0,0,0.000000,0.000000,0.000000,0.000000,0.000000,0.000000,0.000000_0.000000i,0.000000_0.000000i,0,1,0,0.00
1386941796,0,0,0,0,0.000000,0.000000,0.000000,0.000000,0.000000,0.000000,0.000000_0.000000i,0.000000_0.000000i,0,1,0,0.00
1386941796,0,0,0,0,0.000000,0.000000,0.000000,0.000000,0.000000,0.000000,0.000000_0.000000i,0.000000_0.000000i,0,1,0,0.00
1386941796,0,0,0,0,0.000000,0.000000,0.000000,0.000000,0.000000,0.000000,0.000000_0.000000i,0.000000_0.000000i,0,1,0,0.00
1386941797,0,0,0,0,0.000000,0.000000,0.000000,0.000000,0.000000,0.000000,0.000000_0.000000i,0.000000_0.000000i,0,1,0,0.00
1386941797,0,0,0,0,0.000000,0.000000,0.000000,0.000000,0.000000,0.000000,0.000000_0.000000i,0.000000_0.000000i,0,1,0,0.00
1386941797,0,0,0,0,0.000000,0.000000,0.000000,0.000000,0.000000,0.000000,0.000000_0.000000i,0.000000_0.000000i,0,1,0,0.00
1386941797,0,0,0,0,0.000000,0.000000,0.000000,0.000000,0.000000,0.000000,0.000000_0.000000i,0.000000_0.000000i,0,1,0,0.00
1386941798,0,0,0,0,0.000000,0.000000,0.000000,0.000000,0.000000,0.000000,0.000000_0.000000i,0.000000_0.000000i,0,1,0,0.00
1386941798,0,0,0,0,0.000000,0.000000,0.000000,0.000000,0.000000,0.000000,0.000000_0.000000i,0.000000_0.000000i,0,1,0,0.00
1386941798,0,0,0,0,0.000000,0.000000,0.000000,0.000000,0.000000,0.000000,0.000000_0.000000i,0.000000_0.000000i,0,1,0,0.00
1386941799,0,0,0,0,0.000000,0.000000,0.000000,0.000000,0.000000,0.000000,0.000000_0.000000i,0.000000_0.000000i,0,1,0,0.00
1386941799,0,0,0,0,0.000000,0.000000,0.000000,0.000000,0.000000,0.000000,0.000000_0.000000i,0.000000_0.000000i,0,1,0,0.00
1386941799,0,0,0,0,0.000000,0.000000,0.000000,0.000000,0.000000,0.000000,0.000000_0.000000i,0.000000_0.000000i,0,1,0,0.00
1386941799,0,0,0,0,0.000000,0.000000,0.000000,0.000000,0.000000,0.000000,0.000000_0.000000i,0.000000_0.000000i,0,1,0,0.00
1386941800,0,0,0,0,0.000000,0.000000,0.000000,0.000000,0.000000,0.000000,0.000000_0.000000i,0.000000_0.000000i,0,1,0,0.00
1386941800,0,0,0,0,0.000000,0.000000,0.000000,0.000000,0.000000,0.000000,0.000000_0.000000i,0.000000_0.000000i,0,1,0,0.00
1386941800,0,0,0,0,0.000000,0.000000,0.000000,0.000000,0.000000,0.000000,0.000000_0.000000i,0.000000_0.000000i,0,1,0,0.00
1386941800,0,0,0,0,0.000000,0.000000,0.000000,0.000000,0.000000,0.000000,0.000000_0.000000i,0.000000_0.000000i,0,1,0,0.00
1386941801,0,0,0,0,0.000000,0.000000,0.000000,0.000000,0.000000,0.000000,0.000000_0.000000i,0.000000_0.000000i,0,1,0,0.00
1386941801,0,0,0,0,0.000000,0.000000,0.000000,0.000000,0.000000,0.000000,0.000000_0.000000i,0.000000_0.000000i,0,1,0,0.00
1386941801,0,0,0,0,0.000000,0.000000,0.000000,0.000000,0.000000,0.000000,0.000000_0.000000i,0.000000_0.000000i,0,1,0,0.00
1386941801,0,0,0,0,0.000000,0.000000,0.000000,0.000000,0.000000,0.000000,0.000000_0.000000i,0.000000_0.000000i,0,1,0,0.00
1386941802,0,0,0,0,0.000000,0.000000,0.000000,0.000000,0.000000,0.000000,0.000000_0.000000i,0.000000_0.000000i,0,1,0,0.00
1386941802,0,0,0,0,0.000000,0.000000,0.000000,0.000000,0.000000,0.000000,0.000000_0.000000i,0.000000_0.000000i,0,1,0,0.00
1386941802,0,0,0,0,0.000000,0.000000,0.000000,0.000000,0.000000,0.000000,0.000000_0.000000i,0.000000_0.000000i,0,1,0,0.00
1386941802,0,0,0,0,0.000000,0.000000,0.000000,0.000000,0.000000,0.000000,0.000000_0.000000i,0.000000_0.000000i,0,1,0,0.00
1386941803,0,0,0,0,0.000000,0.000000,0.000000,0.000000,0.000000,0.000000,0.000000_0.000000i,0.000000_0.000000i,0,1,0,0.00
1386941803,0,0,0,0,0.000000,0.000000,0.000000,0.000000,0.000000,0.000000,0.000000_0.000000i,0.000000_0.000000i,0,1,0,0.00
1386941803,0,0,0,0,0.000000,0.000000,0.000000,0.000000,0.000000,0.000000,0.000000_0.000000i,0.000000_0.000000i,0,1,0,0.00
1386941803,0,0,0,0,0.000000,0.000000,0.000000,0.000000,0.000000,0.000000,0.000000_0.000000i,0.000000_0.000000i,0,1,0,0.00
1386941804,0,0,0,0,0.000000,0.000000,0.000000,0.000000,0.000000,0.000000,0.000000_0.000000i,0.000000_0.000000i,0,1,0,0.00
1386941804,0,0,0,0,0.000000,0.000000,0.000000,0.000000,0.000000,0.000000,0.000000_0.000000i,0.000000_0.000000i,0,1,0,0.00
1386941804,0,0,0,0,0.000000,0.000000,0.000000,0.000000,0.000000,0.000000,0.000000_0.000000i,0.000000_0.000000i,0,1,0,0.00
1386941804,0,0,0,0,0.000000,0.000000,0.000000,0.000000,0.000000,0.000000,0.000000_0.000000i,0.000000_0.000000i,0,1,0,0.00
1386941805,0,0,0,0,0.000000,0.000000,0.000000,0.000000,0.000000,0.000000,0.000000_0.000000i,0.000000_0.000000i,0,1,0,0.00
1386941805,0,0,0,0,0.000000,0.000000,0.000000,0.000000,0.000000,0.000000,0.000000_0.000000i,0.000000_0.000000i,0,1,0,0.00
1386941805,0,0,0,0,0.000000,0.000000,0.000000,0.000000,0.000000,0.000000,0.000000_0.000000i,0.000000_0.000000i,0,1,0,0.00
1386941805,0,0,0,0,0.000000,0.000000,0.000000,0.000000,0.000000,0.000000,0.000000_0.000000i,0.000000_0.000000i,0,1,0,0.00
1386941806,0,0,0,0,0.000000,0.000000,0.000000,0.000000,0.000000,0.000000,0.000000_0.000000i,0.000000_0.000000i,0,1,0,0.00
1386941806,0,0,0,0,0.000000,0.000000,0.000000,0.000000,0.000000,0.000000,0.000000_0.000000i,0.000000_0.000000i,0,1,0,0.00
1386941806,0,0,0,0,0.000000,0.000000,0.000000,0.000000,0.000000,0.000000,0.000000_0.000000i,0.000000_0.000000i,0,1,0,0.00
1386941806,0,0,0,0,0.000000,0.000000,0.000000,0.000000,0.000000,0.000000,0.000000_0.000000i,0.000000_0.000000i,0,1,0,0.00
1386941807,0,0,0,0,0.000000,0.000000,0.000000,0.000000,0.000000,0.000000,0.000000_0.000000i,0.000000_0.000000i,0,1,0,0.00
1386941807,0,0,0,0,0.000000,0.000000,0.000000,0.000000,0.000000,0.000000,0.000000_0.000000i,0.000000_0.000000i,0,1,0,0.00
1386941807,0,0,0,0,0.000000,0.000000,0.000000,0.000000,0.000000,0.000000,0.000000_0.000000i,0.000000_0.000000i,0,1,0,0.00
1386941807,0,0,0,0,0.000000,0.000000,0.000000,0.000000,0.000000,0.000000,0.000000_0.000000i,0.000000_0.000000i,0,1,0,0.00
1386941808,0,0,0,0,0.000000,0.000000,0.000000,0.000000,0.000000,0.000000,0.000000_0.000000i,0.000000_0.000000i,0,1,0,0.00
1386941808,0,0,0,0,0.000000,0.000000,0.000000,0.000000,0.000000,0.000000,0.000000_0.000000i,0.000000_0.000000i,0,1,0,0.00
1386941808,0,0,0,0,0.000000,0.000000,0.000000,0.000000,0.000000,0.000000,0.000000_0.000000i,0.000000_0.000000i,0,1,0,0.00
1386941808,0,0,0,0,0.000000,0.000000,0.000000,0.000000,0.000000,0.000000,0.000000_0.000000i,0.000000_0.000000i,0,1,0,0.00
1386941809,0,0,0,0,0.000000,0.000000,0.000000,0.000000,0.000000,0.000000,0.000000_0.000000i,0.000000_0.000000i,0,1,0,0.00
1386941809,0,0,0,0,0.000000,0.000000,0.000000,0.000000,0.000000,0.000000,0.000000_0.000000i,0.000000_0.000000i,0,1,0,0.00
1386941809,0,0,0,0,0.000000,0.000000,0.000000,0.000000,0.000000,0.000000,0.000000_0.000000i,0.000000_0.000000i,0,1,0,0.00
1386941809,0,0,0,0,0.000000,0.000000,0.000000,0.000000,0.000000,0.000000,0.000000_0.000000i,0.000000_0.000000i,0,1,0,0.00
1386941810,0,0,0,0,0.000000,0.000000,0.000000,0.000000,0.000000,0.000000,0.000000_0.000000i,0.000000_0.000000i,0,1,0,0.00
1386941810,0,0,0,0,0.000000,0.000000,0.000000,0.000000,0.000000,0.000000,0.000000_0.000000i,0.000000_0.000000i,0,1,0,0.00
1386941810,0,0,0,0,0.000000,0.000000,0.000000,0.000000,0.000000,0.000000,0.000000_0.000000i,0.000000_0.000000i,0,1,0,0.00
1386941810,0,0,0,0,0.000000,0.000000,0.000000,0.000000,0.000000,0.000000,0.000000_0.000000i,0.000000_0.000000i,0,1,0,0.00
1386941811,0,0,0,0,0.000000,0.000000,0.000000,0.000000,0.000000,0.000000,0.000000_0.000000i,0.000000_0.000000i,0,1,0,0.00
1386941811,0,0,0,0,0.000000,0.000000,0.000000,0.000000,0.000000,0.000000,0.000000_0.000000i,0.000000_0.000000i,0,1,0,0.00
1386941811,0,0,0,0,0.000000,0.000000,0.000000,0.000000,0.000000,0.000000,0.000000_0.000000i,0.000000_0.000000i,0,1,0,0.00
1386941811,0,0,0,0,0.000000,0.000000,0.000000,0.000000,0.000000,0.000000,0.000000_0.000000i,0.000000_0.000000i,0,1,0,0.00
1386941812,0,0,0,0,0.000000,0.000000,0.000000,0.000000,0.000000,0.000000,0.000000_0.000000i,0.000000_0.000000i,0,1,0,0.00
1386941812,0,0,0,0,0.000000,0.000000,0.000000,0.000000,0.000000,0.000000,0.000000_0.000000i,0.000000_0.000000i,0,1,0,0.00
1386941812,0,0,0,0,0.000000,0.000000,0.000000,0.000000,0.000000,0.000000,0.000000_0.000000i,0.000000_0.000000i,0,1,0,0.00
1386941812,0,0,0,0,0.000000,0.000000,0.000000,0.000000,0.000000,0.000000,0.000000_0.000000i,0.000000_0.000000i,0,1,0,0.00
1386941813,0,0,0,0,0.000000,0.000000,0.000000,0.000000,0.000000,0.000000,0.000000_0.000000i,0.000000_0.000000i,0,1,0,0.00
1386941813,0,0,0,0,0.000000,0.000000,0.000000,0.000000,0.000000,0.000000,0.000000_0.000000i,0.000000_0.000000i,0,1,0,0.00
1386941813,0,0,0,0,0.000000,0.000000,0.000000,0.000000,0.000000,0.000000,0.000000_0.000000i,0.000000_0.000000i,0,1,0,0.00
1386941813,0,0,0,0,0.000000,0.000000,0.000000,0.000000,0.000000,0.000000,0.000000_0.000000i,0.000000_0.000000i,0,1,0,0.00
1386941814,0,0,0,0,0.000000,0.000000,0.000000,0.000000,0.000000,0.000000,0.000000_0.000000i,0.000000_0.000000i,0,1,0,0.00
1386941814,0,0,0,0,0.000000,0.000000,0.000000,0.000000,0.000000,0.000000,0.000000_0.000000i,0.000000_0.000000i,0,1,0,0.00
1386941814,0,0,0,0,0.000000,0.000000,0.000000,0.000000,0.000000,0.000000,0.000000_0.000000i,0.000000_0.000000i,0,1,0,0.00
1386941814,0,0,0,0,0.000000,0.000000,0.000000,0.000000,0.000000,0.000000,0.000000_0.000000i,0.000000_0.000000i,0,1,0,0.00
1386941815,0,0,0,0,0.000000,0.000000,0.000000,0.000000,0.000000,0.000000,0.000000_0.000000i,0.000000_0.000000i,0,1,0,0.00
1386941815,0,0,0,0,0.000000,0.000000,0.000000,0.000000,0.000000,0.000000,0.000000_0.000000i,0.000000_0.000000i,0,1,0,0.00
1386941815,0,0,0,0,0.000000,0.000000,0.000000,0.000000,0.000000,0.000000,0.000000_0.000000i,0.000000_0.000000i,0,1,0,0.00
1386941815,0,0,0,0,0.000000,0.000000,0.000000,0.000000,0.000000,0.000000,0.000000_0.000000i,0.000000_0.000000i,0,1,0,0.00
1386941816,0,0,0,0,0.000000,0.000000,0.000000,0.000000,0.000000,0.000000,0.000000_0.000000i,0.000000_0.000000i,0,1,0,0.00
1386941816,0,0,0,0,0.000000,0.000000,0.000000,0.000000,0.000000,0.000000,0.000000_0.000000i,0.000000_0.000000i,0,1,0,0.00
1386941816,0,0,0,0,0.000000,0.000000,0.000000,0.000000,0.000000,0.000000,0.000000_0.000000i,0.000000_0.000000i,0,1,0,0.00
1386941816,0,0,0,0,0.000000,0.000000,0.000000,0.000000,0.000000,0.000000,0.000000_0.000000i,0.000000_0.000000i,0,1,0,0.00
1386941817,0,0,0,0,0.000000,0.000000,0.000000,0.000000,0.000000,0.000000,0.000000_0.000000i,0.000000_0.000000i,0,1,0,0.00
1386941817,0,0,0,0,0.000000,0.000000,0.000000,0.000000,0.000000,0.000000,0.000000_0.000000i,0.000000_0.000000i,0,1,0,0.00
1386941817,0,0,0,0,0.000000,0.000000,0.000000,0.000000,0.000000,0.000000,0.000000_0.000000i,0.000000_0.000000i,0,1,0,0.00
1386941817,0,0,0,0,0.000000,0.000000,0.000000,0.000000,0.000000,0.000000,0.000000_0.000000i,0.000000_0.000000i,0,1,0,0.00
1386941818,0,0,0,0,0.000000,0.000000,0.000000,0.000000,0.000000,0.000000,0.000000_0.000000i,0.000000_0.000000i,0,1,0,0.00
1386941818,0,0,0,0,0.000000,0.000000,0.000000,0.000000,0.000000,0.000000,0.000000_0.000000i,0.000000_0.000000i,0,1,0,0.00
1386941818,0,0,0,0,0.000000,0.000000,0.000000,0.000000,0.000000,0.000000,0.000000_0.000000i,0.000000_0.000000i,0,1,0,0.00
1386941818,0,0,0,0,0.000000,0.000000,0.000000,0.000000,0.000000,0.000000,0.000000_0.000000i,0.000000_0.000000i,0,1,0,0.00
1386941819,0,0,0,0,0.000000,0.000000,0.000000,0.000000,0.000000,0.000000,0.000000_0.000000i,0.000000_0.000000i,0,1,0,0.00
1386941819,0,0,0,0,0.000000,0.000000,0.000000,0.000000,0.000000,0.000000,0.000000_0.000000i,0.000000_0.000000i,0,1,0,0.00
1386941819,0,0,0,0,0.000000,0.000000,0.000000,0.000000,0.000000,0.000000,0.000000_0.000000i,0.000000_0.000000i,0,1,0,0.00
1386941819,0,0,0,0,0.000000,0.000000,0.000000,0.000000,0.000000,0.000000,0.000000_0.000000i,0.000000_0.000000i,0,1,0,0.00
1386941820,0,0,0,0,0.000000,0.000000,0.000000,0.000000,0.000000,0.000000,0.000000_0.000000i,0.000000_0.000000i,0,1,0,0.00
1386941820,0,0,0,0,0.000000,0.000000,0.000000,0.000000,0.000000,0.000000,0.000000_0.000000i,0.000000_0.000000i,0,1,0,0.00
1386941820,0,0,0,0,0.000000,0.000000,0.000000,0.000000,0.000000,0.000000,0.000000_0.000000i,0.000000_0.000000i,0,1,0,0.00
1386941820,0,0,0,0,0.000000,0.000000,0.000000,0.000000,0.000000,0.000000,0.000000_0.000000i,0.000000_0.000000i,0,1,0,0.00
1386941821,0,0,0,0,0.000000,0.000000,0.000000,0.000000,0.000000,0.000000,0.000000_0.000000i,0.000000_0.000000i,0,1,0,0.00
1386941821,0,0,0,0,0.000000,0.000000,0.000000,0.000000,0.000000,0.000000,0.000000_0.000000i,0.000000_0.000000i,0,1,0,0.00
1386941821,0,0,0,0,0.000000,0.000000,0.000000,0.000000,0.000000,0.000000,0.000000_0.000000i,0.000000_0.000000i,0,1,0,0.00
1386941821,0,0,0,0,0.000000,0.000000,0.000000,0.000000,0.000000,0.000000,0.000000_0.000000i,0.000000_0.000000i,0,1,0,0.00
1386941822,0,0,0,0,0.000000,0.000000,0.000000,0.000000,0.000000,0.000000,0.000000_0.000000i,0.000000_0.000000i,0,1,0,0.00
1386941822,0,0,0,0,0.000000,0.000000,0.000000,0.000000,0.000000,0.000000,0.000000_0.000000i,0.000000_0.000000i,0,1,0,0.00
1386941822,0,0,0,0,0.000000,0.000000,0.000000,0.000000,0.000000,0.000000,0.000000_0.000000i,0.000000_0.000000i,0,1,0,0.00
1386941822,0,0,0,0,0.000000,0.000000,0.000000,0.000000,0.000000,0.000000,0.000000_0.000000i,0.000000_0.000000i,0,1,0,0.00
1386941823,0,0,0,0,0.000000,0.000000,0.000000,0.000000,0.000000,0.000000,0.000000_0.000000i,0.000000_0.000000i,0,1,0,0.00
1386941823,0,0,0,0,0.000000,0.000000,0.000000,0.000000,0.000000,0.000000,0.000000_0.000000i,0.000000_0.000000i,0,1,0,0.00
1386941823,0,0,0,0,0.000000,0.000000,0.000000,0.000000,0.000000,0.000000,0.000000_0.000000i,0.000000_0.000000i,0,1,0,0.00
1386941823,0,0,0,0,0.000000,0.000000,0.000000,0.000000,0.000000,0.000000,0.000000_0.000000i,0.000000_0.000000i,0,1,0,0.00
1386941824,0,0,0,0,0.000000,0.000000,0.000000,0.000000,0.000000,0.000000,0.000000_0.000000i,0.000000_0.000000i,0,1,0,0.00
1386941824,0,0,0,0,0.000000,0.000000,0.000000,0.000000,0.000000,0.000000,0.000000_0.000000i,0.000000_0.000000i,0,1,0,0.00
1386941824,0,0,0,0,0.000000,0.000000,0.000000,0.000000,0.000000,0.000000,0.000000_0.000000i,0.000000_0.000000i,0,1,0,0.00
1386941824,0,0,0,0,0.000000,0.000000,0.000000,0.000000,0.000000,0.000000,0.000000_0.000000i,0.000000_0.000000i,0,1,0,0.00
1386941825,0,0,0,0,0.000000,0.000000,0.000000,0.000000,0.000000,0.000000,0.000000_0.000000i,0.000000_0.000000i,0,1,0,0.00
1386941825,0,0,0,0,0.000000,0.000000,0.000000,0.000000,0.000000,0.000000,0.000000_0.000000i,0.000000_0.000000i,0,1,0,0.00
1386941825,0,0,0,0,0.000000,0.000000,0.000000,0.000000,0.000000,0.000000,0.000000_0.000000i,0.000000_0.000000i,0,1,0,0.00
1386941825,0,0,0,0,0.000000,0.000000,0.000000,0.000000,0.000000,0.000000,0.000000_0.000000i,0.000000_0.000000i,0,1,0,0.00
1386941826,0,0,0,0,0.000000,0.000000,0.000000,0.000000,0.000000,0.000000,0.000000_0.000000i,0.000000_0.000000i,0,1,0,0.00
1386941826,0,0,0,0,0.000000,0.000000,0.000000,0.000000,0.000000,0.000000,0.000000_0.000000i,0.000000_0.000000i,0,1,0,0.00
1386941826,0,0,0,0,0.000000,0.000000,0.000000,0.000000,0.000000,0.000000,0.000000_0.000000i,0.000000_0.000000i,0,1,0,0.00
1386941826,0,0,0,0,0.000000,0.000000,0.000000,0.000000,0.000000,0.000000,0.000000_0.000000i,0.000000_0.000000i,0,1,0,0.00
1386941827,0,0,0,0,0.000000,0.000000,0.000000,0.000000,0.000000,0.000000,0.000000_0.000000i,0.000000_0.000000i,0,1,0,0.00
1386941827,0,0,0,0,0.000000,0.000000,0.000000,0.000000,0.000000,0.000000,0.000000_0.000000i,0.000000_0.000000i,0,1,0,0.00
1386941827,0,0,0,0,0.000000,0.000000,0.000000,0.000000,0.000000,0.000000,0.000000_0.000000i,0.000000_0.000000i,0,1,0,0.00
1386941827,0,0,0,0,0.000000,0.000000,0.000000,0.000000,0.000000,0.000000,0.000000_0.000000i,0.000000_0.000000i,0,1,0,0.00
1386941828,0,0,0,0,0.000000,0.000000,0.000000,0.000000,0.000000,0.000000,0.000000_0.000000i,0.000000_0.000000i,0,1,0,0.00
1386941828,0,0,0,0,0.000000,0.000000,0.000000,0.000000,0.000000,0.000000,0.000000_0.000000i,0.000000_0.000000i,0,1,0,0.00
1386941828,0,0,0,0,0.000000,0.000000,0.000000,0.000000,0.000000,0.000000,0.000000_0.000000i,0.000000_0.000000i,0,1,0,0.00
1386941828,0,0,0,0,0.000000,0.000000,0.000000,0.000000,0.000000,0.000000,0.000000_0.000000i,0.000000_0.000000i,0,1,0,0.00
1386941829,0,0,0,0,0.000000,0.000000,0.000000,0.000000,0.000000,0.000000,0.000000_0.000000i,0.000000_0.000000i,0,1,0,0.00
1386941829,0,0,0,0,0.000000,0.000000,0.000000,0.000000,0.000000,0.000000,0.000000_0.000000i,0.000000_0.000000i,0,1,0,0.00
1386941829,0,0,0,0,0.000000,0.000000,0.000000,0.000000,0.000000,0.000000,0.000000_0.000000i,0.000000_0.000000i,0,1,0,0.00
1386941829,0,0,0,0,0.000000,0.000000,0.000000,0.000000,0.000000,0.000000,0.000000_0.000000i,0.000000_0.000000i,0,1,0,0.00
1386941830,0,0,0,0,0.000000,0.000000,0.000000,0.000000,0.000000,0.000000,0.000000_0.000000i,0.000000_0.000000i,0,1,0,0.00
1386941830,0,0,0,0,0.000000,0.000000,0.000000,0.000000,0.000000,0.000000,0.000000_0.000000i,0.000000_0.000000i,0,1,0,0.00
1386941830,0,0,0,0,0.000000,0.000000,0.000000,0.000000,0.000000,0.000000,0.000000_0.000000i,0.000000_0.000000i,0,1,0,0.00
1386941830,0,0,0,0,0.000000,0.000000,0.000000,0.000000,0.000000,0.000000,0.000000_0.000000i,0.000000_0.000000i,0,1,0,0.00
1386941831,0,0,0,0,0.000000,0.000000,0.000000,0.000000,0.000000,0.000000,0.000000_0.000000i,0.000000_0.000000i,0,1,0,0.00
1386941831,0,0,0,0,0.000000,0.000000,0.000000,0.000000,0.000000,0.000000,0.000000_0.000000i,0.000000_0.000000i,0,1,0,0.00
1386941831,1,0,0,2,-6.601587,0.000000,-0.738233,5.765172,-1.099078,-74.296227,610.056580_-201.084869i,475.114685_-432.284851i,0,1,0,0.00
1386941831,1,0,0,2,-6.602573,0.000000,-0.739218,5.704667,-1.099078,-74.215858,610.056580_-201.084869i,475.114685_-432.284851i,0,1,0,0.00
1386941832,1,0,0,2,-6.602906,0.000000,-0.739552,5.662779,-1.099078,-74.188728,610.056580_-201.084869i,475.114685_-432.284851i,0,1,0,0.00
1386941832,1,0,0,2,-6.603242,0.000000,-0.739887,5.630199,-1.099078,-74.161453,610.056580_-201.084869i,475.114685_-432.284851i,0,1,0,0.00
1386941832,1,0,0,2,-6.603549,0.000000,-0.740195,5.606928,-1.099078,-74.136490,610.056580_-201.084869i,475.114685_-432.284851i,0,1,0,0.00
1386941832,1,0,0,2,-6.603889,0.000000,-0.740534,5.588312,-1.099078,-74.108940,610.056580_-201.084869i,475.114685_-432.284851i,0,1,0,0.00
1386941833,1,0,0,2,-6.603564,0.000000,-0.740210,5.574349,-1.099078,-74.135269,610.056580_-201.084869i,475.114685_-432.284851i,0,1,0,0.00
1386941833,1,0,0,2,-6.603876,0.000000,-0.740521,5.565040,-1.099078,-74.110016,610.056580_-201.084869i,475.114685_-432.284851i,0,1,0,0.00
1386941833,1,0,0,2,-6.604220,0.000000,-0.740865,5.560386,-1.099078,-74.082146,610.056580_-201.084869i,475.114685_-432.284851i,0,1,0,0.00
1386941833,1,0,0,2,-6.604535,0.000000,-0.741180,5.555732,-1.099078,-74.056625,610.056580_-201.084869i,475.114685_-432.284851i,0,1,0,0.00
1386941834,1,0,0,2,-6.604208,0.000000,-0.740854,5.551077,-1.099078,-74.083061,610.056580_-201.084869i,475.114685_-432.284851i,0,1,0,0.00
1386941834,1,0,0,2,-6.603911,0.000000,-0.740556,5.546423,-1.099078,-74.107185,610.056580_-201.084869i,475.114685_-432.284851i,0,1,0,0.00
1386941834,1,0,0,2,-6.604228,0.000000,-0.740873,5.546423,-1.099078,-74.081467,610.056580_-201.084869i,475.114685_-432.284851i,0,1,0,0.00
1386941834,1,0,0,2,-6.604548,0.000000,-0.741193,5.546423,-1.099078,-74.055611,610.056580_-201.084869i,475.114685_-432.284851i,0,1,0,0.00
1386941835,1,0,0,2,-6.604869,0.000000,-0.741514,5.546423,-1.099078,-74.029617,610.056580_-201.084869i,475.114685_-432.284851i,0,1,0,0.00
1386941835,1,0,0,2,-6.604538,0.000000,-0.741183,5.546423,-1.099078,-74.056366,610.056580_-201.084869i,475.114685_-432.284851i,0,1,0,0.00
1386941835,1,0,0,2,-6.604205,0.000000,-0.740850,5.546423,-1.099078,-74.083328,610.056580_-201.084869i,475.114685_-432.284851i,0,1,0,0.00
1386941835,1,0,0,2,-6.604528,0.000000,-0.741174,5.546423,-1.099078,-74.057137,610.056580_-201.084869i,475.114685_-432.284851i,0,1,0,0.00
1386941836,1,0,0,2,-6.604854,0.000000,-0.741500,5.546423,-1.099078,-74.030807,610.056580_-201.084869i,475.114685_-432.284851i,0,1,0,0.00
1386941836,1,0,0,2,-6.604519,0.000000,-0.741164,5.546423,-1.099078,-74.057915,610.056580_-201.084869i,475.114685_-432.284851i,0,1,0,0.00
1386941836,1,0,0,2,-6.604182,0.000000,-0.740827,5.546423,-1.099078,-74.085236,610.056580_-201.084869i,475.114685_-432.284851i,0,1,0,0.00
1386941836,1,0,0,2,-6.604509,0.000000,-0.741155,5.546423,-1.099078,-74.058701,610.056580_-201.084869i,475.114685_-432.284851i,0,1,0,0.00
1386941837,1,0,0,2,-6.604839,0.000000,-0.741484,5.546423,-1.099078,-74.032021,610.056580_-201.084869i,475.114685_-432.284851i,0,1,0,0.00
1386941837,1,0,0,2,-6.605171,0.000000,-0.741816,5.546423,-1.099078,-74.005203,610.056580_-201.084869i,475.114685_-432.284851i,0,1,0,0.00
1386941837,1,0,0,2,-6.604864,0.000000,-0.741509,5.546423,-1.099078,-74.030022,610.056580_-201.084869i,475.114685_-432.284851i,0,1,0,0.00
1386941837,1,0,0,2,-6.604522,0.000000,-0.741167,5.546423,-1.099078,-74.057678,610.056580_-201.084869i,475.114685_-432.284851i,0,1,0,0.00
1386941838,1,0,0,2,-6.604856,0.000000,-0.741502,5.546423,-1.099078,-74.030632,610.056580_-201.084869i,475.114685_-432.284851i,0,1,0,0.00
1386941838,1,0,0,2,-6.605193,0.000000,-0.741838,5.546423,-1.099078,-74.003441,610.056580_-201.084869i,475.114685_-432.284851i,0,1,0,0.00
1386941838,1,0,0,2,-6.604849,0.000000,-0.741494,5.546423,-1.099078,-74.031250,610.056580_-201.084869i,475.114685_-432.284851i,0,1,0,0.00
1386941838,1,0,0,2,-6.604502,0.000000,-0.741147,5.546423,-1.099078,-74.059288,610.056580_-201.084869i,475.114685_-432.284851i,0,1,0,0.00
1386941839,1,0,0,2,-6.604841,0.000000,-0.741486,5.546423,-1.099078,-74.031883,610.056580_-201.084869i,475.114685_-432.284851i,0,1,0,0.00
1386941839,1,0,0,2,-6.605182,0.000000,-0.741827,5.546423,-1.099078,-74.004318,610.056580_-201.084869i,475.114685_-432.284851i,0,1,0,0.00
1386941839,1,0,0,2,-6.605525,0.000000,-0.742171,5.546423,-1.099078,-73.976593,610.056580_-201.084869i,475.114685_-432.284851i,0,1,0,0.00
1386941839,1,0,0,2,-6.605176,0.000000,-0.741822,5.546423,-1.099078,-74.004761,610.056580_-201.084869i,475.114685_-432.284851i,0,1,0,0.00
1386941840,1,0,0,2,-6.604825,0.000000,-0.741470,5.546423,-1.099078,-74.033165,610.056580_-201.084869i,475.114685_-432.284851i,0,1,0,0.00
1386941840,1,0,0,2,-6.605171,0.000000,-0.741816,5.546423,-1.099078,-74.005219,610.056580_-201.084869i,475.114685_-432.284851i,0,1,0,0.00
1386941840,1,0,0,2,-6.605519,0.000000,-0.742164,5.546423,-1.099078,-73.977112,610.056580_-201.084869i,475.114685_-432.284851i,0,1,0,0.00
1386941840,1,0,0,2,-6.605199,0.000000,-0.741845,5.546423,-1.099078,-74.002930,610.056580_-201.084869i,475.114685_-432.284851i,0,1,0,0.00
1386941841,1,0,0,2,-6.604843,0.000000,-0.741488,5.546423,-1.099078,-74.031731,610.056580_-201.084869i,475.114685_-432.284851i,0,1,0,0.00
1386941841,1,0,0,2,-6.605194,0.000000,-0.741839,5.546423,-1.099078,-74.003380,610.056580_-201.084869i,475.114685_-432.284851i,0,1,0,0.00
1386941841,1,0,0,2,-6.605547,0.000000,-0.742192,5.546423,-1.099078,-73.974869,610.056580_-201.084869i,475.114685_-432.284851i,0,1,0,0.00
1386941841,1,0,0,2,-6.605188,0.000000,-0.741833,5.546423,-1.099078,-74.003830,610.056580_-201.084869i,475.114685_-432.284851i,0,1,0,0.00
1386941842,1,0,0,2,-6.604826,0.000000,-0.741472,5.546423,-1.099078,-74.033043,610.056580_-201.084869i,475.114685_-432.284851i,0,1,0,0.00
1386941842,1,0,0,2,-6.605182,0.000000,-0.741828,5.546423,-1.099078,-74.004295,610.056580_-201.084869i,475.114685_-432.284851i,0,1,0,0.00
1386941842,1,0,0,2,-6.605541,0.000000,-0.742186,5.546423,-1.099078,-73.975380,610.056580_-201.084869i,475.114685_-432.284851i,0,1,0,0.00
1386941843,1,0,0,2,-6.605902,0.000000,-0.742547,5.546423,-1.099078,-73.946289,610.056580_-201.084869i,475.114685_-432.284851i,0,1,0,0.00
1386941843,1,0,0,2,-6.605537,0.000000,-0.742183,5.546423,-1.099078,-73.975632,610.056580_-201.084869i,475.114685_-432.284851i,0,1,0,0.00
1386941843,1,0,0,2,-6.605171,0.000000,-0.741816,5.546423,-1.099078,-74.005241,610.056580_-201.084869i,475.114685_-432.284851i,0,1,0,0.00
1386941843,1,0,0,2,-6.605534,0.000000,-0.742180,5.546423,-1.099078,-73.975899,610.056580_-201.084869i,475.114685_-432.284851i,0,1,0,0.00
1386941844,1,0,0,2,-6.605900,0.000000,-0.742546,5.546423,-1.099078,-73.946388,610.056580_-201.084869i,475.114685_-432.284851i,0,1,0,0.00
1386941844,1,0,0,2,-6.605567,0.000000,-0.742212,5.546423,-1.099078,-73.973289,610.056580_-201.084869i,475.114685_-432.284851i,0,1,0,0.00
1386941844,1,0,0,2,-6.605195,0.000000,-0.741840,5.546423,-1.099078,-74.003319,610.056580_-201.084869i,475.114685_-432.284851i,0,1,0,0.00
1386941844,1,0,0,2,-6.605564,0.000000,-0.742209,5.546423,-1.099078,-73.973541,610.056580_-201.084869i,475.114685_-432.284851i,0,1,0,0.00
1386941845,1,0,0,2,-6.605935,0.000000,-0.742580,5.546423,-1.099078,-73.943573,610.056580_-201.084869i,475.114685_-432.284851i,0,1,0,0.00
1386941845,1,0,0,2,-6.606309,0.000000,-0.742955,5.546423,-1.099078,-73.913429,610.056580_-201.084869i,475.114685_-432.284851i,0,1,0,0.00
1386941845,1,0,0,2,-6.605935,0.000000,-0.742580,5.546423,-1.099078,-73.943604,610.056580_-201.084869i,475.114685_-432.284851i,0,1,0,0.00
1386941845,1,0,0,2,-6.605557,0.000000,-0.742202,5.546423,-1.099078,-73.974045,610.056580_-201.084869i,475.114685_-432.284851i,0,1,0,0.00
1386941846,1,0,0,2,-6.605935,0.000000,-0.742580,5.546423,-1.099078,-73.943634,610.056580_-201.084869i,475.114685_-432.284851i,0,1,0,0.00
1386941846,1,0,0,2,-6.606315,0.000000,-0.742960,5.546423,-1.099078,-73.913033,610.056580_-201.084869i,475.114685_-432.284851i,0,1,0,0.00
1386941846,1,0,0,2,-6.605934,0.000000,-0.742579,5.546423,-1.099078,-73.943665,610.056580_-201.084869i,475.114685_-432.284851i,0,1,0,0.00
1386941846,1,0,0,2,-6.605551,0.000000,-0.742196,5.546423,-1.099078,-73.974571,610.056580_-201.084869i,475.114685_-432.284851i,0,1,0,0.00
1386941847,1,0,0,2,-6.605934,0.000000,-0.742579,5.546423,-1.099078,-73.943695,610.056580_-201.084869i,475.114685_-432.284851i,0,1,0,0.00
1386941847,1,0,0,2,-6.606319,0.000000,-0.742965,5.546423,-1.099078,-73.912628,610.056580_-201.084869i,475.114685_-432.284851i,0,1,0,0.00
1386941847,1,0,0,2,-6.606746,0.000000,-0.743391,5.546423,-1.099078,-73.878342,610.056580_-201.084869i,475.114685_-432.284851i,0,1,0,0.00
1386941847,1,0,0,2,-6.606360,0.000000,-0.743005,5.546423,-1.099078,-73.909386,610.056580_-201.084869i,475.114685_-432.284851i,0,1,0,0.00
1386941848,1,0,0,2,-6.605971,0.000000,-0.742616,5.546423,-1.099078,-73.940712,610.056580_-201.084869i,475.114685_-432.284851i,0,1,0,0.00
1386941848,1,0,0,2,-6.606363,0.000000,-0.743008,5.546423,-1.099078,-73.909142,610.056580_-201.084869i,475.114685_-432.284851i,0,1,0,0.00
1386941848,1,0,0,2,-6.606758,0.000000,-0.743403,5.546423,-1.099078,-73.877380,610.056580_-201.084869i,475.114685_-432.284851i,0,1,0,0.00
1386941848,1,0,0,2,-6.606366,0.000000,-0.743011,5.546423,-1.099078,-73.908905,610.056580_-201.084869i,475.114685_-432.284851i,0,1,0,0.00
1386941849,1,0,0,2,-6.605970,0.000000,-0.742616,5.546423,-1.099078,-73.940727,610.056580_-201.084869i,475.114685_-432.284851i,0,1,0,0.00
1386941849,1,0,0,2,-6.606369,0.000000,-0.743014,5.546423,-1.099078,-73.908661,610.056580_-201.084869i,475.114685_-432.284851i,0,1,0,0.00
1386941849,1,0,0,2,-6.606771,0.000000,-0.743416,5.546423,-1.099078,-73.876381,610.056580_-201.084869i,475.114685_-432.284851i,0,1,0,0.00
1386941849,1,0,0,2,-6.607175,0.000000,-0.743820,5.546423,-1.099078,-73.843903,610.056580_-201.084869i,475.114685_-432.284851i,0,1,0,0.00
1386941850,1,0,0,2,-6.606777,0.000000,-0.743422,5.546423,-1.099078,-73.875877,610.056580_-201.084869i,475.114685_-432.284851i,0,1,0,0.00
1386941850,1,0,0,2,-6.606375,0.000000,-0.743020,5.546423,-1.099078,-73.908165,610.056580_-201.084869i,475.114685_-432.284851i,0,1,0,0.00
1386941850,1,0,0,2,-6.606783,0.000000,-0.743428,5.546423,-1.099078,-73.875359,610.056580_-201.084869i,475.114685_-432.284851i,0,1,0,0.00
1386941850,1,0,0,2,-6.607234,0.000000,-0.743879,5.546423,-1.099078,-73.839165,610.056580_-201.084869i,475.114685_-432.284851i,0,1,0,0.00
1386941851,1,0,0,2,-6.606829,0.000000,-0.743475,5.546423,-1.099078,-73.871643,610.056580_-201.084869i,475.114685_-432.284851i,0,1,0,0.00
1386941851,1,0,0,2,-6.606421,0.000000,-0.743067,5.546423,-1.099078,-73.904434,610.056580_-201.084869i,475.114685_-432.284851i,0,1,0,0.00
1386941851,1,0,0,2,-6.606876,0.000000,-0.743522,5.546423,-1.099078,-73.867859,610.056580_-201.084869i,475.114685_-432.284851i,0,1,0,0.00
1386941851,1,0,0,2,-6.607295,0.000000,-0.743940,5.546423,-1.099078,-73.834267,610.056580_-201.084869i,475.114685_-432.284851i,0,1,0,0.00
1386941852,1,0,0,2,-6.606884,0.000000,-0.743529,5.546423,-1.099078,-73.867264,610.056580_-201.084869i,475.114685_-432.284851i,0,1,0,0.00
1386941852,1,0,0,2,-6.606469,0.000000,-0.743115,5.546423,-1.099078,-73.900589,610.056580_-201.084869i,475.114685_-432.284851i,0,1,0,0.00
1386941852,1,0,0,2,-6.606891,0.000000,-0.743537,5.546423,-1.099078,-73.866653,610.056580_-201.084869i,475.114685_-432.284851i,0,1,0,0.00
1386941852,1,0,0,2,-6.607317,0.000000,-0.743962,5.546423,-1.099078,-73.832497,610.056580_-201.084869i,475.114685_-432.284851i,0,1,0,0.00
1386941853,1,0,0,2,-6.607746,0.000000,-0.744391,5.546423,-1.099078,-73.798103,610.056580_-201.084869i,475.114685_-432.284851i,0,1,0,0.00
1386941853,1,0,0,2,-6.607328,0.000000,-0.743973,5.546423,-1.099078,-73.831589,610.056580_-201.084869i,475.114685_-432.284851i,0,1,0,0.00
1386941853,1,0,0,2,-6.606907,0.000000,-0.743552,5.546423,-1.099078,-73.865410,610.056580_-201.084869i,475.114685_-432.284851i,0,1,0,0.00
1386941853,1,0,0,2,-6.607340,0.000000,-0.743985,5.546423,-1.099078,-73.830666,610.056580_-201.084869i,475.114685_-432.284851i,0,1,0,0.00
1386941854,1,0,0,2,-6.607818,0.000000,-0.744463,5.546423,-1.099078,-73.792320,610.056580_-201.084869i,475.114685_-432.284851i,0,1,0,0.00
1386941854,1,0,0,2,-6.607393,0.000000,-0.744039,5.546423,-1.099078,-73.826355,610.056580_-201.084869i,475.114685_-432.284851i,0,1,0,0.00
1386941854,1,0,0,2,-6.606965,0.000000,-0.743610,5.546423,-1.099078,-73.860741,610.056580_-201.084869i,475.114685_-432.284851i,0,1,0,0.00
1386941854,1,0,0,2,-6.607406,0.000000,-0.744051,5.546423,-1.099078,-73.825371,610.056580_-201.084869i,475.114685_-432.284851i,0,1,0,0.00
1386941855,1,0,0,2,-6.607850,0.000000,-0.744495,5.546423,-1.099078,-73.789757,610.056580_-201.084869i,475.114685_-432.284851i,0,1,0,0.00
1386941855,1,0,0,2,-6.608298,0.000000,-0.744944,5.546423,-1.099078,-73.753883,610.056580_-201.084869i,475.114685_-432.284851i,0,1,0,0.00
1386941855,1,0,0,2,-6.607867,0.000000,-0.744512,5.546423,-1.099078,-73.788437,610.056580_-201.084869i,475.114685_-432.284851i,0,1,0,0.00
1386941855,1,0,0,2,-6.607431,0.000000,-0.744076,5.546423,-1.099078,-73.823349,610.056580_-201.084869i,475.114685_-432.284851i,0,1,0,0.00
1386941856,1,0,0,2,-6.607883,0.000000,-0.744529,5.546423,-1.099078,-73.787094,610.056580_-201.084869i,475.114685_-432.284851i,0,1,0,0.00
1386941856,1,0,0,2,-6.608340,0.000000,-0.744985,5.546423,-1.099078,-73.750572,610.056580_-201.084869i,475.114685_-432.284851i,0,1,0,0.00
1386941856,1,0,0,2,-6.607901,0.000000,-0.744546,5.546423,-1.099078,-73.785728,610.056580_-201.084869i,475.114685_-432.284851i,0,1,0,0.00
1386941856,1,0,0,2,-6.607457,0.000000,-0.744102,5.546423,-1.099078,-73.821259,610.056580_-201.084869i,475.114685_-432.284851i,0,1,0,0.00
1386941857,1,0,0,2,-6.607918,0.000000,-0.744563,5.546423,-1.099078,-73.784332,610.056580_-201.084869i,475.114685_-432.284851i,0,1,0,0.00
1386941857,1,0,0,2,-6.608427,0.000000,-0.745072,5.546423,-1.099078,-73.743584,610.056580_-201.084869i,475.114685_-432.284851i,0,1,0,0.00
1386941857,1,0,0,2,-6.608896,0.000000,-0.745542,5.546423,-1.099078,-73.706108,610.056580_-201.084869i,475.114685_-432.284851i,0,1,0,0.00
1386941857,1,0,0,2,-6.608449,0.000000,-0.745095,5.541769,-1.099078,-73.741791,610.056580_-201.084869i,475.114685_-432.284851i,0,1,0,0.00
1386941858,1,0,0,2,-6.608044,0.000000,-0.744689,5.541769,-1.099078,-73.774261,610.056580_-201.084869i,475.114685_-432.284851i,0,1,0,0.00
1386941858,1,0,0,2,-6.608518,0.000000,-0.745163,5.541769,-1.099078,-73.736343,610.056580_-201.084869i,475.114685_-432.284851i,0,1,0,0.00
1386941858,1,0,0,2,-6.608996,0.000000,-0.745641,5.541769,-1.099078,-73.698135,610.056580_-201.084869i,475.114685_-432.284851i,0,1,0,0.00
1386941858,1,0,0,2,-6.608541,0.000000,-0.745187,5.541769,-1.099078,-73.734444,610.056580_-201.084869i,475.114685_-432.284851i,0,1,0,0.00
1386941859,1,0,0,2,-6.608082,0.000000,-0.744728,5.541769,-1.099078,-73.771156,610.056580_-201.084869i,475.114685_-432.284851i,0,1,0,0.00
1386941859,1,0,0,2,-6.608566,0.000000,-0.745211,5.541769,-1.099078,-73.732513,610.056580_-201.084869i,475.114685_-432.284851i,0,1,0,0.00
1386941859,1,0,0,2,-6.609054,0.000000,-0.745699,5.541769,-1.099078,-73.693573,610.056580_-201.084869i,475.114685_-432.284851i,0,1,0,0.00
1386941859,1,0,0,2,-6.608590,0.000000,-0.745236,5.541769,-1.099078,-73.730545,610.056580_-201.084869i,475.114685_-432.284851i,0,1,0,0.00
1386941860,1,0,0,2,-6.608123,0.000000,-0.744768,5.541769,-1.099078,-73.767944,610.056580_-201.084869i,475.114685_-432.284851i,0,1,0,0.00
1386941860,1,0,0,2,-6.608615,0.000000,-0.745261,5.541769,-1.099078,-73.728539,610.056580_-201.084869i,475.114685_-432.284851i,0,1,0,0.00
1386941860,1,0,0,2,-6.609113,0.000000,-0.745758,5.541769,-1.099078,-73.688835,610.056580_-201.084869i,475.114685_-432.284851i,0,1,0,0.00
1386941860,1,0,0,2,-6.609615,0.000000,-0.746260,5.541769,-1.099078,-73.648811,610.056580_-201.084869i,475.114685_-432.284851i,0,1,0,0.00
1386941861,1,0,0,2,-6.609143,0.000000,-0.745789,5.541769,-1.099078,-73.686394,610.056580_-201.084869i,475.114685_-432.284851i,0,1,0,0.00
1386941861,1,0,0,2,-6.608715,0.000000,-0.745360,5.541769,-1.099078,-73.720573,610.056580_-201.084869i,475.114685_-432.284851i,0,1,0,0.00
1386941861,1,0,0,2,-6.609223,0.000000,-0.745868,5.541769,-1.099078,-73.680054,610.056580_-201.084869i,475.114685_-432.284851i,0,1,0,0.00
1386941861,1,0,0,2,-6.609735,0.000000,-0.746381,5.541769,-1.099078,-73.639206,610.056580_-201.084869i,475.114685_-432.284851i,0,1,0,0.00
1386941862,1,0,0,2,-6.609255,0.000000,-0.745900,5.541769,-1.099078,-73.677475,610.056580_-201.084869i,475.114685_-432.284851i,0,1,0,0.00
1386941862,1,0,0,2,-6.608770,0.000000,-0.745415,5.541769,-1.099078,-73.716202,610.056580_-201.084869i,475.114685_-432.284851i,0,1,0,0.00
1386941862,1,0,0,2,-6.609288,0.000000,-0.745933,5.541769,-1.099078,-73.674850,610.056580_-201.084869i,475.114685_-432.284851i,0,1,0,0.00
1386941862,1,0,0,2,-6.609811,0.000000,-0.746457,5.541769,-1.099078,-73.633163,610.056580_-201.084869i,475.114685_-432.284851i,0,1,0,0.00
1386941863,1,0,0,2,-6.610340,0.000000,-0.746985,5.541769,-1.099078,-73.591133,610.056580_-201.084869i,475.114685_-432.284851i,0,1,0,0.00
1386941863,1,0,0,2,-6.609850,0.000000,-0.746496,5.541769,-1.099078,-73.630051,610.056580_-201.084869i,475.114685_-432.284851i,0,1,0,0.00
1386941863,1,0,0,2,-6.609356,0.000000,-0.746001,5.541769,-1.099078,-73.669441,610.056580_-201.084869i,475.114685_-432.284851i,0,1,0,0.00
1386941863,1,0,0,2,-6.609890,0.000000,-0.746536,5.541769,-1.099078,-73.626877,610.056580_-201.084869i,475.114685_-432.284851i,0,1,0,0.00
1386941864,1,0,0,2,-6.610430,0.000000,-0.747075,5.541769,-1.099078,-73.583954,610.056580_-201.084869i,475.114685_-432.284851i,0,1,0,0.00
1386941864,1,0,0,2,-6.609931,0.000000,-0.746576,5.541769,-1.099078,-73.623627,610.056580_-201.084869i,475.114685_-432.284851i,0,1,0,0.00
1386941864,1,0,0,2,-6.609478,0.000000,-0.746123,5.541769,-1.099078,-73.659698,610.056580_-201.084869i,475.114685_-432.284851i,0,1,0,0.00
1386941864,1,0,0,2,-6.610024,0.000000,-0.746670,5.541769,-1.099078,-73.616196,610.056580_-201.084869i,475.114685_-432.284851i,0,1,0,0.00
1386941865,1,0,0,2,-6.610577,0.000000,-0.747222,5.541769,-1.099078,-73.572327,610.056580_-201.084869i,475.114685_-432.284851i,0,1,0,0.00
1386941865,1,0,0,2,-6.611134,0.000000,-0.747779,5.541769,-1.099078,-73.528084,610.056580_-201.084869i,475.114685_-432.284851i,0,1,0,0.00
1386941865,1,0,0,2,-6.610626,0.000000,-0.747271,5.541769,-1.099078,-73.568420,610.056580_-201.084869i,475.114685_-432.284851i,0,1,0,0.00
1386941865,1,0,0,2,-6.610112,0.000000,-0.746757,5.541769,-1.099078,-73.609276,610.056580_-201.084869i,475.114685_-432.284851i,0,1,0,0.00
1386941866,1,0,0,2,-6.610676,0.000000,-0.747321,5.541769,-1.099078,-73.564430,610.056580_-201.084869i,475.114685_-432.284851i,0,1,0,0.00
1386941866,1,0,0,2,-6.611246,0.000000,-0.747892,5.541769,-1.099078,-73.519196,610.056580_-201.084869i,475.114685_-432.284851i,0,1,0,0.00
1386941866,1,0,0,2,-6.610727,0.000000,-0.747373,5.541769,-1.099078,-73.560356,610.056580_-201.084869i,475.114685_-432.284851i,0,1,0,0.00
1386941866,1,0,0,2,-6.610202,0.000000,-0.746848,5.541769,-1.099078,-73.602051,610.056580_-201.084869i,475.114685_-432.284851i,0,1,0,0.00
1386941867,1,0,0,2,-6.610780,0.000000,-0.747425,5.541769,-1.099078,-73.556190,610.056580_-201.084869i,475.114685_-432.284851i,0,1,0,0.00
1386941867,1,0,0,2,-6.611363,0.000000,-0.748009,5.541769,-1.099078,-73.509911,610.056580_-201.084869i,475.114685_-432.284851i,0,1,0,0.00
1386941867,1,0,0,2,-6.611953,0.000000,-0.748599,5.541769,-1.099078,-73.463226,610.056580_-201.084869i,475.114685_-432.284851i,0,1,0,0.00
1386941867,1,0,0,2,-6.611479,0.000000,-0.748125,5.541769,-1.099078,-73.500725,610.056580_-201.084869i,475.114685_-432.284851i,0,1,0,0.00
1386941868,1,0,0,2,-6.610944,0.000000,-0.747589,5.541769,-1.099078,-73.543152,610.056580_-201.084869i,475.114685_-432.284851i,0,1,0,0.00
1386941868,1,0,0,2,-6.611542,0.000000,-0.748187,5.541769,-1.099078,-73.495773,610.056580_-201.084869i,475.114685_-432.284851i,0,1,0,0.00
1386941868,1,0,0,2,-6.612146,0.000000,-0.748792,5.541769,-1.099078,-73.447952,610.056580_-201.084869i,475.114685_-432.284851i,0,1,0,0.00
1386941869,1,0,0,2,-6.611606,0.000000,-0.748251,5.541769,-1.099078,-73.490707,610.056580_-201.084869i,475.114685_-432.284851i,0,1,0,0.00
1386941869,1,0,0,2,-6.611059,0.000000,-0.747704,5.541769,-1.099078,-73.534042,610.056580_-201.084869i,475.114685_-432.284851i,0,1,0,0.00
1386941869,1,0,0,2,-6.611671,0.000000,-0.748317,5.541769,-1.099078,-73.485519,610.056580_-201.084869i,475.114685_-432.284851i,0,1,0,0.00
1386941869,1,0,0,2,-6.612291,0.000000,-0.748936,5.541769,-1.099078,-73.436554,610.056580_-201.084869i,475.114685_-432.284851i,0,1,0,0.00
1386941870,1,0,0,2,-6.611738,0.000000,-0.748384,5.541769,-1.099078,-73.480217,610.056580_-201.084869i,475.114685_-432.284851i,0,1,0,0.00
1386941870,1,0,0,2,-6.611179,0.000000,-0.747825,5.541769,-1.099078,-73.524506,610.056580_-201.084869i,475.114685_-432.284851i,0,1,0,0.00
1386941870,1,0,0,2,-6.611807,0.000000,-0.748452,5.541769,-1.099078,-73.474792,610.056580_-201.084869i,475.114685_-432.284851i,0,1,0,0.00
1386941870,1,0,0,2,-6.612442,0.000000,-0.749087,5.541769,-1.099078,-73.424606,610.056580_-201.084869i,475.114685_-432.284851i,0,1,0,0.00
1386941871,1,0,0,2,-6.613084,0.000000,-0.749730,5.541769,-1.099078,-73.373932,610.056580_-201.084869i,475.114685_-432.284851i,0,1,0,0.00
1386941871,1,0,0,2,-6.612580,0.000000,-0.749226,5.541769,-1.099078,-73.413673,610.056580_-201.084869i,475.114685_-432.284851i,0,1,0,0.00
1386941871,1,0,0,2,-6.612010,0.000000,-0.748655,5.541769,-1.099078,-73.458771,610.056580_-201.084869i,475.114685_-432.284851i,0,1,0,0.00
1386941871,1,0,0,2,-6.612661,0.000000,-0.749307,5.541769,-1.099078,-73.407280,610.056580_-201.084869i,475.114685_-432.284851i,0,1,0,0.00
1386941872,1,0,0,2,-6.613321,0.000000,-0.749967,5.541769,-1.099078,-73.355270,610.056580_-201.084869i,475.114685_-432.284851i,0,1,0,0.00
1386941872,1,0,0,2,-6.612744,0.000000,-0.749390,5.541769,-1.099078,-73.400719,610.056580_-201.084869i,475.114685_-432.284851i,0,1,0,0.00
1386941872,1,0,0,2,-6.612161,0.000000,-0.748806,5.541769,-1.099078,-73.446838,610.056580_-201.084869i,475.114685_-432.284851i,0,1,0,0.00
1386941872,1,0,0,2,-6.612830,0.000000,-0.749475,5.541769,-1.099078,-73.394005,610.056580_-201.084869i,475.114685_-432.284851i,0,1,0,0.00
1386941873,1,0,0,2,-6.613507,0.000000,-0.750153,5.541769,-1.099078,-73.340630,610.056580_-201.084869i,475.114685_-432.284851i,0,1,0,0.00
1386941873,1,0,0,2,-6.614193,0.000000,-0.750838,5.537115,-1.099078,-73.286713,610.056580_-201.084869i,475.114685_-432.284851i,0,1,0,0.00
1386941873,1,0,0,2,-6.613604,0.000000,-0.750249,5.537115,-1.099078,-73.333031,610.056580_-201.084869i,475.114685_-432.284851i,0,1,0,0.00
1386941873,1,0,0,2,-6.613007,0.000000,-0.749652,5.537115,-1.099078,-73.380051,610.056580_-201.084869i,475.114685_-432.284851i,0,1,0,0.00
1386941874,1,0,0,2,-6.613703,0.000000,-0.750348,5.537115,-1.099078,-73.325233,610.056580_-201.084869i,475.114685_-432.284851i,0,1,0,0.00
1386941874,1,0,0,2,-6.614408,0.000000,-0.751053,5.537115,-1.099078,-73.269844,610.056580_-201.084869i,475.114685_-432.284851i,0,1,0,0.00
1386941874,1,0,0,2,-6.613805,0.000000,-0.750450,5.537115,-1.099078,-73.317238,610.056580_-201.084869i,475.114685_-432.284851i,0,1,0,0.00
1386941874,1,0,0,2,-6.613193,0.000000,-0.749838,5.537115,-1.099078,-73.365364,610.056580_-201.084869i,475.114685_-432.284851i,0,1,0,0.00
1386941875,1,0,0,2,-6.613909,0.000000,-0.750554,5.537115,-1.099078,-73.309029,610.056580_-201.084869i,475.114685_-432.284851i,0,1,0,0.00
1386941875,1,0,0,2,-6.614567,0.000000,-0.751213,5.537115,-1.099078,-73.257324,610.056580_-201.084869i,475.114685_-432.284851i,0,1,0,0.00
1386941875,1,0,0,2,-6.615302,0.000000,-0.751947,5.537115,-1.099078,-73.199799,610.056580_-201.084869i,475.114685_-432.284851i,0,1,0,0.00
1386941875,1,0,0,2,-6.614685,0.000000,-0.751330,5.537115,-1.099078,-73.248146,610.056580_-201.084869i,475.114685_-432.284851i,0,1,0,0.00
1386941876,1,0,0,2,-6.614058,0.000000,-0.750704,5.537115,-1.099078,-73.297295,610.056580_-201.084869i,475.114685_-432.284851i,0,1,0,0.00
1386941876,1,0,0,2,-6.614804,0.000000,-0.751450,5.537115,-1.099078,-73.238739,610.056580_-201.084869i,475.114685_-432.284851i,0,1,0,0.00
1386941876,1,0,0,2,-6.615561,0.000000,-0.752206,5.537115,-1.099078,-73.179535,610.056580_-201.084869i,475.114685_-432.284851i,0,1,0,0.00
1386941876,1,0,0,2,-6.614928,0.000000,-0.751573,5.537115,-1.099078,-73.229057,610.056580_-201.084869i,475.114685_-432.284851i,0,1,0,0.00
1386941877,1,0,0,2,-6.614286,0.000000,-0.750931,5.537115,-1.099078,-73.279404,610.056580_-201.084869i,475.114685_-432.284851i,0,1,0,0.00
1386941877,1,0,0,2,-6.615055,0.000000,-0.751700,5.537115,-1.099078,-73.219109,610.056580_-201.084869i,475.114685_-432.284851i,0,1,0,0.00
1386941877,1,0,0,2,-6.615834,0.000000,-0.752480,5.537115,-1.099078,-73.158127,610.056580_-201.084869i,475.114685_-432.284851i,0,1,0,0.00
1386941877,1,0,0,2,-6.615186,0.000000,-0.751831,5.537115,-1.099078,-73.208878,610.056580_-201.084869i,475.114685_-432.284851i,0,1,0,0.00
1386941878,1,0,0,2,-6.614527,0.000000,-0.751172,5.537115,-1.099078,-73.260490,610.056580_-201.084869i,475.114685_-432.284851i,0,1,0,0.00
1386941878,1,0,0,2,-6.615320,0.000000,-0.751965,5.537115,-1.099078,-73.198349,610.056580_-201.084869i,475.114685_-432.284851i,0,1,0,0.00
1386941878,1,0,0,2,-6.616125,0.000000,-0.752770,5.537115,-1.099078,-73.135475,610.056580_-201.084869i,475.114685_-432.284851i,0,1,0,0.00
1386941878,1,0,0,2,-6.616940,0.000000,-0.753586,5.537115,-1.099078,-73.071861,610.056580_-201.084869i,475.114685_-432.284851i,0,1,0,0.00
1386941879,1,0,0,2,-6.616276,0.000000,-0.752921,5.537115,-1.099078,-73.123650,610.056580_-201.084869i,475.114685_-432.284851i,0,1,0,0.00
1386941879,1,0,0,2,-6.615601,0.000000,-0.752247,5.537115,-1.099078,-73.176353,610.056580_-201.084869i,475.114685_-432.284851i,0,1,0,0.00
1386941879,1,0,0,2,-6.616432,0.000000,-0.753077,5.537115,-1.099078,-73.111473,610.056580_-201.084869i,475.114685_-432.284851i,0,1,0,0.00
1386941879,1,0,0,2,-6.617275,0.000000,-0.753920,5.537115,-1.099078,-73.045807,610.056580_-201.084869i,475.114685_-432.284851i,0,1,0,0.00
1386941880,1,0,0,2,-6.616593,0.000000,-0.753238,5.537115,-1.099078,-73.098930,610.056580_-201.084869i,475.114685_-432.284851i,0,1,0,0.00
1386941880,1,0,0,2,-6.615900,0.000000,-0.752545,5.537115,-1.099078,-73.153023,610.056580_-201.084869i,475.114685_-432.284851i,0,1,0,0.00
1386941880,1,0,0,2,-6.616759,0.000000,-0.753404,5.537115,-1.099078,-73.085999,610.056580_-201.084869i,475.114685_-432.284851i,0,1,0,0.00
1386941880,1,0,0,2,-6.617631,0.000000,-0.754276,5.537115,-1.099078,-73.018135,610.056580_-201.084869i,475.114685_-432.284851i,0,1,0,0.00
1386941881,1,0,0,2,-6.618516,0.000000,-0.755162,5.537115,-1.099078,-72.949417,610.056580_-201.084869i,475.114685_-432.284851i,0,1,0,0.00
1386941881,1,0,0,2,-6.617817,0.000000,-0.754463,5.532460,-1.099078,-73.003654,610.056580_-201.084869i,475.114685_-432.284851i,0,1,0,0.00
1386941881,1,0,0,2,-6.617106,0.000000,-0.753752,5.532460,-1.099078,-73.058907,610.056580_-201.084869i,475.114685_-432.284851i,0,1,0,0.00
1386941881,1,0,0,2,-6.618010,0.000000,-0.754655,5.532460,-1.099078,-72.988701,610.056580_-201.084869i,475.114685_-432.284851i,0,1,0,0.00
1386941882,1,0,0,2,-6.618927,0.000000,-0.755573,5.532460,-1.099078,-72.917580,610.056580_-201.084869i,475.114685_-432.284851i,0,1,0,0.00
1386941882,1,0,0,2,-6.618209,0.000000,-0.754854,5.532460,-1.099078,-72.973267,610.056580_-201.084869i,475.114685_-432.284851i,0,1,0,0.00
1386941882,1,0,0,2,-6.617478,0.000000,-0.754123,5.532460,-1.099078,-73.030037,610.056580_-201.084869i,475.114685_-432.284851i,0,1,0,0.00
1386941882,1,0,0,2,-6.618414,0.000000,-0.755060,5.532460,-1.099078,-72.957321,610.056580_-201.084869i,475.114685_-432.284851i,0,1,0,0.00
1386941883,1,0,0,2,-6.619366,0.000000,-0.756012,5.532460,-1.099078,-72.883629,610.056580_-201.084869i,475.114685_-432.284851i,0,1,0,0.00
1386941883,1,0,0,2,-6.620247,0.000000,-0.756893,5.532460,-1.099078,-72.815613,610.056580_-201.084869i,475.114685_-432.284851i,0,1,0,0.00
1386941883,1,0,0,2,-6.619510,0.000000,-0.756155,5.532460,-1.099078,-72.872528,610.056580_-201.084869i,475.114685_-432.284851i,0,1,0,0.00
1386941883,1,0,0,2,-6.618760,0.000000,-0.755405,5.532460,-1.099078,-72.930588,610.056580_-201.084869i,475.114685_-432.284851i,0,1,0,0.00
1386941884,1,0,0,2,-6.619748,0.000000,-0.756393,5.532460,-1.099078,-72.854187,610.056580_-201.084869i,475.114685_-432.284851i,0,1,0,0.00
1386941884,1,0,0,2,-6.620752,0.000000,-0.757398,5.532460,-1.099078,-72.776733,610.056580_-201.084869i,475.114685_-432.284851i,0,1,0,0.00
1386941884,1,0,0,2,-6.619993,0.000000,-0.756639,5.532460,-1.099078,-72.835220,610.056580_-201.084869i,475.114685_-432.284851i,0,1,0,0.00
1386941884,1,0,0,2,-6.619220,0.000000,-0.755865,5.532460,-1.099078,-72.894943,610.056580_-201.084869i,475.114685_-432.284851i,0,1,0,0.00
1386941885,1,0,0,2,-6.620248,0.000000,-0.756893,5.532460,-1.099078,-72.815590,610.056580_-201.084869i,475.114685_-432.284851i,0,1,0,0.00
1386941885,1,0,0,2,-6.621294,0.000000,-0.757939,5.532460,-1.099078,-72.735062,610.056580_-201.084869i,475.114685_-432.284851i,0,1,0,0.00
1386941885,1,0,0,2,-6.622359,0.000000,-0.759004,5.532460,-1.099078,-72.653366,610.056580_-201.084869i,475.114685_-432.284851i,0,1,0,0.00
1386941885,1,0,0,2,-6.621580,0.000000,-0.758226,5.532460,-1.099078,-72.713089,610.056580_-201.084869i,475.114685_-432.284851i,0,1,0,0.00
1386941886,1,0,0,2,-6.620786,0.000000,-0.757432,5.532460,-1.099078,-72.774117,610.056580_-201.084869i,475.114685_-432.284851i,0,1,0,0.00
1386941886,1,0,0,2,-6.621877,0.000000,-0.758523,5.532460,-1.099078,-72.690285,610.056580_-201.084869i,475.114685_-432.284851i,0,1,0,0.00
1386941886,1,0,0,2,-6.622989,0.000000,-0.759634,5.532460,-1.099078,-72.605194,610.056580_-201.084869i,475.114685_-432.284851i,0,1,0,0.00
1386941886,1,0,0,2,-6.622186,0.000000,-0.758831,5.527806,-1.099078,-72.666634,610.056580_-201.084869i,475.114685_-432.284851i,0,1,0,0.00
1386941887,1,0,0,2,-6.621367,0.000000,-0.758012,5.527806,-1.099078,-72.729462,610.056580_-201.084869i,475.114685_-432.284851i,0,1,0,0.00
1386941887,1,0,0,2,-6.622406,0.000000,-0.759051,5.527806,-1.099078,-72.649788,610.056580_-201.084869i,475.114685_-432.284851i,0,1,0,0.00
1386941887,1,0,0,2,-6.623566,0.000000,-0.760211,5.527806,-1.099078,-72.561081,610.056580_-201.084869i,475.114685_-432.284851i,0,1,0,0.00
1386941887,1,0,0,2,-6.622737,0.000000,-0.759383,5.527806,-1.099078,-72.624397,610.056580_-201.084869i,475.114685_-432.284851i,0,1,0,0.00
1386941888,1,0,0,2,-6.621891,0.000000,-0.758536,5.527806,-1.099078,-72.689240,610.056580_-201.084869i,475.114685_-432.284851i,0,1,0,0.00
1386941888,1,0,0,2,-6.623083,0.000000,-0.759728,5.527806,-1.099078,-72.598007,610.056580_-201.084869i,475.114685_-432.284851i,0,1,0,0.00
1386941888,1,0,0,2,-6.624298,0.000000,-0.760943,5.527806,-1.099078,-72.505287,610.056580_-201.084869i,475.114685_-432.284851i,0,1,0,0.00
1386941888,1,0,0,2,-6.625538,0.000000,-0.762183,5.527806,-1.099078,-72.411049,610.056580_-201.084869i,475.114685_-432.284851i,0,1,0,0.00
1386941889,1,0,0,2,-6.624687,0.000000,-0.761333,5.527806,-1.099078,-72.475662,610.056580_-201.084869i,475.114685_-432.284851i,0,1,0,0.00
1386941889,1,0,0,2,-6.623817,0.000000,-0.760463,5.527806,-1.099078,-72.541901,610.056580_-201.084869i,475.114685_-432.284851i,0,1,0,0.00
1386941889,1,0,0,2,-6.625093,0.000000,-0.761739,5.527806,-1.099078,-72.444794,610.056580_-201.084869i,475.114685_-432.284851i,0,1,0,0.00
1386941889,1,0,0,2,-6.626396,0.000000,-0.763042,5.527806,-1.099078,-72.346024,610.056580_-201.084869i,475.114685_-432.284851i,0,1,0,0.00
1386941890,1,0,0,2,-6.625518,0.000000,-0.762163,5.527806,-1.099078,-72.412590,610.056580_-201.084869i,475.114685_-432.284851i,0,1,0,0.00
1386941890,1,0,0,2,-6.624619,0.000000,-0.761264,5.527806,-1.099078,-72.480888,610.056580_-201.084869i,475.114685_-432.284851i,0,1,0,0.00
1386941890,1,0,0,2,-6.625844,0.000000,-0.762490,5.527806,-1.099078,-72.387810,610.056580_-201.084869i,475.114685_-432.284851i,0,1,0,0.00
1386941890,1,0,0,2,-6.627215,0.000000,-0.763860,5.527806,-1.099078,-72.284164,610.056580_-201.084869i,475.114685_-432.284851i,0,1,0,0.00
1386941891,1,0,0,2,-6.628616,0.000000,-0.765262,5.527806,-1.099078,-72.178635,610.056580_-201.084869i,475.114685_-432.284851i,0,1,0,0.00
1386941891,1,0,0,2,-6.627593,0.000000,-0.764238,5.523152,-1.099078,-72.255699,610.056580_-201.084869i,475.114685_-432.284851i,0,1,0,0.00
1386941891,1,0,0,2,-6.626666,0.000000,-0.763312,5.523152,-1.099078,-72.325615,610.056580_-201.084869i,475.114685_-432.284851i,0,1,0,0.00
1386941891,1,0,0,2,-6.628112,0.000000,-0.764757,5.523152,-1.099078,-72.216576,610.056580_-201.084869i,475.114685_-432.284851i,0,1,0,0.00
1386941892,1,0,0,2,-6.629465,0.000000,-0.766110,5.523152,-1.099078,-72.114937,610.056580_-201.084869i,475.114685_-432.284851i,0,1,0,0.00
1386941892,1,0,0,2,-6.628530,0.000000,-0.765175,5.523152,-1.099078,-72.185173,610.056580_-201.084869i,475.114685_-432.284851i,0,1,0,0.00
1386941892,1,0,0,2,-6.627570,0.000000,-0.764215,5.523152,-1.099078,-72.257423,610.056580_-201.084869i,475.114685_-432.284851i,0,1,0,0.00
1386941892,1,0,0,2,-6.628968,0.000000,-0.765613,5.523152,-1.099078,-72.152252,610.056580_-201.084869i,475.114685_-432.284851i,0,1,0,0.00
1386941893,1,0,0,2,-6.630532,0.000000,-0.767178,5.523152,-1.099078,-72.035080,610.056580_-201.084869i,475.114685_-432.284851i,0,1,0,0.00
1386941893,1,0,0,2,-6.629563,0.000000,-0.766208,5.523152,-1.099078,-72.107620,610.056580_-201.084869i,475.114685_-432.284851i,0,1,0,0.00
1386941893,1,0,0,2,-6.628567,0.000000,-0.765212,5.523152,-1.099078,-72.182350,610.056580_-201.084869i,475.114685_-432.284851i,0,1,0,0.00
1386941893,1,0,0,2,-6.630189,0.000000,-0.766835,5.523152,-1.099078,-72.060707,610.056580_-201.084869i,475.114685_-432.284851i,0,1,0,0.00
1386941894,1,0,0,2,-6.631854,0.000000,-0.768499,5.523152,-1.099078,-71.936546,610.056580_-201.084869i,475.114685_-432.284851i,0,1,0,0.00
1386941894,1,0,0,2,-6.633562,0.000000,-0.770208,5.523152,-1.099078,-71.809753,610.056580_-201.084869i,475.114685_-432.284851i,0,1,0,0.00
1386941894,1,0,0,2,-6.632570,0.000000,-0.769215,5.518497,-1.099078,-71.883331,610.056580_-201.084869i,475.114685_-432.284851i,0,1,0,0.00
1386941894,1,0,0,2,-6.631548,0.000000,-0.768194,5.518497,-1.099078,-71.959290,610.056580_-201.084869i,475.114685_-432.284851i,0,1,0,0.00
1386941895,1,0,0,2,-6.633326,0.000000,-0.769971,5.518497,-1.099078,-71.827232,610.056580_-201.084869i,475.114685_-432.284851i,0,1,0,0.00
1386941895,1,0,0,2,-6.635002,0.000000,-0.771647,5.518497,-1.099078,-71.703430,610.056580_-201.084869i,475.114685_-432.284851i,0,1,0,0.00
1386941895,1,0,0,2,-6.633973,0.000000,-0.770618,5.518497,-1.099078,-71.779366,610.056580_-201.084869i,475.114685_-432.284851i,0,1,0,0.00
1386941895,1,0,0,2,-6.632913,0.000000,-0.769558,5.518497,-1.099078,-71.857857,610.056580_-201.084869i,475.114685_-432.284851i,0,1,0,0.00
1386941896,1,0,0,2,-6.634658,0.000000,-0.771304,5.518497,-1.099078,-71.728760,610.056580_-201.084869i,475.114685_-432.284851i,0,1,0,0.00
1386941896,1,0,0,2,-6.636615,0.000000,-0.773261,5.518497,-1.099078,-71.584801,610.056580_-201.084869i,475.114685_-432.284851i,0,1,0,0.00
1386941896,1,0,0,2,-0.355446,0.000000,0.168153,0.178742,4.804777,298.753876,610.056580_-201.084869i,628.866943_130.883698i,0,1,0,0.00
1386941896,1,0,0,2,-0.354229,0.000000,0.169370,0.174087,4.804777,296.628296,610.056580_-201.084869i,628.866943_130.883698i,0,1,0,0.00
1386941897,1,0,0,2,-0.353143,0.000000,0.170456,0.174087,4.804777,294.756317,610.056580_-201.084869i,628.866943_130.883698i,0,1,0,0.00
1386941897,1,0,0,2,-0.355253,0.000000,0.168346,0.174087,4.804777,298.414612,610.056580_-201.084869i,628.866943_130.883698i,0,1,0,0.00
1386941897,1,0,0,2,-0.357253,0.000000,0.166346,0.174087,4.804777,301.968567,610.056580_-201.084869i,628.866943_130.883698i,0,1,0,0.00
1386941897,1,0,0,2,-0.356165,0.000000,0.167433,0.174087,4.804777,300.026123,610.056580_-201.084869i,628.866943_130.883698i,0,1,0,0.00
1386941898,1,0,0,2,-0.355040,0.000000,0.168559,0.174087,4.804777,298.041168,610.056580_-201.084869i,628.866943_130.883698i,0,1,0,0.00
1386941898,1,0,0,2,-0.357141,0.000000,0.166458,0.174087,4.804777,301.767792,610.056580_-201.084869i,628.866943_130.883698i,0,1,0,0.00
1386941898,1,0,0,2,-0.359502,0.000000,0.164097,0.174087,4.804777,306.069489,610.056580_-201.084869i,628.866943_130.883698i,0,1,0,0.00
1386941898,1,0,0,2,-0.358379,0.000000,0.165220,0.169433,4.804777,304.008270,610.056580_-201.084869i,628.866943_130.883698i,0,1,0,0.00
1386941899,1,0,0,2,-0.357017,0.000000,0.166582,0.169433,4.804777,301.545258,610.056580_-201.084869i,628.866943_130.883698i,0,1,0,0.00
1386941899,1,0,0,2,-0.359508,0.000000,0.164091,0.169433,4.804777,306.081451,610.056580_-201.084869i,628.866943_130.883698i,0,1,0,0.00
1386941899,1,0,0,2,-0.362091,0.000000,0.161508,0.169433,4.804777,310.932159,610.056580_-201.084869i,628.866943_130.883698i,0,1,0,0.00
1386941899,1,0,0,2,-0.364558,0.000000,0.159041,0.169433,4.804777,315.714325,610.056580_-201.084869i,628.866943_130.883698i,0,1,0,0.00
1386941900,1,0,0,2,-0.363430,0.000000,0.160169,0.164779,4.804777,313.509918,610.056580_-201.084869i,628.866943_130.883698i,0,1,0,0.00
1386941900,1,0,0,2,-0.362255,0.000000,0.161344,0.164779,4.804777,311.245697,610.056580_-201.084869i,628.866943_130.883698i,0,1,0,0.00
1386941900,1,0,0,2,-0.364878,0.000000,0.158721,0.164779,4.804777,316.345215,610.056580_-201.084869i,628.866943_130.883698i,0,1,0,0.00
1386941900,1,0,0,2,-0.367604,0.000000,0.155995,0.164779,4.804777,321.827454,610.056580_-201.084869i,628.866943_130.883698i,0,1,0,0.00
1386941901,1,0,0,2,-0.366448,0.000000,0.157151,0.160124,4.804777,319.479370,610.056580_-201.084869i,628.866943_130.883698i,0,1,0,0.00
1386941901,1,0,0,2,-0.365001,0.000000,0.158598,0.160124,4.804777,316.587860,610.056580_-201.084869i,628.866943_130.883698i,0,1,0,0.00
1386941901,1,0,0,2,-0.367911,0.000000,0.155688,0.160124,4.804777,322.456390,610.056580_-201.084869i,628.866943_130.883698i,0,1,0,0.00
1386941901,1,0,0,2,-0.371198,0.000000,0.152401,0.160124,4.804777,329.356323,610.056580_-201.084869i,628.866943_130.883698i,0,1,0,0.00
1386941902,1,0,0,2,-0.369765,0.000000,0.153834,0.160124,4.804777,326.310944,610.056580_-201.084869i,628.866943_130.883698i,0,1,0,0.00
1386941902,1,0,0,2,-0.368261,0.000000,0.155337,0.160124,4.804777,323.178192,610.056580_-201.084869i,628.866943_130.883698i,0,1,0,0.00
1386941902,1,0,0,2,-0.366953,0.000000,0.156646,0.160124,4.804777,320.501129,610.056580_-201.084869i,628.866943_130.883698i,0,1,0,0.00
1386941903,1,0,0,2,-0.370550,0.000000,0.153049,0.160124,4.804777,327.972351,610.056580_-201.084869i,628.866943_130.883698i,0,1,0,0.00
1386941903,1,0,0,2,-0.368951,0.000000,0.154648,0.160124,4.804777,324.607117,610.056580_-201.084869i,628.866943_130.883698i,0,1,0,0.00
1386941903,1,0,0,2,-0.367557,0.000000,0.156042,0.160124,4.804777,321.731140,610.056580_-201.084869i,628.866943_130.883698i,0,1,0,0.00
1386941903,1,0,0,2,-0.371464,0.000000,0.152134,0.160124,4.804777,329.927795,610.056580_-201.084869i,628.866943_130.883698i,0,1,0,0.00
1386941904,1,0,0,2,-0.375268,0.000000,0.148331,0.160124,4.804777,338.324310,610.056580_-201.084869i,628.866943_130.883698i,0,1,0,0.00
1386941904,1,0,0,2,-0.373946,0.000000,0.149653,0.155470,4.804777,335.356995,610.056580_-201.084869i,628.866943_130.883698i,0,1,0,0.00
1386941904,1,0,0,2,-0.372542,0.000000,0.151057,0.155470,4.804777,332.263428,610.056580_-201.084869i,628.866943_130.883698i,0,1,0,0.00
1386941904,1,0,0,2,-0.370710,0.000000,0.152889,0.155470,4.804777,328.311829,610.056580_-201.084869i,628.866943_130.883698i,0,1,0,0.00
1386941905,1,0,0,2,-0.375325,0.000000,0.148274,0.155470,4.804777,338.453369,610.056580_-201.084869i,628.866943_130.883698i,0,1,0,0.00
1386941905,1,0,0,2,-0.373830,0.000000,0.149768,0.155470,4.804777,335.100281,610.056580_-201.084869i,628.866943_130.883698i,0,1,0,0.00
1386941905,1,0,0,2,-0.371856,0.000000,0.151742,0.155470,4.804777,330.773621,610.056580_-201.084869i,628.866943_130.883698i,0,1,0,0.00
1386941905,1,0,0,2,-0.376993,0.000000,0.146605,0.155470,4.804777,342.276276,610.056580_-201.084869i,628.866943_130.883698i,0,1,0,0.00
1386941906,1,0,0,2,-0.382486,0.000000,0.141113,0.150816,4.804777,355.504211,610.056580_-201.084869i,628.866943_130.883698i,0,1,0,0.00
1386941906,1,0,0,2,-0.380621,0.000000,0.142977,0.146162,4.804777,350.899719,610.056580_-201.084869i,628.866943_130.883698i,0,1,0,0.00
1386941906,1,0,0,2,-0.379052,0.000000,0.144547,0.146162,4.804777,347.115295,610.056580_-201.084869i,628.866943_130.883698i,0,1,0,0.00
1386941906,1,0,0,2,-0.385290,0.000000,0.138309,0.146162,4.804777,362.665131,610.056580_-201.084869i,628.866943_130.883698i,0,1,0,0.00
1386941907,1,0,0,2,-0.391540,0.000000,0.132059,0.146162,4.804777,379.721527,610.056580_-201.084869i,628.866943_130.883698i,0,1,0,0.00
1386941907,1,0,0,2,-0.389756,0.000000,0.133843,0.141507,4.804777,374.689941,610.056580_-201.084869i,628.866943_130.883698i,0,1,0,0.00
1386941907,1,0,0,2,-0.388337,0.000000,0.135262,0.141507,4.804777,370.783173,610.056580_-201.084869i,628.866943_130.883698i,0,1,0,0.00
1386941907,1,0,0,2,-0.386221,0.000000,0.137378,0.141507,4.804777,365.106750,610.056580_-201.084869i,628.866943_130.883698i,0,1,0,0.00
1386941908,1,0,0,2,-0.393770,0.000000,0.129828,0.141507,4.804777,386.207764,610.056580_-201.084869i,628.866943_130.883698i,0,1,0,0.00
1386941908,1,0,0,2,-0.392349,0.000000,0.131250,0.136853,4.804777,382.048706,610.056580_-201.084869i,628.866943_130.883698i,0,1,0,0.00
1386941908,1,0,0,2,-0.390106,0.000000,0.133493,0.136853,4.804777,375.667145,610.056580_-201.084869i,628.866943_130.883698i,0,1,0,0.00
1386941908,1,0,0,2,-0.399202,0.000000,0.124397,0.136853,4.804777,402.978149,610.056580_-201.084869i,628.866943_130.883698i,0,1,0,0.00
1386941909,1,0,0,2,-0.409357,0.000000,0.114242,0.132199,4.804777,438.620636,610.056580_-201.084869i,628.866943_130.883698i,0,1,0,0.00
1386941909,1,0,0,2,-0.407835,0.000000,0.115764,0.127544,4.804777,432.879456,610.056580_-201.084869i,628.866943_130.883698i,0,1,0,0.00
1386941909,1,0,0,2,-0.406091,0.000000,0.117508,0.122890,4.804777,426.483063,610.056580_-201.084869i,628.866943_130.883698i,0,1,0,0.00
1386941909,1,0,0,2,-0.404075,0.000000,0.119524,0.122890,4.804777,419.324036,610.056580_-201.084869i,628.866943_130.883698i,0,1,0,0.00
1386941910,1,0,0,2,-0.401716,0.000000,0.121883,0.122890,4.804777,411.247498,610.056580_-201.084869i,628.866943_130.883698i,0,1,0,0.00
1386941910,1,0,0,2,-0.398920,0.000000,0.124678,0.122890,4.804777,402.072906,610.056580_-201.084869i,628.866943_130.883698i,0,1,0,0.00
1386941910,1,0,0,2,-0.395553,0.000000,0.128046,0.122890,4.804777,391.554413,610.056580_-201.084869i,628.866943_130.883698i,0,1,0,0.00
1386941910,1,0,0,2,-0.413256,0.000000,0.110343,0.122890,4.804777,454.053864,610.056580_-201.084869i,628.866943_130.883698i,0,1,0,0.00
1386941911,1,0,0,2,-0.410890,0.000000,0.112708,0.118236,4.804777,444.563538,610.056580_-201.084869i,628.866943_130.883698i,0,1,0,0.00
1386941911,1,0,0,2,-0.407834,0.000000,0.115764,0.118236,4.804777,432.877777,610.056580_-201.084869i,628.866943_130.883698i,0,1,0,0.00
1386941911,1,0,0,2,-0.403735,0.000000,0.119863,0.118236,4.804777,418.142303,610.056580_-201.084869i,628.866943_130.883698i,0,1,0,0.00
1386941911,1,0,0,2,-0.397951,0.000000,0.125647,0.118236,4.804777,398.987732,610.056580_-201.084869i,628.866943_130.883698i,0,1,0,0.00
1386941912,1,0,0,2,-0.389174,0.000000,0.134425,0.118236,4.804777,373.076752,610.056580_-201.084869i,628.866943_130.883698i,0,1,0,0.00
1386941912,1,0,0,2,-0.374271,0.000000,0.149328,0.122890,4.804777,336.080566,610.056580_-201.084869i,628.866943_130.883698i,0,1,0,0.00
1386941912,1,0,0,2,-0.444876,0.000000,0.078723,0.132199,4.804777,635.798218,610.056580_-201.084869i,628.866943_130.883698i,0,1,0,0.00
1386941912,1,0,0,8,0.087267,0.000000,0.610865,0.118236,1.307450,82.778442,237.105026_30.838646i,189.919647_145.259567i,0,1,0,0.00
1386941913,0,0,0,6,0.087267,0.000000,0.610865,0.248554,1.307450,82.480232,237.105026_30.838646i,189.919647_145.259567i,0,1,0,0.00
1386941913,0,0,0,6,0.087267,0.000000,0.610865,0.346292,1.307450,82.176659,237.105026_30.838646i,189.919647_145.259567i,0,1,0,0.00
1386941913,0,0,0,6,0.087267,0.000000,0.610865,0.416105,1.307450,81.867493,237.105026_30.838646i,189.919647_145.259567i,0,1,0,0.00
1386941913,0,0,0,6,0.087267,0.000000,0.610865,0.467302,1.307450,81.745560,237.105026_30.838646i,189.919647_145.259567i,0,1,0,0.00
1386941914,0,0,0,6,0.087267,0.000000,0.610865,0.504535,1.307450,81.625771,237.105026_30.838646i,189.919647_145.259567i,0,1,0,0.00
1386941914,0,0,0,6,0.087267,0.000000,0.610865,0.532461,1.307450,81.500610,237.105026_30.838646i,189.919647_145.259567i,0,1,0,0.00
1386941914,0,0,0,6,0.087267,0.000000,0.610865,0.551078,1.307450,81.566910,237.105026_30.838646i,189.919647_145.259567i,0,1,0,0.00
1386941914,0,0,0,6,0.087267,0.000000,0.610865,0.565040,1.307450,81.439217,237.105026_30.838646i,189.919647_145.259567i,0,1,0,0.00
1386941915,0,0,0,6,0.087267,0.000000,0.610865,0.579003,1.307450,81.313721,237.105026_30.838646i,189.919647_145.259567i,0,1,0,0.00
1386941915,0,0,0,6,0.087267,0.000000,0.610865,0.588311,1.307450,81.182533,237.105026_30.838646i,189.919647_145.259567i,0,1,0,0.00
1386941915,0,0,0,6,0.087267,0.000000,0.610865,0.592966,1.307450,81.049530,237.105026_30.838646i,189.919647_145.259567i,0,1,0,0.00
1386941915,0,0,0,6,0.087267,0.000000,0.610865,0.597620,1.307450,80.914665,237.105026_30.838646i,189.919647_145.259567i,0,1,0,0.00
1386941916,0,0,0,6,0.087267,0.000000,0.610865,0.602274,1.307450,80.782066,237.105026_30.838646i,189.919647_145.259567i,0,1,0,0.00
1386941916,0,0,0,6,0.087267,0.000000,0.610865,0.602274,1.307450,80.643417,237.105026_30.838646i,189.919647_145.259567i,0,1,0,0.00
1386941916,0,0,0,6,0.087267,0.000000,0.610865,0.602274,1.307450,80.502792,237.105026_30.838646i,189.919647_145.259567i,0,1,0,0.00
1386941916,0,0,0,6,-0.261799,0.000000,0.610865,0.951340,0.639269,58.657433,237.105026_30.838646i,128.784393_201.455688i,0,1,0,0.00
1386941917,0,0,0,6,-0.261799,0.000000,0.610865,0.858256,0.639269,58.533951,237.105026_30.838646i,128.784393_201.455688i,0,1,0,0.00
1386941917,0,0,0,6,-0.261799,0.000000,0.610865,0.793097,0.639269,58.481308,237.105026_30.838646i,128.784393_201.455688i,0,1,0,0.00
1386941917,0,0,0,6,-0.261799,0.000000,0.610865,0.746555,0.639269,58.429489,237.105026_30.838646i,128.784393_201.455688i,0,1,0,0.00
1386941917,0,0,0,6,-0.261799,0.000000,0.610865,0.709321,0.639269,58.376904,237.105026_30.838646i,128.784393_201.455688i,0,1,0,0.00
1386941918,0,0,0,6,-0.261799,0.000000,0.610865,0.681396,0.639269,58.321842,237.105026_30.838646i,128.784393_201.455688i,0,1,0,0.00
1386941918,0,0,0,6,-0.261799,0.000000,0.610865,0.662779,0.639269,58.194267,237.105026_30.838646i,128.784393_201.455688i,0,1,0,0.00
1386941918,0,0,0,6,-0.261799,0.000000,0.610865,0.648816,0.639269,58.065632,237.105026_30.838646i,128.784393_201.455688i,0,1,0,0.00
1386941918,0,0,0,6,-0.261799,0.000000,0.610865,0.639508,0.639269,57.937744,237.105026_30.838646i,128.784393_201.455688i,0,1,0,0.00
1386941919,0,0,0,6,-0.261799,0.000000,0.610865,0.630200,0.639269,57.807037,237.105026_30.838646i,128.784393_201.455688i,0,1,0,0.00
1386941919,0,0,0,6,-0.261799,0.000000,0.610865,0.625545,0.639269,57.675282,237.105026_30.838646i,128.784393_201.455688i,0,1,0,0.00
1386941919,0,0,0,6,-0.261799,0.000000,0.610865,0.620891,0.639269,57.472351,237.105026_30.838646i,128.784393_201.455688i,0,1,0,0.00
1386941919,0,0,0,6,-0.261799,0.000000,0.610865,0.616237,0.639269,57.338741,237.105026_30.838646i,128.784393_201.455688i,0,1,0,0.00
1386941920,0,0,0,6,-0.261799,0.000000,0.610865,0.616237,0.639269,57.204109,237.105026_30.838646i,128.784393_201.455688i,0,1,0,0.00
1386941920,0,0,0,6,-0.261799,0.000000,0.610865,0.616237,0.639269,57.070492,237.105026_30.838646i,128.784393_201.455688i,0,1,0,0.00
1386941920,0,0,0,6,-0.261799,0.000000,0.610865,0.616237,0.639269,56.933872,237.105026_30.838646i,128.784393_201.455688i,0,1,0,0.00
1386941920,0,0,0,6,-0.261799,0.000000,0.610865,0.616237,0.639269,56.725960,237.105026_30.838646i,128.784393_201.455688i,0,1,0,0.00
1386941921,0,0,0,6,-0.261799,0.000000,0.610865,0.616237,0.639269,56.587646,237.105026_30.838646i,128.784393_201.455688i,0,1,0,0.00
1386941921,0,0,0,6,-0.261799,0.000000,0.610865,0.616237,0.639269,56.450569,237.105026_30.838646i,128.784393_201.455688i,0,1,0,0.00
1386941921,0,0,0,6,-0.261799,0.000000,0.610865,0.616237,0.639269,56.310398,237.105026_30.838646i,128.784393_201.455688i,0,1,0,0.00
1386941921,0,0,0,6,-0.261799,0.000000,0.610865,0.616237,0.639269,56.169304,237.105026_30.838646i,128.784393_201.455688i,0,1,0,0.00
1386941922,0,0,0,6,-0.261799,0.000000,0.610865,0.616237,0.639269,55.961559,237.105026_30.838646i,128.784393_201.455688i,0,1,0,0.00
1386941922,0,0,0,6,-0.261799,0.000000,0.610865,0.616237,0.639269,55.819115,237.105026_30.838646i,128.784393_201.455688i,0,1,0,0.00
1386941922,0,0,0,6,-0.261799,0.000000,0.610865,0.616237,0.639269,55.675842,237.105026_30.838646i,128.784393_201.455688i,0,1,0,0.00
1386941922,0,0,0,6,-0.261799,0.000000,0.610865,0.616237,0.639269,55.534199,237.105026_30.838646i,128.784393_201.455688i,0,1,0,0.00
1386941923,0,0,0,6,-0.261799,0.000000,0.610865,0.616237,0.639269,55.391861,237.105026_30.838646i,128.784393_201.455688i,0,1,0,0.00
1386941923,0,0,0,6,-0.261799,0.000000,0.610865,0.616237,0.639269,55.246346,237.105026_30.838646i,128.784393_201.455688i,0,1,0,0.00
1386941923,0,0,0,6,-0.261799,0.000000,0.610865,0.616237,0.639269,55.035408,237.105026_30.838646i,128.784393_201.455688i,0,1,0,0.00
1386941923,0,0,0,6,-0.261799,0.000000,0.610865,0.616237,0.639269,54.891670,237.105026_30.838646i,128.784393_201.455688i,0,1,0,0.00
1386941924,0,0,0,6,-0.261799,0.000000,0.610865,0.616237,0.639269,54.744801,237.105026_30.838646i,128.784393_201.455688i,0,1,0,0.00
1386941924,0,0,0,6,-0.261799,0.000000,0.610865,0.616237,0.639269,54.597397,237.105026_30.838646i,128.784393_201.455688i,0,1,0,0.00
1386941924,0,0,0,6,-0.261799,0.000000,0.610865,0.616237,0.639269,54.452206,237.105026_30.838646i,128.784393_201.455688i,0,1,0,0.00
1386941924,0,0,0,6,-0.261799,0.000000,0.610865,0.616237,0.639269,54.242863,237.105026_30.838646i,128.784393_201.455688i,0,1,0,0.00
1386941925,0,0,0,6,-0.261799,0.000000,0.610865,0.616237,0.639269,54.094952,237.105026_30.838646i,128.784393_201.455688i,0,1,0,0.00
1386941925,0,0,0,6,-0.261799,0.000000,0.610865,0.616237,0.639269,53.946793,237.105026_30.838646i,128.784393_201.455688i,0,1,0,0.00
1386941925,0,0,0,6,-0.261799,0.000000,0.610865,0.616237,0.639269,53.801273,237.105026_30.838646i,128.784393_201.455688i,0,1,0,0.00
1386941925,0,0,0,6,-0.261799,0.000000,0.610865,0.616237,0.639269,53.652889,237.105026_30.838646i,128.784393_201.455688i,0,1,0,0.00
1386941926,0,0,0,6,-0.261799,0.000000,0.610865,0.616237,0.639269,53.504520,237.105026_30.838646i,128.784393_201.455688i,0,1,0,0.00
1386941926,0,0,0,6,-0.261799,0.000000,0.610865,0.616237,0.639269,53.303452,237.105026_30.838646i,128.784393_201.455688i,0,1,0,0.00
1386941926,0,0,0,6,-0.261799,0.000000,0.610865,0.616237,0.639269,53.156364,237.105026_30.838646i,128.784393_201.455688i,0,1,0,0.00
1386941926,0,0,0,6,-0.261799,0.000000,0.610865,0.616237,0.639269,53.009651,237.105026_30.838646i,128.784393_201.455688i,0,1,0,0.00
1386941927,0,0,0,6,-0.261799,0.000000,0.610865,0.616237,0.639269,52.866367,237.105026_30.838646i,128.784393_201.455688i,0,1,0,0.00
1386941927,0,0,0,6,-0.261799,0.000000,0.610865,0.616237,0.639269,52.720814,237.105026_30.838646i,128.784393_201.455688i,0,1,0,0.00
1386941927,0,0,0,6,-0.261799,0.000000,0.610865,0.616237,0.639269,52.526096,237.105026_30.838646i,128.784393_201.455688i,0,1,0,0.00
1386941927,0,0,0,6,-0.261799,0.000000,0.610865,0.616237,0.639269,52.383442,237.105026_30.838646i,128.784393_201.455688i,0,1,0,0.00
1386941928,0,0,0,6,-0.261799,0.000000,0.610865,0.616237,0.639269,52.244892,237.105026_30.838646i,128.784393_201.455688i,0,1,0,0.00
1386941928,0,0,0,6,-0.261799,0.000000,0.610865,0.616237,0.639269,52.104771,237.105026_30.838646i,128.784393_201.455688i,0,1,0,0.00
1386941928,0,0,0,6,-0.261799,0.000000,0.610865,0.616237,0.639269,51.966217,237.105026_30.838646i,128.784393_201.455688i,0,1,0,0.00
1386941928,0,0,0,6,-0.261799,0.000000,0.610865,0.616237,0.639269,51.832336,237.105026_30.838646i,128.784393_201.455688i,0,1,0,0.00
1386941929,0,0,0,6,-0.261799,0.000000,0.610865,0.616237,0.639269,51.655941,237.105026_30.838646i,128.784393_201.455688i,0,1,0,0.00
1386941929,0,0,0,6,-0.261799,0.000000,0.610865,0.616237,0.639269,51.524906,237.105026_30.838646i,128.784393_201.455688i,0,1,0,0.00
1386941929,0,0,0,6,-0.261799,0.000000,0.610865,0.616237,0.639269,51.396469,237.105026_30.838646i,128.784393_201.455688i,0,1,0,0.00
1386941929,0,0,0,6,-0.261799,0.000000,0.610865,0.616237,0.639269,51.273655,237.105026_30.838646i,128.784393_201.455688i,0,1,0,0.00
1386941930,0,0,0,6,-0.261799,0.000000,0.610865,0.616237,0.639269,51.151268,237.105026_30.838646i,128.784393_201.455688i,0,1,0,0.00
1386941930,0,0,0,6,-0.261799,0.000000,0.610865,0.616237,0.639269,50.999428,237.105026_30.838646i,128.784393_201.455688i,0,1,0,0.00
1386941930,0,0,0,6,-0.261799,0.000000,0.610865,0.616237,0.639269,50.888775,237.105026_30.838646i,128.784393_201.455688i,0,1,0,0.00
1386941930,1,2,2,7353,1.658063,0.000000,2.530727,0.616237,0.639269,50.779896,237.105026_30.838646i,128.784393_201.455688i,0,1,0,0.00
1386941931,2,2,2,7353,1.658063,0.000000,2.530727,0.453339,0.639269,50.779896,237.105026_30.838646i,128.784393_201.455688i,0,1,0,0.00
1386941931,2,2,2,7353,1.658063,0.000000,2.530727,0.290442,0.639269,50.779896,237.105026_30.838646i,128.784393_201.455688i,0,1,0,0.00
1386941931,2,2,2,7353,1.658063,0.000000,2.530727,0.127544,0.639269,50.779896,237.105026_30.838646i,128.784393_201.455688i,0,1,0,0.00
1386941931,2,2,2,7353,1.658063,0.000000,2.530727,-0.035353,0.639269,50.779896,237.105026_30.838646i,128.784393_201.455688i,0,1,0,0.00
1386941932,2,2,2,7353,1.658063,0.000000,2.530727,-0.198250,0.639269,50.779896,237.105026_30.838646i,128.784393_201.455688i,0,1,0,0.00
1386941932,2,2,2,7353,1.658063,0.000000,2.530727,-0.361148,0.639269,50.779896,237.105026_30.838646i,128.784393_201.455688i,0,1,0,0.00
1386941932,2,2,2,7353,1.658063,0.000000,2.530727,-0.524045,0.639269,50.779896,237.105026_30.838646i,128.784393_201.455688i,0,1,0,0.00
1386941932,2,2,2,7353,1.658063,0.000000,2.530727,-0.663671,0.639269,50.779896,237.105026_30.838646i,128.784393_201.455688i,0,1,0,0.00
1386941933,2,2,2,7353,1.658063,0.000000,2.530727,-0.766064,0.639269,50.779896,237.105026_30.838646i,128.784393_201.455688i,0,1,0,0.00
1386941933,2,2,2,7353,1.658063,0.000000,2.530727,-0.840531,0.639269,50.779896,237.105026_30.838646i,128.784393_201.455688i,0,1,0,0.00
1386941933,2,2,2,7353,1.658063,0.000000,2.530727,-0.896382,0.639269,50.779896,237.105026_30.838646i,128.784393_201.455688i,0,1,0,0.00
1386941934,2,2,2,7353,1.658063,0.000000,2.530727,-0.938269,0.639269,50.779896,237.105026_30.838646i,128.784393_201.455688i,0,1,0,0.00
1386941934,2,2,2,7353,1.658063,0.000000,2.530727,-0.966195,0.639269,50.779896,237.105026_30.838646i,128.784393_201.455688i,0,1,0,0.00
1386941934,2,2,2,7353,1.658063,0.000000,2.530727,-0.989466,0.639269,50.779896,237.105026_30.838646i,128.784393_201.455688i,0,1,0,0.00
1386941934,2,2,2,7353,1.658063,0.000000,2.530727,-1.003428,0.639269,50.779896,237.105026_30.838646i,128.784393_201.455688i,0,1,0,0.00
1386941935,2,2,2,7353,1.658063,0.000000,2.530727,-1.017391,0.639269,50.779896,237.105026_30.838646i,128.784393_201.455688i,0,1,0,0.00
1386941935,2,2,2,7353,1.658063,0.000000,2.530727,-1.026700,0.639269,50.779896,237.105026_30.838646i,128.784393_201.455688i,0,1,0,0.00
1386941935,2,2,2,7353,1.658063,0.000000,2.530727,-1.031354,0.639269,50.779896,237.105026_30.838646i,128.784393_201.455688i,0,1,0,0.00
1386941935,2,2,2,7353,1.658063,0.000000,2.530727,-1.036008,0.639269,50.779896,237.105026_30.838646i,128.784393_201.455688i,0,1,0,0.00
1386941936,2,2,2,7353,1.658063,0.000000,2.530727,-1.040662,0.639269,50.779896,237.105026_30.838646i,128.784393_201.455688i,0,1,0,0.00
1386941936,2,2,2,7353,1.658063,0.000000,2.530727,-1.040662,0.639269,50.779896,237.105026_30.838646i,128.784393_201.455688i,0,1,0,0.00
1386941936,2,2,2,7353,1.658063,0.000000,2.530727,-1.040662,0.639269,50.779896,237.105026_30.838646i,128.784393_201.455688i,0,1,0,0.00
1386941936,2,2,2,7353,1.658063,0.000000,2.530727,-1.040662,0.639269,50.779896,237.105026_30.838646i,128.784393_201.455688i,0,1,0,0.00
1386941937,2,2,2,7353,1.658063,0.000000,2.530727,-1.040662,0.639269,50.779896,237.105026_30.838646i,128.784393_201.455688i,0,1,0,0.00
1386941937,2,2,2,7353,1.658063,0.000000,2.530727,-1.040662,0.639269,50.779896,237.105026_30.838646i,128.784393_201.455688i,0,1,0,0.00
1386941937,2,2,2,7353,1.658063,0.000000,2.530727,-1.040662,0.639269,50.779896,237.105026_30.838646i,128.784393_201.455688i,0,1,0,0.00
1386941937,2,2,2,7353,1.658063,0.000000,2.530727,-1.040662,0.639269,50.779896,237.105026_30.838646i,128.784393_201.455688i,0,1,0,0.00
1386941938,2,2,2,7353,1.658063,0.000000,2.530727,-1.040662,0.639269,50.779896,237.105026_30.838646i,128.784393_201.455688i,0,1,0,0.00
1386941938,2,2,2,7353,1.658063,0.000000,2.530727,-1.203559,0.639269,50.779896,237.105026_30.838646i,128.784393_201.455688i,0,1,0,0.00
1386941938,2,2,2,7353,1.658063,0.000000,2.530727,-1.366457,0.639269,50.779896,237.105026_30.838646i,128.784393_201.455688i,0,1,0,0.00
1386941938,2,2,2,7353,1.658063,0.000000,2.530727,-1.529354,0.639269,50.779896,237.105026_30.838646i,128.784393_201.455688i,0,1,0,0.00
1386941939,2,2,2,7353,1.658063,0.000000,2.530727,-1.678289,0.639269,50.779896,237.105026_30.838646i,128.784393_201.455688i,0,1,0,0.00
1386941939,2,2,2,7353,1.658063,0.000000,2.530727,-1.789990,0.639269,50.779896,237.105026_30.838646i,128.784393_201.455688i,0,1,0,0.00
1386941939,2,2,2,7353,1.658063,0.000000,2.530727,-1.869111,0.639269,50.779896,237.105026_30.838646i,128.784393_201.455688i,0,1,0,0.00
1386941939,2,2,2,7353,1.658063,0.000000,2.530727,-1.929616,0.639269,50.779896,237.105026_30.838646i,128.784393_201.455688i,0,1,0,0.00
1386941940,2,2,2,7353,1.658063,0.000000,2.530727,-1.971504,0.639269,50.779896,237.105026_30.838646i,128.784393_201.455688i,0,1,0,0.00
1386941940,2,2,2,7353,1.658063,0.000000,2.530727,-2.004084,0.639269,50.779896,237.105026_30.838646i,128.784393_201.455688i,0,1,0,0.00
1386941940,2,2,2,7353,1.658063,0.000000,2.530727,-2.027355,0.639269,50.779896,237.105026_30.838646i,128.784393_201.455688i,0,1,0,0.00
1386941940,2,2,2,7353,1.658063,0.000000,2.530727,-2.045972,0.639269,50.779896,237.105026_30.838646i,128.784393_201.455688i,0,1,0,0.00
1386941941,2,2,2,7353,1.658063,0.000000,2.530727,-2.059934,0.639269,50.779896,237.105026_30.838646i,128.784393_201.455688i,0,1,0,0.00
1386941941,2,2,2,7353,1.658063,0.000000,2.530727,-2.069242,0.639269,50.779896,237.105026_30.838646i,128.784393_201.455688i,0,1,0,0.00
1386941941,2,2,2,7353,1.658063,0.000000,2.530727,-2.073897,0.639269,50.779896,237.105026_30.838646i,128.784393_201.455688i,0,1,0,0.00
1386941941,2,2,2,7353,1.658063,0.000000,2.530727,-2.078551,0.639269,50.779896,237.105026_30.838646i,128.784393_201.455688i,0,1,0,0.00
1386941942,2,2,2,7353,1.658063,0.000000,2.530727,-2.083205,0.639269,50.779896,237.105026_30.838646i,128.784393_201.455688i,0,1,0,0.00
1386941942,2,2,2,7353,1.658063,0.000000,2.530727,-2.087859,0.639269,50.779896,237.105026_30.838646i,128.784393_201.455688i,0,1,0,0.00
1386941942,2,2,0,7353,1.658063,0.000000,2.530727,-2.087859,0.639269,50.779896,237.105026_30.838646i,128.784393_201.455688i,0,1,0,0.00
1386941942,0,0,0,4,1.658063,0.000000,2.530727,-2.250757,0.639269,50.007946,237.105026_30.838646i,128.784393_201.455688i,0,1,0,0.00
1386941943,0,0,0,4,1.658063,0.000000,2.530727,-2.413654,0.639269,50.002022,237.105026_30.838646i,128.784393_201.455688i,0,1,0,0.00
1386941943,0,0,0,4,1.658063,0.000000,2.530727,-2.576552,0.639269,50.000004,237.105026_30.838646i,128.784393_201.455688i,0,1,0,0.00
1386941943,0,0,0,4,1.658063,0.000000,2.530727,-2.739450,0.639269,50.002235,237.105026_30.838646i,128.784393_201.455688i,0,1,0,0.00
1386941943,0,0,0,4,1.658063,0.000000,2.530727,-2.902347,0.639269,50.010273,237.105026_30.838646i,128.784393_201.455688i,0,1,0,0.00
1386941944,0,0,0,4,1.658063,0.000000,2.530727,-3.065245,0.639269,50.025955,237.105026_30.838646i,128.784393_201.455688i,0,1,0,0.00
1386941944,0,0,0,4,1.658063,0.000000,2.530727,-3.228142,0.639269,50.047009,237.105026_30.838646i,128.784393_201.455688i,0,1,0,0.00
1386941944,0,0,0,4,1.658063,0.000000,2.530727,-3.367769,0.639269,50.072151,237.105026_30.838646i,128.784393_201.455688i,0,1,0,0.00
1386941944,0,0,0,4,1.658063,0.000000,2.530727,-3.470162,0.639269,50.106255,237.105026_30.838646i,128.784393_201.455688i,0,1,0,0.00
1386941945,0,0,0,4,1.658063,0.000000,2.530727,-3.544629,0.639269,50.145821,237.105026_30.838646i,128.784393_201.455688i,0,1,0,0.00
1386941945,0,0,0,4,1.658063,0.000000,2.530727,-3.600479,0.639269,50.182968,237.105026_30.838646i,128.784393_201.455688i,0,1,0,0.00
1386941945,0,0,0,4,1.658063,0.000000,2.530727,-3.642367,0.639269,50.223732,237.105026_30.838646i,128.784393_201.455688i,0,1,0,0.00
1386941945,0,0,0,4,1.658063,0.000000,2.530727,-3.670293,0.639269,50.278198,237.105026_30.838646i,128.784393_201.455688i,0,1,0,0.00
1386941946,0,0,0,4,1.658063,0.000000,2.530727,-3.693564,0.639269,50.338203,237.105026_30.838646i,128.784393_201.455688i,0,1,0,0.00
1386941946,0,0,0,4,1.658063,0.000000,2.530727,-3.707526,0.639269,50.390999,237.105026_30.838646i,128.784393_201.455688i,0,1,0,0.00
1386941946,0,0,0,4,1.658063,0.000000,2.530727,-3.721489,0.639269,50.461895,237.105026_30.838646i,128.784393_201.455688i,0,1,0,0.00
1386941946,0,0,0,4,1.658063,0.000000,2.530727,-3.730797,0.639269,50.538322,237.105026_30.838646i,128.784393_201.455688i,0,1,0,0.00
1386941947,0,0,0,4,1.658063,0.000000,2.530727,-3.735451,0.639269,50.621693,237.105026_30.838646i,128.784393_201.455688i,0,1,0,0.00
1386941947,0,0,0,4,1.658063,0.000000,2.530727,-3.740105,0.639269,50.694454,237.105026_30.838646i,128.784393_201.455688i,0,1,0,0.00
1386941947,0,0,0,4,1.658063,0.000000,2.530727,-3.744759,0.639269,50.790993,237.105026_30.838646i,128.784393_201.455688i,0,1,0,0.00
1386941947,0,0,0,4,1.658063,0.000000,2.530727,-3.744759,0.639269,50.895168,237.105026_30.838646i,128.784393_201.455688i,0,1,0,0.00
1386941948,0,0,0,4,1.658063,0.000000,2.530727,-3.744759,0.639269,50.985229,237.105026_30.838646i,128.784393_201.455688i,0,1,0,0.00
1386941948,0,0,0,4,1.658063,0.000000,2.530727,-3.744759,0.639269,51.103870,237.105026_30.838646i,128.784393_201.455688i,0,1,0,0.00
1386941948,0,0,0,4,1.658063,0.000000,2.530727,-3.744759,0.639269,51.230904,237.105026_30.838646i,128.784393_201.455688i,0,1,0,0.00
1386941948,0,0,0,4,1.658063,0.000000,2.530727,-3.744759,0.639269,51.366611,237.105026_30.838646i,128.784393_201.455688i,0,1,0,0.00
1386941949,0,0,0,4,1.658063,0.000000,2.530727,-3.744759,0.639269,51.482826,237.105026_30.838646i,128.784393_201.455688i,0,1,0,0.00
1386941949,0,0,0,4,1.658063,0.000000,2.530727,-3.744759,0.639269,51.637005,237.105026_30.838646i,128.784393_201.455688i,0,1,0,0.00
1386941949,0,0,0,4,1.658063,0.000000,2.530727,-3.744759,0.639269,51.798672,237.105026_30.838646i,128.784393_201.455688i,0,1,0,0.00
1386941949,0,0,0,4,1.658063,0.000000,2.530727,-3.744759,0.639269,51.970146,237.105026_30.838646i,128.784393_201.455688i,0,1,0,0.00
1386941950,0,0,0,4,1.658063,0.000000,2.530727,-3.744759,0.639269,52.115959,237.105026_30.838646i,128.784393_201.455688i,0,1,0,0.00
1386941950,0,0,0,4,1.658063,0.000000,2.530727,-3.744759,0.639269,52.305939,237.105026_30.838646i,128.784393_201.455688i,0,1,0,0.00
1386941950,0,0,0,4,1.658063,0.000000,2.530727,-3.744759,0.639269,52.506645,237.105026_30.838646i,128.784393_201.455688i,0,1,0,0.00
1386941950,0,0,0,4,1.658063,0.000000,2.530727,-3.744759,0.639269,52.718414,237.105026_30.838646i,128.784393_201.455688i,0,1,0,0.00
1386941951,0,0,0,4,1.658063,0.000000,2.530727,-3.744759,0.639269,52.897495,237.105026_30.838646i,128.784393_201.455688i,0,1,0,0.00
1386941951,0,0,0,4,1.658063,0.000000,2.530727,-3.744759,0.639269,53.130100,237.105026_30.838646i,128.784393_201.455688i,0,1,0,0.00
1386941951,0,0,0,4,1.658063,0.000000,2.530727,-3.744759,0.639269,53.374775,237.105026_30.838646i,128.784393_201.455688i,0,1,0,0.00
1386941951,0,0,0,4,1.658063,0.000000,2.530727,-3.744759,0.639269,53.631889,237.105026_30.838646i,128.784393_201.455688i,0,1,0,0.00
