MCU_timestamp,sig1,sig2,sig3,fa_debug,theta_d1,theta_d,theta_d1_b,theta_b,a_x,b_x,X_b,X_T_b,sail_hc_periods,sail_hc_direction,sail_hc_val,sail_hc_MEAN_V
1386834673,0,0,0,0,0.000000,0.000000,0.000000,0.000000,0.000000,0.000000,0.000000_0.000000i,0.000000_0.000000i,0,1,0,0.00
1386834673,0,0,0,0,0.000000,0.000000,0.000000,0.000000,0.000000,0.000000,0.000000_0.000000i,0.000000_0.000000i,0,1,0,0.00
1386834673,0,0,0,0,0.000000,0.000000,0.000000,0.000000,0.000000,0.000000,0.000000_0.000000i,0.000000_0.000000i,0,1,0,0.00
1386834673,0,0,0,0,0.000000,0.000000,0.000000,0.000000,0.000000,0.000000,0.000000_0.000000i,0.000000_0.000000i,0,1,0,0.00
1386834674,0,0,0,0,0.000000,0.000000,0.000000,0.000000,0.000000,0.000000,0.000000_0.000000i,0.000000_0.000000i,0,1,0,0.00
1386834674,0,0,0,0,0.000000,0.000000,0.000000,0.000000,0.000000,0.000000,0.000000_0.000000i,0.000000_0.000000i,0,1,0,0.00
1386834674,0,0,0,0,0.000000,0.000000,0.000000,0.000000,0.000000,0.000000,0.000000_0.000000i,0.000000_0.000000i,0,1,0,0.00
1386834674,0,0,0,0,0.000000,0.000000,0.000000,0.000000,0.000000,0.000000,0.000000_0.000000i,0.000000_0.000000i,0,1,0,0.00
1386834675,0,0,0,0,0.000000,0.000000,0.000000,0.000000,0.000000,0.000000,0.000000_0.000000i,0.000000_0.000000i,0,1,0,0.00
1386834675,0,0,0,0,0.000000,0.000000,0.000000,0.000000,0.000000,0.000000,0.000000_0.000000i,0.000000_0.000000i,0,1,0,0.00
1386834675,0,0,0,0,0.000000,0.000000,0.000000,0.000000,0.000000,0.000000,0.000000_0.000000i,0.000000_0.000000i,0,1,0,0.00
1386834675,0,0,0,0,0.000000,0.000000,0.000000,0.000000,0.000000,0.000000,0.000000_0.000000i,0.000000_0.000000i,0,1,0,0.00
1386834676,0,0,0,0,0.000000,0.000000,0.000000,0.000000,0.000000,0.000000,0.000000_0.000000i,0.000000_0.000000i,0,1,0,0.00
1386834676,0,0,0,0,0.000000,0.000000,0.000000,0.000000,0.000000,0.000000,0.000000_0.000000i,0.000000_0.000000i,0,1,0,0.00
1386834676,0,0,0,0,0.000000,0.000000,0.000000,0.000000,0.000000,0.000000,0.000000_0.000000i,0.000000_0.000000i,0,1,0,0.00
1386834676,0,0,0,0,0.000000,0.000000,0.000000,0.000000,0.000000,0.000000,0.000000_0.000000i,0.000000_0.000000i,0,1,0,0.00
1386834677,0,0,0,0,0.000000,0.000000,0.000000,0.000000,0.000000,0.000000,0.000000_0.000000i,0.000000_0.000000i,0,1,0,0.00
1386834677,0,0,0,0,0.000000,0.000000,0.000000,0.000000,0.000000,0.000000,0.000000_0.000000i,0.000000_0.000000i,0,1,0,0.00
1386834677,0,0,0,0,0.000000,0.000000,0.000000,0.000000,0.000000,0.000000,0.000000_0.000000i,0.000000_0.000000i,0,1,0,0.00
1386834677,0,0,0,0,0.000000,0.000000,0.000000,0.000000,0.000000,0.000000,0.000000_0.000000i,0.000000_0.000000i,0,1,0,0.00
1386834678,0,0,0,0,0.000000,0.000000,0.000000,0.000000,0.000000,0.000000,0.000000_0.000000i,0.000000_0.000000i,0,1,0,0.00
1386834678,0,0,0,0,0.000000,0.000000,0.000000,0.000000,0.000000,0.000000,0.000000_0.000000i,0.000000_0.000000i,0,1,0,0.00
1386834678,0,0,0,0,0.000000,0.000000,0.000000,0.000000,0.000000,0.000000,0.000000_0.000000i,0.000000_0.000000i,0,1,0,0.00
1386834678,0,0,0,0,0.000000,0.000000,0.000000,0.000000,0.000000,0.000000,0.000000_0.000000i,0.000000_0.000000i,0,1,0,0.00
1386834679,0,0,0,0,-3.332627,0.000000,2.530727,6.077010,-2.240297,122.667519,-101.991829_0.000000i,-93.134651_41.572460i,0,1,0,0.00
1386834679,0,0,0,0,-3.332627,0.000000,2.530727,6.239908,-2.240297,123.797005,-101.991829_0.000000i,-93.134651_41.572460i,0,1,0,0.00
1386834679,0,0,0,0,-3.332627,0.000000,2.530727,6.402805,-2.240297,126.067993,-101.991829_0.000000i,-93.134651_41.572460i,0,1,0,0.00
1386834679,0,0,0,0,-3.332627,0.000000,2.530727,6.565702,-2.240297,129.574265,-101.991829_0.000000i,-93.134651_41.572460i,0,1,0,0.00
1386834680,0,0,0,0,-3.332627,0.000000,2.530727,6.728600,-2.240297,134.510132,-101.991829_0.000000i,-93.134651_41.572460i,0,1,0,0.00
1386834680,0,0,0,0,-3.332627,0.000000,2.530727,6.891497,-2.240297,139.777634,-101.991829_0.000000i,-93.134651_41.572460i,0,1,0,0.00
1386834680,0,0,0,0,-3.332627,0.000000,2.530727,7.054394,-2.240297,145.462540,-101.991829_0.000000i,-93.134651_41.572460i,0,1,0,0.00
1386834681,0,0,0,0,-3.332627,0.000000,2.530727,7.217292,-2.240297,153.332474,-101.991829_0.000000i,-93.134651_41.572460i,0,1,0,0.00
1386834681,0,0,0,0,-3.332627,0.000000,2.530727,7.380189,-2.240297,162.205841,-101.991829_0.000000i,-93.134651_41.572460i,0,1,0,0.00
1386834681,0,0,0,0,-3.332627,0.000000,2.530727,7.543087,-2.240297,172.401474,-101.991829_0.000000i,-93.134651_41.572460i,0,1,0,0.00
1386834681,0,0,0,0,-3.332627,0.000000,2.530727,7.705984,-2.240297,181.861725,-101.991829_0.000000i,-93.134651_41.572460i,0,1,0,0.00
1386834682,1,0,0,2,-2.980258,0.000000,2.883096,7.868881,-2.240297,195.597321,-101.991829_0.000000i,-93.134651_41.572460i,0,1,0,0.00
1386834682,1,0,0,2,-2.963436,0.000000,2.899918,8.031778,-2.240297,208.917740,-101.991829_0.000000i,-93.134651_41.572460i,0,1,0,0.00
1386834682,1,0,0,2,-2.949645,0.000000,2.913709,8.194675,-2.240297,221.321198,-101.991829_0.000000i,-93.134651_41.572460i,0,1,0,0.00
1386834682,1,0,0,2,-2.935212,0.000000,2.928142,8.357574,-2.240297,236.034775,-101.991829_0.000000i,-93.134651_41.572460i,0,1,0,0.00
1386834683,1,0,0,2,-2.923947,0.000000,2.939408,8.520471,-2.240297,248.991425,-101.991829_0.000000i,-93.134651_41.572460i,0,1,0,0.00
1386834683,1,0,0,2,-2.916039,0.000000,2.947316,8.683368,-2.240297,258.990662,-101.991829_0.000000i,-93.134651_41.572460i,0,1,0,0.00
1386834683,1,0,0,2,-2.907721,0.000000,2.955634,8.827648,-2.240297,270.432373,-101.991829_0.000000i,-93.134651_41.572460i,0,1,0,0.00
1386834683,1,0,0,2,-2.898957,0.000000,2.964397,8.939350,-2.240297,283.656311,-101.991829_0.000000i,-93.134651_41.572460i,0,1,0,0.00
1386834684,1,0,0,2,-2.894027,0.000000,2.969328,9.023126,-2.240297,291.691071,-101.991829_0.000000i,-93.134651_41.572460i,0,1,0,0.00
1386834684,1,0,0,0,-7.957750,0.000000,-2.094395,9.083631,-2.240297,-50.063328,-101.991829_0.000000i,-93.134651_41.572460i,0,1,0,0.00
1386834684,1,1,1,7353,-6.910552,0.000000,-1.047198,9.246528,-2.240297,-50.055847,-101.991829_0.000000i,-93.134651_41.572460i,0,1,0,0.00
1386834684,1,1,1,7353,-6.910552,0.000000,-1.047198,9.409425,-2.240297,-50.055847,-101.991829_0.000000i,-93.134651_41.572460i,0,1,0,0.00
1386834685,1,1,1,7353,-6.910552,0.000000,-1.047198,9.572322,-2.240297,-50.055847,-101.991829_0.000000i,-93.134651_41.572460i,0,1,0,0.00
1386834685,1,1,1,7353,-6.910552,0.000000,-1.047198,9.735220,-2.240297,-50.055847,-101.991829_0.000000i,-93.134651_41.572460i,0,1,0,0.00
1386834685,1,1,1,7353,-6.910552,0.000000,-1.047198,9.898117,-2.240297,-50.055847,-101.991829_0.000000i,-93.134651_41.572460i,0,1,0,0.00
1386834685,1,1,1,7353,-6.910552,0.000000,-1.047198,9.772453,-2.240297,-50.055847,-101.991829_0.000000i,-93.134651_41.572460i,0,1,0,0.00
1386834686,1,1,1,0,-6.910552,0.000000,-1.047198,9.772453,-2.240297,-50.055847,-101.991829_0.000000i,-93.134651_41.572460i,0,1,0,0.00
1386834686,1,1,1,0,-6.910552,0.000000,-1.047198,9.772453,-2.240297,-50.055847,-101.991829_0.000000i,-93.134651_41.572460i,0,1,0,0.00
1386834686,1,1,1,0,-6.910552,0.000000,-1.047198,9.772453,-2.240297,-50.055847,-101.991829_0.000000i,-93.134651_41.572460i,0,1,0,0.00
1386834686,1,1,1,0,-6.910552,0.000000,-1.047198,9.772453,-2.240297,-50.055847,-101.991829_0.000000i,-93.134651_41.572460i,0,1,0,0.00
1386834687,1,1,1,0,-6.910552,0.000000,-1.047198,9.772453,-2.240297,-50.055847,-101.991829_0.000000i,-93.134651_41.572460i,0,1,0,0.00
1386834687,1,1,1,0,-6.910552,0.000000,-1.047198,9.772453,-2.240297,-50.055847,-101.991829_0.000000i,-93.134651_41.572460i,0,1,0,0.00
1386834687,1,1,1,7353,-6.910552,0.000000,-1.047198,9.679370,-2.240297,-50.055847,262.404388_-639.585083i,-21.081921_-690.999756i,0,1,0,0.00
1386834687,1,1,1,7353,-6.910552,0.000000,-1.047198,9.842267,-2.240297,-50.055847,262.404388_-639.585083i,-21.081921_-690.999756i,0,1,0,0.00
1386834688,1,1,1,7353,-6.910552,0.000000,-1.047198,10.005164,-2.240297,-50.055847,262.404388_-639.585083i,-21.081921_-690.999756i,0,1,0,0.00
1386834688,1,1,1,7353,-6.910552,0.000000,-1.047198,10.168061,-2.240297,-50.055847,262.404388_-639.585083i,-21.081921_-690.999756i,0,1,0,0.00
1386834688,1,1,1,7353,-6.910552,0.000000,-1.047198,10.330958,-2.240297,-50.055847,262.404388_-639.585083i,-21.081921_-690.999756i,0,1,0,0.00
1386834688,1,1,1,7353,-6.910552,0.000000,-1.047198,10.493855,-2.240297,-50.055847,262.404388_-639.585083i,-21.081921_-690.999756i,0,1,0,0.00
1386834689,1,1,1,7353,-6.910552,0.000000,-1.047198,10.628828,-2.240297,-50.055847,262.404388_-639.585083i,-21.081921_-690.999756i,0,1,0,0.00
1386834689,1,1,1,7353,-6.910552,0.000000,-1.047198,10.726567,-2.240297,-50.055847,262.404388_-639.585083i,-21.081921_-690.999756i,0,1,0,0.00
1386834689,1,1,1,7353,-6.910552,0.000000,-1.047198,10.796380,-2.240297,-50.055847,262.404388_-639.585083i,-21.081921_-690.999756i,0,1,0,0.00
1386834689,1,1,1,7353,-6.910552,0.000000,-1.047198,10.847576,-2.240297,-50.055847,262.404388_-639.585083i,-21.081921_-690.999756i,0,1,0,0.00
1386834690,1,1,1,7353,-6.910552,0.000000,-1.047198,10.884809,-2.240297,-50.055847,262.404388_-639.585083i,-21.081921_-690.999756i,0,1,0,0.00
1386834690,1,1,1,7353,-6.910552,0.000000,-1.047198,10.912735,-2.240297,-50.055847,262.404388_-639.585083i,-21.081921_-690.999756i,0,1,0,0.00
1386834690,1,1,1,7353,-6.910552,0.000000,-1.047198,10.936007,-2.240297,-50.055847,262.404388_-639.585083i,-21.081921_-690.999756i,0,1,0,0.00
1386834690,1,1,1,7353,-6.910552,0.000000,-1.047198,10.949969,-2.240297,-50.055847,262.404388_-639.585083i,-21.081921_-690.999756i,0,1,0,0.00
1386834691,1,1,1,7353,-6.910552,0.000000,-1.047198,10.787071,-2.240297,-50.055847,262.404388_-639.585083i,-21.081921_-690.999756i,0,1,0,0.00
1386834691,1,1,1,7353,-6.910552,0.000000,-1.047198,10.624174,-2.240297,-50.055847,262.404388_-639.585083i,-21.081921_-690.999756i,0,1,0,0.00
1386834691,1,1,1,7353,-6.910552,0.000000,-1.047198,10.461277,-2.240297,-50.055847,262.404388_-639.585083i,-21.081921_-690.999756i,0,1,0,0.00
1386834691,1,1,1,7353,-6.910552,0.000000,-1.047198,10.298380,-2.240297,-50.055847,262.404388_-639.585083i,-21.081921_-690.999756i,0,1,0,0.00
1386834692,1,1,1,7353,-6.910552,0.000000,-1.047198,10.461277,-2.240297,-50.055847,262.404388_-639.585083i,-21.081921_-690.999756i,0,1,0,0.00
1386834692,1,1,1,7353,-6.910552,0.000000,-1.047198,10.605557,-2.240297,-50.055847,262.404388_-639.585083i,-21.081921_-690.999756i,0,1,0,0.00
1386834692,1,1,1,7353,-6.910552,0.000000,-1.047198,10.707950,-2.240297,-50.055847,262.404388_-639.585083i,-21.081921_-690.999756i,0,1,0,0.00
1386834692,1,1,1,7353,-6.910552,0.000000,-1.047198,10.870848,-2.240297,-50.055847,262.404388_-639.585083i,-21.081921_-690.999756i,0,1,0,0.00
1386834693,1,1,1,7353,-6.910552,0.000000,-1.047198,10.707950,-2.240297,-50.055847,262.404388_-639.585083i,-21.081921_-690.999756i,0,1,0,0.00
1386834693,1,1,1,7353,-6.910552,0.000000,-1.047198,10.545053,-2.240297,-50.055847,262.404388_-639.585083i,-21.081921_-690.999756i,0,1,0,0.00
1386834693,1,1,1,7353,-6.910552,0.000000,-1.047198,10.382155,-2.240297,-50.055847,262.404388_-639.585083i,-21.081921_-690.999756i,0,1,0,0.00
1386834693,1,1,1,7353,-6.910552,0.000000,-1.047198,10.219258,-2.240297,-50.055847,262.404388_-639.585083i,-21.081921_-690.999756i,0,1,0,0.00
1386834694,1,1,1,7353,-6.910552,0.000000,-1.047198,10.382155,-2.240297,-50.055847,262.404388_-639.585083i,-21.081921_-690.999756i,0,1,0,0.00
1386834694,1,1,1,7353,-6.910552,0.000000,-1.047198,10.545053,-2.240297,-50.055847,262.404388_-639.585083i,-21.081921_-690.999756i,0,1,0,0.00
1386834694,1,1,1,7353,-6.910552,0.000000,-1.047198,10.666062,-2.240297,-50.055847,262.404388_-639.585083i,-21.081921_-690.999756i,0,1,0,0.00
1386834694,1,1,1,7353,-6.910552,0.000000,-1.047198,10.754493,-2.240297,-50.055847,262.404388_-639.585083i,-21.081921_-690.999756i,0,1,0,0.00
1386834695,1,1,1,7353,-6.910552,0.000000,-1.047198,10.819652,-2.240297,-50.055847,262.404388_-639.585083i,-21.081921_-690.999756i,0,1,0,0.00
1386834695,1,1,1,7353,-6.910552,0.000000,-1.047198,10.656754,-2.240297,-50.055847,262.404388_-639.585083i,-21.081921_-690.999756i,0,1,0,0.00
1386834695,1,1,1,7353,-6.910552,0.000000,-1.047198,10.493856,-2.240297,-50.055847,262.404388_-639.585083i,-21.081921_-690.999756i,0,1,0,0.00
1386834695,1,1,1,7353,-6.910552,0.000000,-1.047198,10.330959,-2.240297,-50.055847,262.404388_-639.585083i,-21.081921_-690.999756i,0,1,0,0.00
1386834696,1,1,1,7353,-6.910552,0.000000,-1.047198,10.493856,-2.240297,-50.055847,262.404388_-639.585083i,-21.081921_-690.999756i,0,1,0,0.00
1386834696,1,1,1,7353,-6.910552,0.000000,-1.047198,10.628829,-2.240297,-50.055847,262.404388_-639.585083i,-21.081921_-690.999756i,0,1,0,0.00
1386834696,1,1,1,7353,-6.910552,0.000000,-1.047198,10.726567,-2.240297,-50.055847,262.404388_-639.585083i,-21.081921_-690.999756i,0,1,0,0.00
1386834696,1,1,1,7353,-6.910552,0.000000,-1.047198,10.563670,-2.240297,-50.055847,262.404388_-639.585083i,-21.081921_-690.999756i,0,1,0,0.00
1386834697,1,1,1,7353,-6.910552,0.000000,-1.047198,10.400773,-2.240297,-50.055847,262.404388_-639.585083i,-21.081921_-690.999756i,0,1,0,0.00
1386834697,1,1,1,7353,-6.910552,0.000000,-1.047198,10.559016,-2.240297,-50.055847,262.404388_-639.585083i,-21.081921_-690.999756i,0,1,0,0.00
1386834697,1,1,1,7353,-6.910552,0.000000,-1.047198,10.675371,-2.240297,-50.055847,262.404388_-639.585083i,-21.081921_-690.999756i,0,1,0,0.00
1386834697,1,1,1,7353,-6.910552,0.000000,-1.047198,10.838269,-2.240297,-50.055847,262.404388_-639.585083i,-21.081921_-690.999756i,0,1,0,0.00
1386834698,1,1,1,7353,-6.910552,0.000000,-1.047198,10.675371,-2.240297,-50.055847,262.404388_-639.585083i,-21.081921_-690.999756i,0,1,0,0.00
1386834698,1,1,1,7353,-6.910552,0.000000,-1.047198,10.512474,-2.240297,-50.055847,262.404388_-639.585083i,-21.081921_-690.999756i,0,1,0,0.00
1386834698,1,1,1,7353,-6.910552,0.000000,-1.047198,10.349577,-2.240297,-50.055847,262.404388_-639.585083i,-21.081921_-690.999756i,0,1,0,0.00
1386834698,1,1,1,7353,-6.910552,0.000000,-1.047198,10.186679,-2.240297,-50.055847,262.404388_-639.585083i,-21.081921_-690.999756i,0,1,0,0.00
1386834699,1,1,1,7353,-6.910552,0.000000,-1.047198,10.349577,-2.240297,-50.055847,262.404388_-639.585083i,-21.081921_-690.999756i,0,1,0,0.00
1386834699,1,1,1,7353,-6.910552,0.000000,-1.047198,10.512474,-2.240297,-50.055847,262.404388_-639.585083i,-21.081921_-690.999756i,0,1,0,0.00
1386834699,1,1,1,7353,-6.910552,0.000000,-1.047198,10.642792,-2.240297,-50.055847,262.404388_-639.585083i,-21.081921_-690.999756i,0,1,0,0.00
1386834699,1,1,1,7353,-6.910552,0.000000,-1.047198,10.735876,-2.240297,-50.055847,262.404388_-639.585083i,-21.081921_-690.999756i,0,1,0,0.00
1386834700,1,1,1,7353,-6.910552,0.000000,-1.047198,10.805689,-2.240297,-50.055847,262.404388_-639.585083i,-21.081921_-690.999756i,0,1,0,0.00
1386834700,1,1,1,7353,-6.910552,0.000000,-1.047198,10.856885,-2.240297,-50.055847,262.404388_-639.585083i,-21.081921_-690.999756i,0,1,0,0.00
1386834700,1,1,1,7353,-6.910552,0.000000,-1.047198,10.693988,-2.240297,-50.055847,262.404388_-639.585083i,-21.081921_-690.999756i,0,1,0,0.00
1386834700,1,1,1,7353,-6.910552,0.000000,-1.047198,10.531091,-2.240297,-50.055847,262.404388_-639.585083i,-21.081921_-690.999756i,0,1,0,0.00
1386834701,1,1,1,7353,-6.910552,0.000000,-1.047198,10.368194,-2.240297,-50.055847,262.404388_-639.585083i,-21.081921_-690.999756i,0,1,0,0.00
1386834701,1,1,1,7353,-6.910552,0.000000,-1.047198,10.531091,-2.240297,-50.055847,262.404388_-639.585083i,-21.081921_-690.999756i,0,1,0,0.00
1386834701,1,1,1,7353,-6.910552,0.000000,-1.047198,10.656754,-2.240297,-50.055847,262.404388_-639.585083i,-21.081921_-690.999756i,0,1,0,0.00
1386834701,1,1,1,7353,-6.910552,0.000000,-1.047198,10.493857,-2.240297,-50.055847,262.404388_-639.585083i,-21.081921_-690.999756i,0,1,0,0.00
1386834702,1,1,1,7353,-6.910552,0.000000,-1.047198,10.628829,-2.240297,-50.055847,262.404388_-639.585083i,-21.081921_-690.999756i,0,1,0,0.00
1386834702,1,1,1,7353,-6.910552,0.000000,-1.047198,10.791727,-2.240297,-50.055847,262.404388_-639.585083i,-21.081921_-690.999756i,0,1,0,0.00
1386834702,1,1,1,7353,-6.910552,0.000000,-1.047198,10.628829,-2.240297,-50.055847,262.404388_-639.585083i,-21.081921_-690.999756i,0,1,0,0.00
1386834702,1,1,1,7353,-6.910552,0.000000,-1.047198,10.465932,-2.240297,-50.055847,262.404388_-639.585083i,-21.081921_-690.999756i,0,1,0,0.00
1386834703,1,1,1,7353,-6.910552,0.000000,-1.047198,10.303035,-2.240297,-50.055847,262.404388_-639.585083i,-21.081921_-690.999756i,0,1,0,0.00
1386834703,1,1,1,7353,-6.910552,0.000000,-1.047198,10.465932,-2.240297,-50.055847,262.404388_-639.585083i,-21.081921_-690.999756i,0,1,0,0.00
1386834703,1,1,1,7353,-6.910552,0.000000,-1.047198,10.605558,-2.240297,-50.055847,262.404388_-639.585083i,-21.081921_-690.999756i,0,1,0,0.00
1386834703,1,1,1,7353,-6.910552,0.000000,-1.047198,10.707952,-2.240297,-50.055847,262.404388_-639.585083i,-21.081921_-690.999756i,0,1,0,0.00
1386834704,1,1,1,7353,-6.910552,0.000000,-1.047198,10.782418,-2.240297,-50.055847,262.404388_-639.585083i,-21.081921_-690.999756i,0,1,0,0.00
1386834704,1,1,1,7353,-6.910552,0.000000,-1.047198,10.619521,-2.240297,-50.055847,262.404388_-639.585083i,-21.081921_-690.999756i,0,1,0,0.00
1386834704,1,1,1,7353,-6.910552,0.000000,-1.047198,10.456624,-2.240297,-50.055847,262.404388_-639.585083i,-21.081921_-690.999756i,0,1,0,0.00
1386834704,1,1,1,7353,-6.910552,0.000000,-1.047198,10.293727,-2.240297,-50.055847,262.404388_-639.585083i,-21.081921_-690.999756i,0,1,0,0.00
1386834705,1,1,1,7353,-6.910552,0.000000,-1.047198,10.456624,-2.240297,-50.055847,262.404388_-639.585083i,-21.081921_-690.999756i,0,1,0,0.00
1386834705,1,1,1,7353,-6.910552,0.000000,-1.047198,10.600904,-2.240297,-50.055847,262.404388_-639.585083i,-21.081921_-690.999756i,0,1,0,0.00
1386834705,1,1,1,7353,-6.910552,0.000000,-1.047198,10.707952,-2.240297,-50.055847,262.404388_-639.585083i,-21.081921_-690.999756i,0,1,0,0.00
1386834705,1,1,1,7353,-6.910552,0.000000,-1.047198,10.782418,-2.240297,-50.055847,262.404388_-639.585083i,-21.081921_-690.999756i,0,1,0,0.00
1386834706,1,1,1,7353,-6.910552,0.000000,-1.047198,10.619521,-2.240297,-50.055847,262.404388_-639.585083i,-21.081921_-690.999756i,0,1,0,0.00
1386834706,1,1,1,7353,-6.910552,0.000000,-1.047198,10.456624,-2.240297,-50.055847,262.404388_-639.585083i,-21.081921_-690.999756i,0,1,0,0.00
1386834706,1,1,1,7353,-6.910552,0.000000,-1.047198,10.600904,-2.240297,-50.055847,262.404388_-639.585083i,-21.081921_-690.999756i,0,1,0,0.00
1386834706,1,1,1,7353,-6.910552,0.000000,-1.047198,10.763802,-2.240297,-50.055847,262.404388_-639.585083i,-21.081921_-690.999756i,0,1,0,0.00
1386834707,1,1,1,7353,-6.910552,0.000000,-1.047198,10.600904,-2.240297,-50.055847,262.404388_-639.585083i,-21.081921_-690.999756i,0,1,0,0.00
1386834707,1,1,1,7353,-6.910552,0.000000,-1.047198,10.438007,-2.240297,-50.055847,262.404388_-639.585083i,-21.081921_-690.999756i,0,1,0,0.00
1386834707,1,1,1,7353,-6.910552,0.000000,-1.047198,10.275109,-2.240297,-50.055847,262.404388_-639.585083i,-21.081921_-690.999756i,0,1,0,0.00
1386834707,1,1,1,7353,-6.910552,0.000000,-1.047198,10.438007,-2.240297,-50.055847,262.404388_-639.585083i,-21.081921_-690.999756i,0,1,0,0.00
1386834708,1,1,1,7353,-6.910552,0.000000,-1.047198,10.586942,-2.240297,-50.055847,262.404388_-639.585083i,-21.081921_-690.999756i,0,1,0,0.00
1386834708,1,1,1,7353,-6.910552,0.000000,-1.047198,10.693989,-2.240297,-50.055847,262.404388_-639.585083i,-21.081921_-690.999756i,0,1,0,0.00
1386834708,1,1,1,7353,-6.910552,0.000000,-1.047198,10.773110,-2.240297,-50.055847,262.404388_-639.585083i,-21.081921_-690.999756i,0,1,0,0.00
1386834708,1,1,1,7353,-6.910552,0.000000,-1.047198,10.833615,-2.240297,-50.055847,262.404388_-639.585083i,-21.081921_-690.999756i,0,1,0,0.00
1386834709,1,1,1,7353,-6.910552,0.000000,-1.047198,10.670718,-2.240297,-50.055847,262.404388_-639.585083i,-21.081921_-690.999756i,0,1,0,0.00
1386834709,1,1,1,7353,-6.910552,0.000000,-1.047198,10.507821,-2.240297,-50.055847,262.404388_-639.585083i,-21.081921_-690.999756i,0,1,0,0.00
1386834709,1,1,1,7353,-6.910552,0.000000,-1.047198,10.344923,-2.240297,-50.055847,262.404388_-639.585083i,-21.081921_-690.999756i,0,1,0,0.00
1386834709,1,1,1,7353,-6.910552,0.000000,-1.047198,10.507821,-2.240297,-50.055847,262.404388_-639.585083i,-21.081921_-690.999756i,0,1,0,0.00
1386834710,1,1,1,7353,-6.910552,0.000000,-1.047198,10.638139,-2.240297,-50.055847,262.404388_-639.585083i,-21.081921_-690.999756i,0,1,0,0.00
1386834710,1,1,1,7353,-6.910552,0.000000,-1.047198,10.801036,-2.240297,-50.055847,262.404388_-639.585083i,-21.081921_-690.999756i,0,1,0,0.00
1386834710,1,1,1,7353,-6.910552,0.000000,-1.047198,10.638139,-2.240297,-50.055847,262.404388_-639.585083i,-21.081921_-690.999756i,0,1,0,0.00
1386834710,1,1,1,7353,-6.910552,0.000000,-1.047198,10.475241,-2.240297,-50.055847,262.404388_-639.585083i,-21.081921_-690.999756i,0,1,0,0.00
1386834711,1,1,1,7353,-6.910552,0.000000,-1.047198,10.312344,-2.240297,-50.055847,262.404388_-639.585083i,-21.081921_-690.999756i,0,1,0,0.00
1386834711,1,1,1,7353,-6.910552,0.000000,-1.047198,10.475241,-2.240297,-50.055847,262.404388_-639.585083i,-21.081921_-690.999756i,0,1,0,0.00
1386834711,1,1,1,7353,-6.910552,0.000000,-1.047198,10.614867,-2.240297,-50.055847,262.404388_-639.585083i,-21.081921_-690.999756i,0,1,0,0.00
1386834711,1,1,1,7353,-6.910552,0.000000,-1.047198,10.717259,-2.240297,-50.055847,262.404388_-639.585083i,-21.081921_-690.999756i,0,1,0,0.00
1386834712,1,1,1,7353,-6.910552,0.000000,-1.047198,10.554362,-2.240297,-50.055847,262.404388_-639.585083i,-21.081921_-690.999756i,0,1,0,0.00
1386834712,1,1,1,7353,-6.910552,0.000000,-1.047198,10.717259,-2.240297,-50.055847,262.404388_-639.585083i,-21.081921_-690.999756i,0,1,0,0.00
1386834712,1,1,1,7353,-6.910552,0.000000,-1.047198,10.554362,-2.240297,-50.055847,262.404388_-639.585083i,-21.081921_-690.999756i,0,1,0,0.00
1386834712,1,1,1,7353,-6.910552,0.000000,-1.047198,10.391465,-2.240297,-50.055847,262.404388_-639.585083i,-21.081921_-690.999756i,0,1,0,0.00
1386834713,1,1,1,7353,-6.910552,0.000000,-1.047198,10.554362,-2.240297,-50.055847,262.404388_-639.585083i,-21.081921_-690.999756i,0,1,0,0.00
1386834713,1,1,1,7353,-6.910552,0.000000,-1.047198,10.670718,-2.240297,-50.055847,262.404388_-639.585083i,-21.081921_-690.999756i,0,1,0,0.00
1386834713,1,1,1,7353,-6.910552,0.000000,-1.047198,10.833615,-2.240297,-50.055847,262.404388_-639.585083i,-21.081921_-690.999756i,0,1,0,0.00
1386834713,1,1,1,7353,-6.910552,0.000000,-1.047198,10.670718,-2.240297,-50.055847,262.404388_-639.585083i,-21.081921_-690.999756i,0,1,0,0.00
1386834714,1,1,1,7353,-6.910552,0.000000,-1.047198,10.507821,-2.240297,-50.055847,262.404388_-639.585083i,-21.081921_-690.999756i,0,1,0,0.00
1386834714,1,1,1,7353,-6.910552,0.000000,-1.047198,10.344924,-2.240297,-50.055847,262.404388_-639.585083i,-21.081921_-690.999756i,0,1,0,0.00
1386834714,1,1,1,7353,-6.910552,0.000000,-1.047198,10.182026,-2.240297,-50.055847,262.404388_-639.585083i,-21.081921_-690.999756i,0,1,0,0.00
1386834714,1,1,1,7353,-6.910552,0.000000,-1.047198,10.344924,-2.240297,-50.055847,262.404388_-639.585083i,-21.081921_-690.999756i,0,1,0,0.00
1386834715,1,1,1,7353,-6.910552,0.000000,-1.047198,10.507821,-2.240297,-50.055847,262.404388_-639.585083i,-21.081921_-690.999756i,0,1,0,0.00
1386834715,1,1,1,7353,-6.910552,0.000000,-1.047198,10.638139,-2.240297,-50.055847,262.404388_-639.585083i,-21.081921_-690.999756i,0,1,0,0.00
1386834715,1,1,1,7353,-6.910552,0.000000,-1.047198,10.731223,-2.240297,-50.055847,262.404388_-639.585083i,-21.081921_-690.999756i,0,1,0,0.00
1386834715,1,1,1,7353,-6.910552,0.000000,-1.047198,10.801036,-2.240297,-50.055847,262.404388_-639.585083i,-21.081921_-690.999756i,0,1,0,0.00
1386834716,1,1,1,7353,-6.910552,0.000000,-1.047198,10.852232,-2.240297,-50.055847,262.404388_-639.585083i,-21.081921_-690.999756i,0,1,0,0.00
1386834716,1,1,1,7353,-6.910552,0.000000,-1.047198,10.689335,-2.240297,-50.055847,262.404388_-639.585083i,-21.081921_-690.999756i,0,1,0,0.00
1386834716,1,1,1,7353,-6.910552,0.000000,-1.047198,10.526438,-2.240297,-50.055847,262.404388_-639.585083i,-21.081921_-690.999756i,0,1,0,0.00
1386834716,1,1,1,7353,-6.910552,0.000000,-1.047198,10.363540,-2.240297,-50.055847,262.404388_-639.585083i,-21.081921_-690.999756i,0,1,0,0.00
1386834717,1,1,1,7353,-6.910552,0.000000,-1.047198,10.526438,-2.240297,-50.055847,262.404388_-639.585083i,-21.081921_-690.999756i,0,1,0,0.00
1386834717,1,1,1,7353,-6.910552,0.000000,-1.047198,10.652102,-2.240297,-50.055847,262.404388_-639.585083i,-21.081921_-690.999756i,0,1,0,0.00
1386834717,1,1,1,7353,-6.910552,0.000000,-1.047198,10.745185,-2.240297,-50.055847,262.404388_-639.585083i,-21.081921_-690.999756i,0,1,0,0.00
1386834717,1,1,1,7353,-6.910552,0.000000,-1.047198,10.582288,-2.240297,-50.055847,262.404388_-639.585083i,-21.081921_-690.999756i,0,1,0,0.00
1386834718,1,1,1,7353,-6.910552,0.000000,-1.047198,10.419391,-2.240297,-50.055847,262.404388_-639.585083i,-21.081921_-690.999756i,0,1,0,0.00
1386834718,1,1,1,7353,-6.910552,0.000000,-1.047198,10.572980,-2.240297,-50.055847,262.404388_-639.585083i,-21.081921_-690.999756i,0,1,0,0.00
1386834718,1,1,1,7353,-6.910552,0.000000,-1.047198,10.684681,-2.240297,-50.055847,262.404388_-639.585083i,-21.081921_-690.999756i,0,1,0,0.00
1386834718,1,1,1,7353,-6.910552,0.000000,-1.047198,10.847578,-2.240297,-50.055847,262.404388_-639.585083i,-21.081921_-690.999756i,0,1,0,0.00
1386834719,1,1,1,7353,-6.910552,0.000000,-1.047198,10.684681,-2.240297,-50.055847,262.404388_-639.585083i,-21.081921_-690.999756i,0,1,0,0.00
1386834719,1,1,1,7353,-6.910552,0.000000,-1.047198,10.521783,-2.240297,-50.055847,262.404388_-639.585083i,-21.081921_-690.999756i,0,1,0,0.00
1386834719,1,1,1,7353,-6.910552,0.000000,-1.047198,10.358886,-2.240297,-50.055847,262.404388_-639.585083i,-21.081921_-690.999756i,0,1,0,0.00
1386834719,1,1,1,7353,-6.910552,0.000000,-1.047198,10.195989,-2.240297,-50.055847,262.404388_-639.585083i,-21.081921_-690.999756i,0,1,0,0.00
1386834720,1,1,1,7353,-6.910552,0.000000,-1.047198,10.358886,-2.240297,-50.055847,262.404388_-639.585083i,-21.081921_-690.999756i,0,1,0,0.00
1386834720,1,1,1,7353,-6.910552,0.000000,-1.047198,10.521783,-2.240297,-50.055847,262.404388_-639.585083i,-21.081921_-690.999756i,0,1,0,0.00
1386834720,1,1,1,7353,-6.910552,0.000000,-1.047198,10.647447,-2.240297,-50.055847,262.404388_-639.585083i,-21.081921_-690.999756i,0,1,0,0.00
1386834720,1,1,1,7353,-6.910552,0.000000,-1.047198,10.740531,-2.240297,-50.055847,262.404388_-639.585083i,-21.081921_-690.999756i,0,1,0,0.00
1386834721,1,1,1,7353,-6.910552,0.000000,-1.047198,10.810345,-2.240297,-50.055847,262.404388_-639.585083i,-21.081921_-690.999756i,0,1,0,0.00
1386834721,1,1,1,7353,-6.910552,0.000000,-1.047198,10.861541,-2.240297,-50.055847,262.404388_-639.585083i,-21.081921_-690.999756i,0,1,0,0.00
1386834721,1,1,1,7353,-6.910552,0.000000,-1.047198,10.698644,-2.240297,-50.055847,262.404388_-639.585083i,-21.081921_-690.999756i,0,1,0,0.00
1386834721,1,1,1,7353,-6.910552,0.000000,-1.047198,10.535747,-2.240297,-50.055847,262.404388_-639.585083i,-21.081921_-690.999756i,0,1,0,0.00
1386834722,1,1,1,7353,-6.910552,0.000000,-1.047198,10.372849,-2.240297,-50.055847,262.404388_-639.585083i,-21.081921_-690.999756i,0,1,0,0.00
1386834722,1,1,1,7353,-6.910552,0.000000,-1.047198,10.209951,-2.240297,-50.055847,262.404388_-639.585083i,-21.081921_-690.999756i,0,1,0,0.00
1386834722,1,1,1,7353,-6.910552,0.000000,-1.047198,10.372849,-2.240297,-50.055847,262.404388_-639.585083i,-21.081921_-690.999756i,0,1,0,0.00
1386834722,1,1,1,7353,-6.910552,0.000000,-1.047198,10.535747,-2.240297,-50.055847,262.404388_-639.585083i,-21.081921_-690.999756i,0,1,0,0.00
1386834723,1,1,1,7353,-6.910552,0.000000,-1.047198,10.656755,-2.240297,-50.055847,262.404388_-639.585083i,-21.081921_-690.999756i,0,1,0,0.00
1386834723,1,1,1,7353,-6.910552,0.000000,-1.047198,10.745186,-2.240297,-50.055847,262.404388_-639.585083i,-21.081921_-690.999756i,0,1,0,0.00
1386834723,1,1,1,7353,-6.910552,0.000000,-1.047198,10.810345,-2.240297,-50.055847,262.404388_-639.585083i,-21.081921_-690.999756i,0,1,0,0.00
1386834723,1,1,1,7353,-6.910552,0.000000,-1.047198,10.861541,-2.240297,-50.055847,262.404388_-639.585083i,-21.081921_-690.999756i,0,1,0,0.00
1386834724,1,1,1,7353,-6.910552,0.000000,-1.047198,10.698644,-2.240297,-50.055847,262.404388_-639.585083i,-21.081921_-690.999756i,0,1,0,0.00
1386834724,1,1,1,7353,-6.910552,0.000000,-1.047198,10.535747,-2.240297,-50.055847,262.404388_-639.585083i,-21.081921_-690.999756i,0,1,0,0.00
1386834724,1,1,1,7353,-6.910552,0.000000,-1.047198,10.372849,-2.240297,-50.055847,262.404388_-639.585083i,-21.081921_-690.999756i,0,1,0,0.00
1386834724,1,1,1,7353,-6.910552,0.000000,-1.047198,10.209952,-2.240297,-50.055847,262.404388_-639.585083i,-21.081921_-690.999756i,0,1,0,0.00
1386834725,1,1,1,7353,-6.910552,0.000000,-1.047198,10.372849,-2.240297,-50.055847,262.404388_-639.585083i,-21.081921_-690.999756i,0,1,0,0.00
1386834725,1,1,1,7353,-6.910552,0.000000,-1.047198,10.535747,-2.240297,-50.055847,262.404388_-639.585083i,-21.081921_-690.999756i,0,1,0,0.00
1386834725,1,1,1,7353,-6.910552,0.000000,-1.047198,10.656756,-2.240297,-50.055847,262.404388_-639.585083i,-21.081921_-690.999756i,0,1,0,0.00
1386834725,1,1,1,7353,-6.910552,0.000000,-1.047198,10.745186,-2.240297,-50.055847,262.404388_-639.585083i,-21.081921_-690.999756i,0,1,0,0.00
1386834726,1,1,1,7353,-6.910552,0.000000,-1.047198,10.810345,-2.240297,-50.055847,262.404388_-639.585083i,-21.081921_-690.999756i,0,1,0,0.00
1386834726,1,1,1,7353,-6.910552,0.000000,-1.047198,10.861541,-2.240297,-50.055847,262.404388_-639.585083i,-21.081921_-690.999756i,0,1,0,0.00
1386834726,1,1,1,7353,-6.910552,0.000000,-1.047198,10.698644,-2.240297,-50.055847,262.404388_-639.585083i,-21.081921_-690.999756i,0,1,0,0.00
1386834726,1,1,1,7353,-6.910552,0.000000,-1.047198,10.535747,-2.240297,-50.055847,262.404388_-639.585083i,-21.081921_-690.999756i,0,1,0,0.00
1386834727,1,1,1,7353,-6.910552,0.000000,-1.047198,10.372849,-2.240297,-50.055847,262.404388_-639.585083i,-21.081921_-690.999756i,0,1,0,0.00
1386834727,1,1,1,7353,-6.910552,0.000000,-1.047198,10.209952,-2.240297,-50.055847,262.404388_-639.585083i,-21.081921_-690.999756i,0,1,0,0.00
1386834727,1,1,1,7353,-6.910552,0.000000,-1.047198,10.372849,-2.240297,-50.055847,262.404388_-639.585083i,-21.081921_-690.999756i,0,1,0,0.00
1386834728,1,1,1,7353,-6.910552,0.000000,-1.047198,10.535747,-2.240297,-50.055847,262.404388_-639.585083i,-21.081921_-690.999756i,0,1,0,0.00
1386834728,1,1,1,7353,-6.910552,0.000000,-1.047198,10.656756,-2.240297,-50.055847,262.404388_-639.585083i,-21.081921_-690.999756i,0,1,0,0.00
1386834728,1,1,1,7353,-6.910552,0.000000,-1.047198,10.745186,-2.240297,-50.055847,262.404388_-639.585083i,-21.081921_-690.999756i,0,1,0,0.00
1386834728,1,1,1,7353,-6.910552,0.000000,-1.047198,10.810346,-2.240297,-50.055847,262.404388_-639.585083i,-21.081921_-690.999756i,0,1,0,0.00
1386834729,1,1,1,7353,-6.910552,0.000000,-1.047198,10.861542,-2.240297,-50.055847,262.404388_-639.585083i,-21.081921_-690.999756i,0,1,0,0.00
1386834729,1,1,1,7353,-6.910552,0.000000,-1.047198,10.698644,-2.240297,-50.055847,262.404388_-639.585083i,-21.081921_-690.999756i,0,1,0,0.00
1386834729,1,1,1,7353,-6.910552,0.000000,-1.047198,10.535747,-2.240297,-50.055847,262.404388_-639.585083i,-21.081921_-690.999756i,0,1,0,0.00
1386834729,1,1,1,7353,-6.910552,0.000000,-1.047198,10.372849,-2.240297,-50.055847,262.404388_-639.585083i,-21.081921_-690.999756i,0,1,0,0.00
1386834730,1,1,1,7353,-6.910552,0.000000,-1.047198,10.209952,-2.240297,-50.055847,262.404388_-639.585083i,-21.081921_-690.999756i,0,1,0,0.00
1386834730,1,1,1,7353,-6.910552,0.000000,-1.047198,10.372849,-2.240297,-50.055847,262.404388_-639.585083i,-21.081921_-690.999756i,0,1,0,0.00
1386834730,1,1,1,7353,-6.910552,0.000000,-1.047198,10.535747,-2.240297,-50.055847,262.404388_-639.585083i,-21.081921_-690.999756i,0,1,0,0.00
1386834730,1,1,1,7353,-6.910552,0.000000,-1.047198,10.656756,-2.240297,-50.055847,262.404388_-639.585083i,-21.081921_-690.999756i,0,1,0,0.00
1386834731,1,1,1,7353,-6.910552,0.000000,-1.047198,10.745187,-2.240297,-50.055847,262.404388_-639.585083i,-21.081921_-690.999756i,0,1,0,0.00
1386834731,1,1,1,7353,-6.910552,0.000000,-1.047198,10.810346,-2.240297,-50.055847,262.404388_-639.585083i,-21.081921_-690.999756i,0,1,0,0.00
1386834731,1,1,1,7353,-6.910552,0.000000,-1.047198,10.861542,-2.240297,-50.055847,262.404388_-639.585083i,-21.081921_-690.999756i,0,1,0,0.00
1386834731,1,1,1,7353,-6.910552,0.000000,-1.047198,10.698645,-2.240297,-50.055847,262.404388_-639.585083i,-21.081921_-690.999756i,0,1,0,0.00
1386834732,1,1,1,7353,-6.910552,0.000000,-1.047198,10.535748,-2.240297,-50.055847,262.404388_-639.585083i,-21.081921_-690.999756i,0,1,0,0.00
1386834732,1,1,1,7353,-6.910552,0.000000,-1.047198,10.372849,-2.240297,-50.055847,262.404388_-639.585083i,-21.081921_-690.999756i,0,1,0,0.00
1386834732,1,1,1,7353,-6.910552,0.000000,-1.047198,10.535748,-2.240297,-50.055847,262.404388_-639.585083i,-21.081921_-690.999756i,0,1,0,0.00
1386834732,1,1,1,7353,-6.910552,0.000000,-1.047198,10.656756,-2.240297,-50.055847,262.404388_-639.585083i,-21.081921_-690.999756i,0,1,0,0.00
1386834733,1,1,1,7353,-6.910552,0.000000,-1.047198,10.493859,-2.240297,-50.055847,262.404388_-639.585083i,-21.081921_-690.999756i,0,1,0,0.00
1386834733,1,1,1,7353,-6.910552,0.000000,-1.047198,10.628832,-2.240297,-50.055847,262.404388_-639.585083i,-21.081921_-690.999756i,0,1,0,0.00
1386834733,1,1,1,7353,-6.910552,0.000000,-1.047198,10.465934,-2.240297,-50.055847,262.404388_-639.585083i,-21.081921_-690.999756i,0,1,0,0.00
1386834733,1,1,1,7353,-6.910552,0.000000,-1.047198,10.605560,-2.240297,-50.055847,262.404388_-639.585083i,-21.081921_-690.999756i,0,1,0,0.00
1386834734,1,1,1,7353,-6.910552,0.000000,-1.047198,10.707953,-2.240297,-50.055847,262.404388_-639.585083i,-21.081921_-690.999756i,0,1,0,0.00
1386834734,1,1,1,7353,-6.910552,0.000000,-1.047198,10.545056,-2.240297,-50.055847,262.404388_-639.585083i,-21.081921_-690.999756i,0,1,0,0.00
1386834734,1,1,1,7353,-6.910552,0.000000,-1.047198,10.382159,-2.240297,-50.055847,262.404388_-639.585083i,-21.081921_-690.999756i,0,1,0,0.00
1386834734,1,1,1,7353,-6.910552,0.000000,-1.047198,10.545056,-2.240297,-50.055847,262.404388_-639.585083i,-21.081921_-690.999756i,0,1,0,0.00
1386834735,1,1,1,7353,-6.910552,0.000000,-1.047198,10.666065,-2.240297,-50.055847,262.404388_-639.585083i,-21.081921_-690.999756i,0,1,0,0.00
1386834735,1,1,1,7353,-6.910552,0.000000,-1.047198,10.754496,-2.240297,-50.055847,262.404388_-639.585083i,-21.081921_-690.999756i,0,1,0,0.00
1386834735,1,1,1,7353,-6.910552,0.000000,-1.047198,10.591599,-2.240297,-50.055847,262.404388_-639.585083i,-21.081921_-690.999756i,0,1,0,0.00
1386834735,1,1,1,7353,-6.910552,0.000000,-1.047198,10.428700,-2.240297,-50.055847,262.404388_-639.585083i,-21.081921_-690.999756i,0,1,0,0.00
1386834736,1,1,1,7353,-6.910552,0.000000,-1.047198,10.577636,-2.240297,-50.055847,262.404388_-639.585083i,-21.081921_-690.999756i,0,1,0,0.00
1386834736,1,1,1,7353,-6.910552,0.000000,-1.047198,10.689337,-2.240297,-50.055847,262.404388_-639.585083i,-21.081921_-690.999756i,0,1,0,0.00
1386834736,1,1,1,7353,-6.910552,0.000000,-1.047198,10.526440,-2.240297,-50.055847,262.404388_-639.585083i,-21.081921_-690.999756i,0,1,0,0.00
1386834736,1,1,1,7353,-6.910552,0.000000,-1.047198,10.363542,-2.240297,-50.055847,262.404388_-639.585083i,-21.081921_-690.999756i,0,1,0,0.00
1386834737,1,1,1,7353,-6.910552,0.000000,-1.047198,10.526440,-2.240297,-50.055847,262.404388_-639.585083i,-21.081921_-690.999756i,0,1,0,0.00
1386834737,1,1,1,7353,-6.910552,0.000000,-1.047198,10.652103,-2.240297,-50.055847,262.404388_-639.585083i,-21.081921_-690.999756i,0,1,0,0.00
1386834737,1,1,1,7353,-6.910552,0.000000,-1.047198,10.745187,-2.240297,-50.055847,262.404388_-639.585083i,-21.081921_-690.999756i,0,1,0,0.00
1386834737,1,1,1,7353,-6.910552,0.000000,-1.047198,10.810347,-2.240297,-50.055847,262.404388_-639.585083i,-21.081921_-690.999756i,0,1,0,0.00
1386834738,1,1,1,7353,-6.910552,0.000000,-1.047198,10.647449,-2.240297,-50.055847,262.404388_-639.585083i,-21.081921_-690.999756i,0,1,0,0.00
1386834738,1,1,1,7353,-6.910552,0.000000,-1.047198,10.484551,-2.240297,-50.055847,262.404388_-639.585083i,-21.081921_-690.999756i,0,1,0,0.00
1386834738,1,1,1,7353,-6.910552,0.000000,-1.047198,10.321654,-2.240297,-50.055847,262.404388_-639.585083i,-21.081921_-690.999756i,0,1,0,0.00
1386834738,1,1,1,7353,-6.910552,0.000000,-1.047198,10.484551,-2.240297,-50.055847,262.404388_-639.585083i,-21.081921_-690.999756i,0,1,0,0.00
1386834739,1,1,1,7353,-6.910552,0.000000,-1.047198,10.619524,-2.240297,-50.055847,262.404388_-639.585083i,-21.081921_-690.999756i,0,1,0,0.00
1386834739,1,1,1,7353,-6.910552,0.000000,-1.047198,10.721916,-2.240297,-50.055847,262.404388_-639.585083i,-21.081921_-690.999756i,0,1,0,0.00
1386834739,1,1,1,7353,-6.910552,0.000000,-1.047198,10.559019,-2.240297,-50.055847,262.404388_-639.585083i,-21.081921_-690.999756i,0,1,0,0.00
1386834739,1,1,1,7353,-6.910552,0.000000,-1.047198,10.396122,-2.240297,-50.055847,262.404388_-639.585083i,-21.081921_-690.999756i,0,1,0,0.00
1386834740,1,1,1,7353,-6.910552,0.000000,-1.047198,10.554365,-2.240297,-50.055847,262.404388_-639.585083i,-21.081921_-690.999756i,0,1,0,0.00
1386834740,1,1,1,7353,-6.910552,0.000000,-1.047198,10.670720,-2.240297,-50.055847,262.404388_-639.585083i,-21.081921_-690.999756i,0,1,0,0.00
1386834740,1,1,1,7353,-6.910552,0.000000,-1.047198,10.759151,-2.240297,-50.055847,262.404388_-639.585083i,-21.081921_-690.999756i,0,1,0,0.00
1386834740,1,1,1,7353,-6.910552,0.000000,-1.047198,10.596253,-2.240297,-50.055847,262.404388_-639.585083i,-21.081921_-690.999756i,0,1,0,0.00
1386834741,1,1,1,7353,-6.910552,0.000000,-1.047198,10.433356,-2.240297,-50.055847,262.404388_-639.585083i,-21.081921_-690.999756i,0,1,0,0.00
1386834741,1,1,1,7353,-6.910552,0.000000,-1.047198,10.582291,-2.240297,-50.055847,262.404388_-639.585083i,-21.081921_-690.999756i,0,1,0,0.00
1386834741,1,1,1,7353,-6.910552,0.000000,-1.047198,10.693992,-2.240297,-50.055847,262.404388_-639.585083i,-21.081921_-690.999756i,0,1,0,0.00
1386834741,1,1,1,7353,-6.910552,0.000000,-1.047198,10.531095,-2.240297,-50.055847,262.404388_-639.585083i,-21.081921_-690.999756i,0,1,0,0.00
1386834742,1,1,1,7353,-6.910552,0.000000,-1.047198,10.368197,-2.240297,-50.055847,262.404388_-639.585083i,-21.081921_-690.999756i,0,1,0,0.00
1386834742,1,1,1,7353,-6.910552,0.000000,-1.047198,10.531095,-2.240297,-50.055847,262.404388_-639.585083i,-21.081921_-690.999756i,0,1,0,0.00
1386834742,1,1,1,7353,-6.910552,0.000000,-1.047198,10.656758,-2.240297,-50.055847,262.404388_-639.585083i,-21.081921_-690.999756i,0,1,0,0.00
1386834742,1,1,1,7353,-6.910552,0.000000,-1.047198,10.745188,-2.240297,-50.055847,262.404388_-639.585083i,-21.081921_-690.999756i,0,1,0,0.00
1386834743,1,1,1,7353,-6.910552,0.000000,-1.047198,10.908086,-2.240297,-50.055847,262.404388_-639.585083i,-21.081921_-690.999756i,0,1,0,0.00
1386834743,1,1,1,7353,-6.910552,0.000000,-1.047198,10.745188,-2.240297,-50.055847,262.404388_-639.585083i,-21.081921_-690.999756i,0,1,0,0.00
1386834743,1,1,1,7353,-6.910552,0.000000,-1.047198,10.582291,-2.240297,-50.055847,262.404388_-639.585083i,-21.081921_-690.999756i,0,1,0,0.00
1386834743,1,1,1,7353,-6.910552,0.000000,-1.047198,10.419394,-2.240297,-50.055847,262.404388_-639.585083i,-21.081921_-690.999756i,0,1,0,0.00
1386834744,1,1,1,7353,-6.910552,0.000000,-1.047198,10.256496,-2.240297,-50.055847,262.404388_-639.585083i,-21.081921_-690.999756i,0,1,0,0.00
1386834744,1,1,1,7353,-6.910552,0.000000,-1.047198,10.093598,-2.240297,-50.055847,262.404388_-639.585083i,-21.081921_-690.999756i,0,1,0,0.00
1386834744,1,1,1,7353,-6.910552,0.000000,-1.047198,10.256496,-2.240297,-50.055847,262.404388_-639.585083i,-21.081921_-690.999756i,0,1,0,0.00
1386834744,1,1,1,7353,-6.910552,0.000000,-1.047198,10.419394,-2.240297,-50.055847,262.404388_-639.585083i,-21.081921_-690.999756i,0,1,0,0.00
1386834745,1,1,1,7353,-6.910552,0.000000,-1.047198,10.572983,-2.240297,-50.055847,262.404388_-639.585083i,-21.081921_-690.999756i,0,1,0,0.00
1386834745,1,1,1,7353,-6.910552,0.000000,-1.047198,10.684684,-2.240297,-50.055847,262.404388_-639.585083i,-21.081921_-690.999756i,0,1,0,0.00
1386834745,1,1,1,7353,-6.910552,0.000000,-1.047198,10.768459,-2.240297,-50.055847,262.404388_-639.585083i,-21.081921_-690.999756i,0,1,0,0.00
1386834745,1,1,1,7353,-6.910552,0.000000,-1.047198,10.828964,-2.240297,-50.055847,262.404388_-639.585083i,-21.081921_-690.999756i,0,1,0,0.00
1386834746,1,1,1,7353,-6.910552,0.000000,-1.047198,10.875506,-2.240297,-50.055847,262.404388_-639.585083i,-21.081921_-690.999756i,0,1,0,0.00
1386834746,1,1,1,7353,-6.910552,0.000000,-1.047198,11.038404,-2.240297,-50.055847,262.404388_-639.585083i,-21.081921_-690.999756i,0,1,0,0.00
1386834746,1,1,1,7353,-6.910552,0.000000,-1.047198,11.168721,-2.240297,-50.055847,262.404388_-639.585083i,-21.081921_-690.999756i,0,1,0,0.00
1386834746,1,1,1,7353,-6.910552,0.000000,-1.047198,11.261806,-2.240297,-50.055847,262.404388_-639.585083i,-21.081921_-690.999756i,0,1,0,0.00
1386834747,1,1,1,7353,-6.910552,0.000000,-1.047198,11.331618,-2.240297,-50.055847,262.404388_-639.585083i,-21.081921_-690.999756i,0,1,0,0.00
1386834747,1,1,1,7353,-6.910552,0.000000,-1.047198,11.382815,-2.240297,-50.055847,262.404388_-639.585083i,-21.081921_-690.999756i,0,1,0,0.00
1386834747,1,1,1,7353,-6.910552,0.000000,-1.047198,11.420049,-2.240297,-50.055847,262.404388_-639.585083i,-21.081921_-690.999756i,0,1,0,0.00
1386834747,1,1,1,7353,-6.910552,0.000000,-1.047198,11.447974,-2.240297,-50.055847,262.404388_-639.585083i,-21.081921_-690.999756i,0,1,0,0.00
1386834748,1,1,1,7353,-6.910552,0.000000,-1.047198,11.466591,-2.240297,-50.055847,262.404388_-639.585083i,-21.081921_-690.999756i,0,1,0,0.00
1386834748,1,1,1,7353,-6.910552,0.000000,-1.047198,11.480554,-2.240297,-50.055847,262.404388_-639.585083i,-21.081921_-690.999756i,0,1,0,0.00
1386834748,1,1,1,7353,-6.910552,0.000000,-1.047198,11.489861,-2.240297,-50.055847,262.404388_-639.585083i,-21.081921_-690.999756i,0,1,0,0.00
1386834748,1,1,1,7353,-6.910552,0.000000,-1.047198,11.499170,-2.240297,-50.055847,262.404388_-639.585083i,-21.081921_-690.999756i,0,1,0,0.00
1386834749,1,1,1,7353,-6.910552,0.000000,-1.047198,11.503825,-2.240297,-50.055847,262.404388_-639.585083i,-21.081921_-690.999756i,0,1,0,0.00
1386834749,1,1,1,7353,-6.910552,0.000000,-1.047198,11.508479,-2.240297,-50.055847,262.404388_-639.585083i,-21.081921_-690.999756i,0,1,0,0.00
1386834749,1,1,1,7353,-6.910552,0.000000,-1.047198,11.513133,-2.240297,-50.055847,262.404388_-639.585083i,-21.081921_-690.999756i,0,1,0,0.00
1386834749,1,1,1,7353,-6.910552,0.000000,-1.047198,11.513133,-2.240297,-50.055847,262.404388_-639.585083i,-21.081921_-690.999756i,0,1,0,0.00
1386834750,1,1,1,7353,-6.910552,0.000000,-1.047198,11.513133,-2.240297,-50.055847,262.404388_-639.585083i,-21.081921_-690.999756i,0,1,0,0.00
1386834750,1,1,1,7353,-6.910552,0.000000,-1.047198,11.513133,-2.240297,-50.055847,262.404388_-639.585083i,-21.081921_-690.999756i,0,1,0,0.00
1386834750,1,1,0,7353,-6.910552,0.000000,-1.047198,11.513133,-2.240297,-50.055847,262.404388_-639.585083i,-21.081921_-690.999756i,0,1,0,0.00
1386834750,1,0,0,2,-6.862061,0.000000,-0.998706,11.513133,0.030509,-59.469231,262.404388_-639.585083i,-21.081921_-690.999756i,0,1,0,0.00
1386834751,1,0,0,2,-6.861490,0.000000,-0.998135,11.527096,0.030509,-59.491081,262.404388_-639.585083i,-21.081921_-690.999756i,0,1,0,0.00
1386834751,1,0,0,2,-6.862195,0.000000,-0.998841,11.536405,0.030509,-59.464062,262.404388_-639.585083i,-21.081921_-690.999756i,0,1,0,0.00
1386834751,1,0,0,2,-6.861618,0.000000,-0.998263,11.545712,0.030509,-59.486179,262.404388_-639.585083i,-21.081921_-690.999756i,0,1,0,0.00
1386834751,1,0,0,2,-6.862334,0.000000,-0.998980,11.550366,0.030509,-59.458748,262.404388_-639.585083i,-21.081921_-690.999756i,0,1,0,0.00
1386834752,1,0,0,2,-6.861750,0.000000,-0.998395,11.555020,0.030509,-59.481133,262.404388_-639.585083i,-21.081921_-690.999756i,0,1,0,0.00
1386834752,1,0,0,2,-6.861281,0.000000,-0.997926,11.559675,0.030509,-59.499115,262.404388_-639.585083i,-21.081921_-690.999756i,0,1,0,0.00
1386834752,1,0,0,2,-6.862011,0.000000,-0.998656,11.564329,0.030509,-59.471127,262.404388_-639.585083i,-21.081921_-690.999756i,0,1,0,0.00
1386834752,1,0,0,2,-6.861410,0.000000,-0.998056,11.564329,0.030509,-59.494144,262.404388_-639.585083i,-21.081921_-690.999756i,0,1,0,0.00
1386834753,1,0,0,2,-6.862280,0.000000,-0.998926,11.564329,0.030509,-59.460812,262.404388_-639.585083i,-21.081921_-690.999756i,0,1,0,0.00
1386834753,1,0,0,2,-6.863034,0.000000,-0.999679,11.564329,0.030509,-59.432003,262.404388_-639.585083i,-21.081921_-690.999756i,0,1,0,0.00
1386834753,1,0,0,2,-6.862557,0.000000,-0.999203,11.564329,0.030509,-59.450199,262.404388_-639.585083i,-21.081921_-690.999756i,0,1,0,0.00
1386834753,1,0,0,2,-6.863325,0.000000,-0.999970,11.564329,0.030509,-59.420887,262.404388_-639.585083i,-21.081921_-690.999756i,0,1,0,0.00
1386834754,1,0,0,2,-6.862712,0.000000,-0.999357,11.564329,0.030509,-59.444298,262.404388_-639.585083i,-21.081921_-690.999756i,0,1,0,0.00
1386834754,1,0,0,2,-6.862222,0.000000,-0.998867,11.564329,0.030509,-59.463051,262.404388_-639.585083i,-21.081921_-690.999756i,0,1,0,0.00
1386834754,1,0,0,2,-6.861589,0.000000,-0.998235,11.564329,0.030509,-59.487282,262.404388_-639.585083i,-21.081921_-690.999756i,0,1,0,0.00
1386834754,1,0,0,2,-6.861081,0.000000,-0.997726,11.564329,0.030509,-59.506786,262.404388_-639.585083i,-21.081921_-690.999756i,0,1,0,0.00
1386834755,1,0,0,2,-6.861869,0.000000,-0.998515,11.564329,0.030509,-59.476547,262.404388_-639.585083i,-21.081921_-690.999756i,0,1,0,0.00
1386834755,1,0,0,2,-6.861218,0.000000,-0.997863,11.564329,0.030509,-59.501522,262.404388_-639.585083i,-21.081921_-690.999756i,0,1,0,0.00
1386834755,1,0,0,2,-6.862158,0.000000,-0.998804,11.564329,0.030509,-59.465473,262.404388_-639.585083i,-21.081921_-690.999756i,0,1,0,0.00
1386834755,1,0,0,2,-6.861499,0.000000,-0.998144,11.564329,0.030509,-59.490742,262.404388_-639.585083i,-21.081921_-690.999756i,0,1,0,0.00
1386834756,1,0,0,2,-6.860969,0.000000,-0.997614,11.564329,0.030509,-59.511105,262.404388_-639.585083i,-21.081921_-690.999756i,0,1,0,0.00
1386834756,1,0,0,2,-6.861789,0.000000,-0.998435,11.564329,0.030509,-59.479607,262.404388_-639.585083i,-21.081921_-690.999756i,0,1,0,0.00
1386834756,1,0,0,2,-6.861110,0.000000,-0.997755,11.564329,0.030509,-59.505680,262.404388_-639.585083i,-21.081921_-690.999756i,0,1,0,0.00
1386834756,1,0,0,2,-6.862090,0.000000,-0.998735,11.564329,0.030509,-59.468102,262.404388_-639.585083i,-21.081921_-690.999756i,0,1,0,0.00
1386834757,1,0,0,2,-6.861401,0.000000,-0.998046,11.564329,0.030509,-59.494503,262.404388_-639.585083i,-21.081921_-690.999756i,0,1,0,0.00
1386834757,1,0,0,2,-6.860699,0.000000,-0.997345,11.564329,0.030509,-59.521446,262.404388_-639.585083i,-21.081921_-690.999756i,0,1,0,0.00
1386834757,1,0,0,2,-6.861555,0.000000,-0.998200,11.564329,0.030509,-59.488613,262.404388_-639.585083i,-21.081921_-690.999756i,0,1,0,0.00
1386834757,1,0,0,2,-6.860842,0.000000,-0.997488,11.564329,0.030509,-59.515957,262.404388_-639.585083i,-21.081921_-690.999756i,0,1,0,0.00
1386834758,1,0,0,2,-6.861864,0.000000,-0.998509,11.564329,0.030509,-59.476749,262.404388_-639.585083i,-21.081921_-690.999756i,0,1,0,0.00
1386834758,1,0,0,2,-6.861142,0.000000,-0.997787,11.564329,0.030509,-59.504448,262.404388_-639.585083i,-21.081921_-690.999756i,0,1,0,0.00
1386834758,1,0,0,2,-6.860406,0.000000,-0.997051,11.564329,0.030509,-59.532730,262.404388_-639.585083i,-21.081921_-690.999756i,0,1,0,0.00
1386834758,1,0,0,2,-6.861453,0.000000,-0.998098,11.564329,0.030509,-59.492519,262.404388_-639.585083i,-21.081921_-690.999756i,0,1,0,0.00
1386834759,1,0,0,2,-6.860706,0.000000,-0.997351,11.564329,0.030509,-59.521194,262.404388_-639.585083i,-21.081921_-690.999756i,0,1,0,0.00
1386834759,1,0,0,2,-6.861775,0.000000,-0.998420,11.564329,0.030509,-59.480160,262.404388_-639.585083i,-21.081921_-690.999756i,0,1,0,0.00
1386834759,1,0,0,2,-6.861017,0.000000,-0.997663,11.564329,0.030509,-59.509232,262.404388_-639.585083i,-21.081921_-690.999756i,0,1,0,0.00
1386834759,1,0,0,2,-6.860245,0.000000,-0.996890,11.564329,0.030509,-59.538940,262.404388_-639.585083i,-21.081921_-690.999756i,0,1,0,0.00
1386834760,1,0,0,2,-6.859618,0.000000,-0.996264,11.564329,0.030509,-59.563065,262.404388_-639.585083i,-21.081921_-690.999756i,0,1,0,0.00
1386834760,1,0,0,2,-6.858815,0.000000,-0.995461,11.564329,0.030509,-59.594070,262.404388_-639.585083i,-21.081921_-690.999756i,0,1,0,0.00
1386834760,1,0,0,2,-6.859921,0.000000,-0.996566,11.564329,0.030509,-59.551399,262.404388_-639.585083i,-21.081921_-690.999756i,0,1,0,0.00
1386834760,1,0,0,2,-6.859105,0.000000,-0.995750,11.564329,0.030509,-59.582870,262.404388_-639.585083i,-21.081921_-690.999756i,0,1,0,0.00
1386834761,1,0,0,2,-6.860067,0.000000,-0.996712,11.564329,0.030509,-59.545776,262.404388_-639.585083i,-21.081921_-690.999756i,0,1,0,0.00
1386834761,1,0,0,2,-6.859407,0.000000,-0.996052,11.564329,0.030509,-59.571228,262.404388_-639.585083i,-21.081921_-690.999756i,0,1,0,0.00
1386834761,1,0,0,2,-6.858560,0.000000,-0.995205,11.564329,0.030509,-59.603943,262.404388_-639.585083i,-21.081921_-690.999756i,0,1,0,0.00
1386834761,1,0,0,2,-6.859721,0.000000,-0.996366,11.564329,0.030509,-59.559116,262.404388_-639.585083i,-21.081921_-690.999756i,0,1,0,0.00
1386834762,1,0,0,2,-6.858860,0.000000,-0.995505,11.564329,0.030509,-59.592358,262.404388_-639.585083i,-21.081921_-690.999756i,0,1,0,0.00
1386834762,1,0,0,2,-6.859870,0.000000,-0.996516,11.564329,0.030509,-59.553356,262.404388_-639.585083i,-21.081921_-690.999756i,0,1,0,0.00
1386834762,1,0,0,2,-6.859172,0.000000,-0.995818,11.564329,0.030509,-59.580280,262.404388_-639.585083i,-21.081921_-690.999756i,0,1,0,0.00
1386834762,1,0,0,2,-6.858276,0.000000,-0.994922,11.564329,0.030509,-59.614910,262.404388_-639.585083i,-21.081921_-690.999756i,0,1,0,0.00
1386834763,1,0,0,2,-6.859315,0.000000,-0.995960,11.564329,0.030509,-59.574768,262.404388_-639.585083i,-21.081921_-690.999756i,0,1,0,0.00
1386834763,1,0,0,2,-6.858401,0.000000,-0.995047,11.564329,0.030509,-59.610081,262.404388_-639.585083i,-21.081921_-690.999756i,0,1,0,0.00
1386834763,1,0,0,2,-6.859464,0.000000,-0.996109,11.564329,0.030509,-59.569023,262.404388_-639.585083i,-21.081921_-690.999756i,0,1,0,0.00
1386834763,1,0,0,2,-6.858721,0.000000,-0.995367,11.564329,0.030509,-59.597702,262.404388_-639.585083i,-21.081921_-690.999756i,0,1,0,0.00
1386834764,1,0,0,2,-6.857769,0.000000,-0.994414,11.564329,0.030509,-59.634583,262.404388_-639.585083i,-21.081921_-690.999756i,0,1,0,0.00
1386834764,1,0,0,2,-6.858862,0.000000,-0.995507,11.564329,0.030509,-59.592262,262.404388_-639.585083i,-21.081921_-690.999756i,0,1,0,0.00
1386834764,1,0,0,2,-6.857889,0.000000,-0.994534,11.564329,0.030509,-59.629913,262.404388_-639.585083i,-21.081921_-690.999756i,0,1,0,0.00
1386834764,1,0,0,2,-6.859009,0.000000,-0.995654,11.564329,0.030509,-59.586578,262.404388_-639.585083i,-21.081921_-690.999756i,0,1,0,0.00
1386834765,1,0,0,2,-6.858216,0.000000,-0.994861,11.564329,0.030509,-59.617252,262.404388_-639.585083i,-21.081921_-690.999756i,0,1,0,0.00
1386834765,1,0,0,2,-6.857199,0.000000,-0.993844,11.564329,0.030509,-59.656689,262.404388_-639.585083i,-21.081921_-690.999756i,0,1,0,0.00
1386834765,1,0,0,2,-6.856155,0.000000,-0.992801,11.564329,0.030509,-59.697254,262.404388_-639.585083i,-21.081921_-690.999756i,0,1,0,0.00
1386834765,1,0,0,2,-6.855293,0.000000,-0.991938,11.568984,0.030509,-59.730881,262.404388_-639.585083i,-21.081921_-690.999756i,0,1,0,0.00
1386834766,1,0,0,2,-6.856456,0.000000,-0.993101,11.568984,0.030509,-59.685574,262.404388_-639.585083i,-21.081921_-690.999756i,0,1,0,0.00
1386834766,1,0,0,2,-6.855575,0.000000,-0.992220,11.568984,0.030509,-59.719879,262.404388_-639.585083i,-21.081921_-690.999756i,0,1,0,0.00
1386834766,1,0,0,2,-6.856771,0.000000,-0.993417,11.568984,0.030509,-59.673298,262.404388_-639.585083i,-21.081921_-690.999756i,0,1,0,0.00
1386834767,1,0,0,2,-6.855653,0.000000,-0.992298,11.568984,0.030509,-59.716839,262.404388_-639.585083i,-21.081921_-690.999756i,0,1,0,0.00
1386834767,1,0,0,2,-6.854725,0.000000,-0.991371,11.568984,0.030509,-59.753056,262.404388_-639.585083i,-21.081921_-690.999756i,0,1,0,0.00
1386834767,1,0,0,2,-6.855960,0.000000,-0.992605,11.568984,0.030509,-59.704872,262.404388_-639.585083i,-21.081921_-690.999756i,0,1,0,0.00
1386834767,1,0,0,2,-6.855011,0.000000,-0.991657,11.568984,0.030509,-59.741882,262.404388_-639.585083i,-21.081921_-690.999756i,0,1,0,0.00
1386834768,1,0,0,2,-6.856515,0.000000,-0.993160,11.568984,0.030509,-59.683254,262.404388_-639.585083i,-21.081921_-690.999756i,0,1,0,0.00
1386834768,1,0,0,2,-6.855313,0.000000,-0.991959,11.568984,0.030509,-59.730083,262.404388_-639.585083i,-21.081921_-690.999756i,0,1,0,0.00
1386834768,1,0,0,2,-6.854313,0.000000,-0.990959,11.568984,0.030509,-59.769173,262.404388_-639.585083i,-21.081921_-690.999756i,0,1,0,0.00
1386834768,1,0,0,2,-6.855633,0.000000,-0.992278,11.568984,0.030509,-59.717613,262.404388_-639.585083i,-21.081921_-690.999756i,0,1,0,0.00
1386834769,1,0,0,2,-6.854364,0.000000,-0.991009,11.568984,0.030509,-59.767189,262.404388_-639.585083i,-21.081921_-690.999756i,0,1,0,0.00
1386834769,1,0,0,2,-6.855971,0.000000,-0.992617,11.568984,0.030509,-59.704418,262.404388_-639.585083i,-21.081921_-690.999756i,0,1,0,0.00
1386834769,1,0,0,2,-6.854670,0.000000,-0.991315,11.568984,0.030509,-59.755230,262.404388_-639.585083i,-21.081921_-690.999756i,0,1,0,0.00
1386834769,1,0,0,2,-6.853581,0.000000,-0.990227,11.568984,0.030509,-59.797852,262.404388_-639.585083i,-21.081921_-690.999756i,0,1,0,0.00
1386834770,1,0,0,2,-6.854995,0.000000,-0.991640,11.568984,0.030509,-59.742538,262.404388_-639.585083i,-21.081921_-690.999756i,0,1,0,0.00
1386834770,1,0,0,2,-6.853613,0.000000,-0.990259,11.568984,0.030509,-59.796597,262.404388_-639.585083i,-21.081921_-690.999756i,0,1,0,0.00
1386834770,1,0,0,2,-6.855340,0.000000,-0.991986,11.568984,0.030509,-59.729031,262.404388_-639.585083i,-21.081921_-690.999756i,0,1,0,0.00
1386834770,1,0,0,2,-6.853920,0.000000,-0.990565,11.568984,0.030509,-59.784588,262.404388_-639.585083i,-21.081921_-690.999756i,0,1,0,0.00
1386834771,1,0,0,2,-6.852727,0.000000,-0.989372,11.568984,0.030509,-59.831425,262.404388_-639.585083i,-21.081921_-690.999756i,0,1,0,0.00
1386834771,1,0,0,2,-6.854247,0.000000,-0.990892,11.568984,0.030509,-59.771786,262.404388_-639.585083i,-21.081921_-690.999756i,0,1,0,0.00
1386834771,1,0,0,2,-6.852733,0.000000,-0.989378,11.568984,0.030509,-59.831200,262.404388_-639.585083i,-21.081921_-690.999756i,0,1,0,0.00
1386834771,1,0,0,2,-6.854597,0.000000,-0.991242,11.568984,0.030509,-59.758072,262.404388_-639.585083i,-21.081921_-690.999756i,0,1,0,0.00
1386834772,1,0,0,2,-6.853035,0.000000,-0.989680,11.568984,0.030509,-59.819305,262.404388_-639.585083i,-21.081921_-690.999756i,0,1,0,0.00
1386834772,1,0,0,2,-6.851715,0.000000,-0.988360,11.568984,0.030509,-59.871269,262.404388_-639.585083i,-21.081921_-690.999756i,0,1,0,0.00
1386834772,1,0,0,2,-6.853668,0.000000,-0.990313,11.573638,0.030509,-59.794472,262.404388_-639.585083i,-21.081921_-690.999756i,0,1,0,0.00
1386834772,1,0,0,2,-6.851996,0.000000,-0.988642,11.573638,0.030509,-59.860168,262.404388_-639.585083i,-21.081921_-690.999756i,0,1,0,0.00
1386834773,1,0,0,2,-6.854030,0.000000,-0.990675,11.573638,0.030509,-59.780289,262.404388_-639.585083i,-21.081921_-690.999756i,0,1,0,0.00
1386834773,1,0,0,2,-6.852301,0.000000,-0.988946,11.573638,0.030509,-59.848194,262.404388_-639.585083i,-21.081921_-690.999756i,0,1,0,0.00
1386834773,1,0,0,2,-6.850499,0.000000,-0.987144,11.573638,0.030509,-59.919292,262.404388_-639.585083i,-21.081921_-690.999756i,0,1,0,0.00
1386834773,1,0,0,2,-6.848958,0.000000,-0.985603,11.573638,0.030509,-59.980412,262.404388_-639.585083i,-21.081921_-690.999756i,0,1,0,0.00
1386834774,1,0,0,2,-6.847003,0.000000,-0.983649,11.573638,0.030509,-60.058300,262.404388_-639.585083i,-21.081921_-690.999756i,0,1,0,0.00
1386834774,1,0,0,2,-6.849158,0.000000,-0.985804,11.578292,0.030509,-59.972443,262.404388_-639.585083i,-21.081921_-690.999756i,0,1,0,0.00
1386834774,1,0,0,2,-6.847483,0.000000,-0.984128,11.578292,0.030509,-60.039154,262.404388_-639.585083i,-21.081921_-690.999756i,0,1,0,0.00
1386834774,1,0,0,2,-6.849377,0.000000,-0.986023,11.578292,0.030509,-59.963760,262.404388_-639.585083i,-21.081921_-690.999756i,0,1,0,0.00
1386834775,1,0,0,2,-6.847631,0.000000,-0.984276,11.578292,0.030509,-60.033253,262.404388_-639.585083i,-21.081921_-690.999756i,0,1,0,0.00
1386834775,1,0,0,2,-6.845412,0.000000,-0.982057,11.578292,0.030509,-60.122066,262.404388_-639.585083i,-21.081921_-690.999756i,0,1,0,0.00
1386834775,1,0,0,2,-6.847792,0.000000,-0.984437,11.578292,0.030509,-60.026836,262.404388_-639.585083i,-21.081921_-690.999756i,0,1,0,0.00
1386834775,1,0,0,2,-6.845872,0.000000,-0.982517,11.578292,0.030509,-60.103611,262.404388_-639.585083i,-21.081921_-690.999756i,0,1,0,0.00
1386834776,1,0,0,2,-6.847970,0.000000,-0.984615,11.578292,0.030509,-60.019749,262.404388_-639.585083i,-21.081921_-690.999756i,0,1,0,0.00
1386834776,1,0,0,2,-6.845955,0.000000,-0.982601,11.578292,0.030509,-60.100266,262.404388_-639.585083i,-21.081921_-690.999756i,0,1,0,0.00
1386834776,1,0,0,2,-6.843392,0.000000,-0.980037,11.578292,0.030509,-60.203384,262.404388_-639.585083i,-21.081921_-690.999756i,0,1,0,0.00
1386834776,1,0,0,2,-6.846047,0.000000,-0.982693,11.578292,0.030509,-60.096565,262.404388_-639.585083i,-21.081921_-690.999756i,0,1,0,0.00
1386834777,1,0,0,2,-6.843802,0.000000,-0.980447,11.578292,0.030509,-60.186840,262.404388_-639.585083i,-21.081921_-690.999756i,0,1,0,0.00
1386834777,1,0,0,2,-6.846150,0.000000,-0.982796,11.578292,0.030509,-60.092438,262.404388_-639.585083i,-21.081921_-690.999756i,0,1,0,0.00
1386834777,1,0,0,2,-6.843775,0.000000,-0.980420,11.578292,0.030509,-60.187939,262.404388_-639.585083i,-21.081921_-690.999756i,0,1,0,0.00
1386834777,1,0,0,2,-6.841242,0.000000,-0.977888,11.578292,0.030509,-60.290432,262.404388_-639.585083i,-21.081921_-690.999756i,0,1,0,0.00
1386834778,1,0,0,2,-6.843744,0.000000,-0.980389,11.582946,0.030509,-60.189178,262.404388_-639.585083i,-21.081921_-690.999756i,0,1,0,0.00
1386834778,1,0,0,2,-6.841045,0.000000,-0.977690,11.582946,0.030509,-60.298462,262.404388_-639.585083i,-21.081921_-690.999756i,0,1,0,0.00
1386834778,1,0,0,2,-6.843709,0.000000,-0.980354,11.582946,0.030509,-60.190613,262.404388_-639.585083i,-21.081921_-690.999756i,0,1,0,0.00
1386834778,1,0,0,2,-6.840820,0.000000,-0.977465,11.582946,0.030509,-60.307613,262.404388_-639.585083i,-21.081921_-690.999756i,0,1,0,0.00
1386834779,1,0,0,2,-6.837706,0.000000,-0.974351,11.582946,0.030509,-60.434826,262.404388_-639.585083i,-21.081921_-690.999756i,0,1,0,0.00
1386834779,1,0,0,2,-6.840560,0.000000,-0.977205,11.587600,0.030509,-60.318184,262.404388_-639.585083i,-21.081921_-690.999756i,0,1,0,0.00
1386834779,1,0,0,2,-6.837192,0.000000,-0.973837,11.587600,0.030509,-60.455948,262.404388_-639.585083i,-21.081921_-690.999756i,0,1,0,0.00
1386834779,1,0,0,2,-6.840922,0.000000,-0.977568,11.587600,0.030509,-60.303444,262.404388_-639.585083i,-21.081921_-690.999756i,0,1,0,0.00
1386834780,1,0,0,2,-6.837278,0.000000,-0.973924,11.587600,0.030509,-60.452370,262.404388_-639.585083i,-21.081921_-690.999756i,0,1,0,0.00
1386834780,1,0,0,2,-6.833288,0.000000,-0.969933,11.587600,0.030509,-60.617241,262.404388_-639.585083i,-21.081921_-690.999756i,0,1,0,0.00
1386834780,1,0,0,2,-6.837383,0.000000,-0.974028,11.592254,0.030509,-60.448078,262.404388_-639.585083i,-21.081921_-690.999756i,0,1,0,0.00
1386834780,1,0,0,2,-6.833000,0.000000,-0.969645,11.592254,0.030509,-60.629211,262.404388_-639.585083i,-21.081921_-690.999756i,0,1,0,0.00
1386834781,1,0,0,2,-6.837509,0.000000,-0.974154,11.592254,0.030509,-60.442902,262.404388_-639.585083i,-21.081921_-690.999756i,0,1,0,0.00
1386834781,1,0,0,2,-6.831773,0.000000,-0.968419,11.592254,0.030509,-60.680290,262.404388_-639.585083i,-21.081921_-690.999756i,0,1,0,0.00
1386834781,1,0,0,2,-6.836732,0.000000,-0.973378,11.592254,0.030509,-60.474819,262.404388_-639.585083i,-21.081921_-690.999756i,0,1,0,0.00
1386834781,1,0,0,2,-6.842270,0.000000,-0.978916,11.592254,0.030509,-60.248745,262.404388_-639.585083i,-21.081921_-690.999756i,0,1,0,0.00
1386834782,1,0,0,2,-6.836806,0.000000,-0.973451,11.592254,0.030509,-60.471798,262.404388_-639.585083i,-21.081921_-690.999756i,0,1,0,0.00
1386834782,1,0,0,2,-6.843126,0.000000,-0.979772,11.592254,0.030509,-60.214108,262.404388_-639.585083i,-21.081921_-690.999756i,0,1,0,0.00
1386834782,1,0,0,2,-6.850342,0.000000,-0.986987,11.592254,0.030509,-59.925507,262.404388_-639.585083i,-21.081921_-690.999756i,0,1,0,0.00
1386834782,1,0,0,2,-6.844262,0.000000,-0.980908,11.587600,0.030509,-60.168282,262.404388_-639.585083i,-21.081921_-690.999756i,0,1,0,0.00
1386834783,1,0,0,2,-6.852850,0.000000,-0.989496,11.587600,0.030509,-59.826557,262.404388_-639.585083i,-21.081921_-690.999756i,0,1,0,0.00
1386834783,1,0,0,2,-6.844261,0.000000,-0.980906,11.582946,0.030509,-60.168335,262.404388_-639.585083i,-21.081921_-690.999756i,0,1,0,0.00
1386834783,1,0,0,2,-6.835484,0.000000,-0.972129,11.582946,0.030509,-60.526276,262.404388_-639.585083i,-21.081921_-690.999756i,0,1,0,0.00
1386834783,1,0,0,2,-6.846218,0.000000,-0.982863,11.587600,0.030509,-60.089752,262.404388_-639.585083i,-21.081921_-690.999756i,0,1,0,0.00
1386834784,1,0,0,2,-6.835289,0.000000,-0.971934,11.587600,0.030509,-60.534321,262.404388_-639.585083i,-21.081921_-690.999756i,0,1,0,0.00
1386834784,1,0,0,2,-6.849421,0.000000,-0.986066,11.587600,0.030509,-59.962044,262.404388_-639.585083i,-21.081921_-690.999756i,0,1,0,0.00
1386834784,1,0,0,2,-6.831908,0.000000,-0.968553,11.587600,0.030509,-60.674686,262.404388_-639.585083i,-21.081921_-690.999756i,0,1,0,0.00
1386834784,1,0,0,2,-6.809455,0.000000,-0.946101,11.592254,0.030509,-61.641544,262.404388_-639.585083i,-21.081921_-690.999756i,0,1,0,0.00
1386834785,1,0,0,2,-6.829266,0.000000,-0.965911,11.601562,0.030509,-60.785297,262.404388_-639.585083i,-21.081921_-690.999756i,0,1,0,0.00
1386834785,1,0,0,2,-6.778376,0.000000,-0.915021,11.601562,0.030509,-63.085476,262.404388_-639.585083i,-21.081921_-690.999756i,0,1,0,0.00
1386834785,1,0,0,2,-6.160237,0.000000,-0.296882,11.615525,-3.345038,-170.916626,237.105026_30.838646i,229.084366_-68.484825i,0,1,0,0.00
1386834785,1,0,0,2,-6.155796,0.000000,-0.292441,11.778422,-3.345038,-173.436356,237.105026_30.838646i,229.084366_-68.484825i,0,1,0,0.00
1386834786,1,0,0,2,-6.151222,0.000000,-0.287868,11.908740,-3.345038,-176.113235,237.105026_30.838646i,229.084366_-68.484825i,0,1,0,0.00
1386834786,1,0,0,2,-6.150096,0.000000,-0.286741,12.006479,-3.345038,-176.785843,237.105026_30.838646i,229.084366_-68.484825i,0,1,0,0.00
1386834786,1,0,0,2,-6.148985,0.000000,-0.285631,12.080947,-3.345038,-177.454330,237.105026_30.838646i,229.084366_-68.484825i,0,1,0,0.00
1386834786,1,0,0,2,-6.147856,0.000000,-0.284501,12.132142,-3.345038,-178.139450,237.105026_30.838646i,229.084366_-68.484825i,0,1,0,0.00
1386834787,1,0,0,2,-6.148494,0.000000,-0.285139,12.174030,-3.345038,-177.751694,237.105026_30.838646i,229.084366_-68.484825i,0,1,0,0.00
1386834787,1,0,0,2,-6.147305,0.000000,-0.283950,12.201956,-3.345038,-178.476089,237.105026_30.838646i,229.084366_-68.484825i,0,1,0,0.00
1386834787,1,0,0,2,-6.146131,0.000000,-0.282776,12.225226,-3.345038,-179.196838,237.105026_30.838646i,229.084366_-68.484825i,0,1,0,0.00
1386834787,1,0,0,2,-6.144899,0.000000,-0.281545,12.239190,-3.345038,-179.959732,237.105026_30.838646i,229.084366_-68.484825i,0,1,0,0.00
1386834788,1,0,0,2,-6.143646,0.000000,-0.280291,12.253152,-3.345038,-180.743362,237.105026_30.838646i,229.084366_-68.484825i,0,1,0,0.00
1386834788,1,0,0,2,-6.142408,0.000000,-0.279054,12.262460,-3.345038,-181.523834,237.105026_30.838646i,229.084366_-68.484825i,0,1,0,0.00
1386834788,1,0,0,2,-6.141149,0.000000,-0.277794,12.267114,-3.345038,-182.325424,237.105026_30.838646i,229.084366_-68.484825i,0,1,0,0.00
1386834788,1,0,0,2,-6.139826,0.000000,-0.276471,12.271769,-3.345038,-183.175110,237.105026_30.838646i,229.084366_-68.484825i,0,1,0,0.00
1386834789,1,0,0,2,-6.138479,0.000000,-0.275124,12.276423,-3.345038,-184.049164,237.105026_30.838646i,229.084366_-68.484825i,0,1,0,0.00
1386834789,1,0,0,2,-6.137148,0.000000,-0.273794,12.281077,-3.345038,-184.921005,237.105026_30.838646i,229.084366_-68.484825i,0,1,0,0.00
1386834789,1,0,0,2,-6.135793,0.000000,-0.272439,12.285731,-3.345038,-185.817749,237.105026_30.838646i,229.084366_-68.484825i,0,1,0,0.00
1386834789,1,0,0,2,-6.134369,0.000000,-0.271015,12.285731,-3.345038,-186.769821,237.105026_30.838646i,229.084366_-68.484825i,0,1,0,0.00
1386834790,1,0,0,2,-6.132962,0.000000,-0.269608,12.290385,-3.345038,-187.720642,237.105026_30.838646i,229.084366_-68.484825i,0,1,0,0.00
1386834790,1,0,0,2,-6.131528,0.000000,-0.268174,12.290385,-3.345038,-188.699860,237.105026_30.838646i,229.084366_-68.484825i,0,1,0,0.00
1386834790,1,0,0,2,-6.130021,0.000000,-0.266667,12.290385,-3.345038,-189.740814,237.105026_30.838646i,229.084366_-68.484825i,0,1,0,0.00
1386834790,1,0,0,2,-6.128531,0.000000,-0.265176,12.295039,-3.345038,-190.781769,237.105026_30.838646i,229.084366_-68.484825i,0,1,0,0.00
1386834791,1,0,0,2,-6.127012,0.000000,-0.263657,12.295039,-3.345038,-191.855286,237.105026_30.838646i,229.084366_-68.484825i,0,1,0,0.00
1386834791,1,0,0,2,-6.125463,0.000000,-0.262108,12.295039,-3.345038,-192.962906,237.105026_30.838646i,229.084366_-68.484825i,0,1,0,0.00
1386834791,1,0,0,2,-6.123833,0.000000,-0.260478,12.299693,-3.345038,-194.142609,237.105026_30.838646i,229.084366_-68.484825i,0,1,0,0.00
1386834791,1,0,0,2,-6.122220,0.000000,-0.258866,12.299693,-3.345038,-195.324646,237.105026_30.838646i,229.084366_-68.484825i,0,1,0,0.00
1386834792,1,0,0,2,-6.120575,0.000000,-0.257220,12.299693,-3.345038,-196.546112,237.105026_30.838646i,229.084366_-68.484825i,0,1,0,0.00
1386834792,1,0,0,2,-6.118843,0.000000,-0.255488,12.304347,-3.345038,-197.849136,237.105026_30.838646i,229.084366_-68.484825i,0,1,0,0.00
1386834792,1,0,0,2,-6.117128,0.000000,-0.253773,12.304347,-3.345038,-199.156952,237.105026_30.838646i,229.084366_-68.484825i,0,1,0,0.00
1386834792,1,0,0,2,-6.115377,0.000000,-0.252023,12.304347,-3.345038,-200.510620,237.105026_30.838646i,229.084366_-68.484825i,0,1,0,0.00
1386834793,1,0,0,2,-6.113590,0.000000,-0.250235,12.309001,-3.345038,-201.912643,237.105026_30.838646i,229.084366_-68.484825i,0,1,0,0.00
1386834793,1,0,0,2,-6.111707,0.000000,-0.248352,12.309001,-3.345038,-203.411896,237.105026_30.838646i,229.084366_-68.484825i,0,1,0,0.00
1386834793,1,0,0,2,-6.109840,0.000000,-0.246486,12.313656,-3.345038,-204.920380,237.105026_30.838646i,229.084366_-68.484825i,0,1,0,0.00
1386834793,1,0,0,2,-6.107933,0.000000,-0.244579,12.313656,-3.345038,-206.485733,237.105026_30.838646i,229.084366_-68.484825i,0,1,0,0.00
1386834794,1,0,0,2,-6.105923,0.000000,-0.242568,12.313656,-3.345038,-208.163071,237.105026_30.838646i,229.084366_-68.484825i,0,1,0,0.00
1386834794,1,0,0,2,-6.103929,0.000000,-0.240574,12.318310,-3.345038,-209.854309,237.105026_30.838646i,229.084366_-68.484825i,0,1,0,0.00
1386834794,1,0,0,2,-6.101891,0.000000,-0.238536,12.318310,-3.345038,-211.613113,237.105026_30.838646i,229.084366_-68.484825i,0,1,0,0.00
1386834794,1,0,0,2,-6.099806,0.000000,-0.236451,12.322965,-3.345038,-213.443634,237.105026_30.838646i,229.084366_-68.484825i,0,1,0,0.00
1386834795,1,0,0,2,-6.097605,0.000000,-0.234251,12.322965,-3.345038,-215.411163,237.105026_30.838646i,229.084366_-68.484825i,0,1,0,0.00
1386834795,1,2,2,7353,-7.957750,0.000000,-2.094395,12.327619,-3.345038,-50.592953,237.105026_30.838646i,229.084366_-68.484825i,0,1,0,0.00
1386834795,2,2,2,7353,-7.957750,0.000000,-2.094395,12.164721,-3.345038,-50.592953,237.105026_30.838646i,229.084366_-68.484825i,0,1,0,0.00
1386834795,2,2,2,7353,-7.957750,0.000000,-2.094395,12.001822,-3.345038,-50.592953,237.105026_30.838646i,229.084366_-68.484825i,0,1,0,0.00
1386834796,2,2,2,7353,-7.957750,0.000000,-2.094395,11.871505,-3.345038,-50.592953,237.105026_30.838646i,229.084366_-68.484825i,0,1,0,0.00
1386834796,2,2,2,7353,-7.957750,0.000000,-2.094395,11.778420,-3.345038,-50.592953,237.105026_30.838646i,229.084366_-68.484825i,0,1,0,0.00
1386834796,2,2,2,7353,-7.957750,0.000000,-2.094395,11.708608,-3.345038,-50.592953,237.105026_30.838646i,229.084366_-68.484825i,0,1,0,0.00
1386834796,2,2,2,7353,-7.957750,0.000000,-2.094395,11.657412,-3.345038,-50.592953,237.105026_30.838646i,229.084366_-68.484825i,0,1,0,0.00
1386834797,2,2,2,7353,-7.957750,0.000000,-2.094395,11.620177,-3.345038,-50.592953,237.105026_30.838646i,229.084366_-68.484825i,0,1,0,0.00
1386834797,2,2,2,7353,-7.957750,0.000000,-2.094395,11.592252,-3.345038,-50.592953,237.105026_30.838646i,229.084366_-68.484825i,0,1,0,0.00
1386834797,2,2,2,7353,-7.957750,0.000000,-2.094395,11.573636,-3.345038,-50.592953,237.105026_30.838646i,229.084366_-68.484825i,0,1,0,0.00
1386834797,2,2,2,7353,-7.957750,0.000000,-2.094395,11.559672,-3.345038,-50.592953,237.105026_30.838646i,229.084366_-68.484825i,0,1,0,0.00
1386834798,2,2,2,7353,-7.957750,0.000000,-2.094395,11.550364,-3.345038,-50.592953,237.105026_30.838646i,229.084366_-68.484825i,0,1,0,0.00
1386834798,2,2,2,7353,-7.957750,0.000000,-2.094395,11.541056,-3.345038,-50.592953,237.105026_30.838646i,229.084366_-68.484825i,0,1,0,0.00
1386834798,2,2,2,7353,-7.957750,0.000000,-2.094395,11.536402,-3.345038,-50.592953,237.105026_30.838646i,229.084366_-68.484825i,0,1,0,0.00
1386834798,2,2,2,7353,-7.957750,0.000000,-2.094395,11.531748,-3.345038,-50.592953,237.105026_30.838646i,229.084366_-68.484825i,0,1,0,0.00
1386834799,2,2,2,7353,-7.957750,0.000000,-2.094395,11.527093,-3.345038,-50.592953,237.105026_30.838646i,229.084366_-68.484825i,0,1,0,0.00
1386834799,2,2,2,7353,-7.957750,0.000000,-2.094395,11.527093,-3.345038,-50.592953,237.105026_30.838646i,229.084366_-68.484825i,0,1,0,0.00
1386834799,2,2,2,7353,-7.957750,0.000000,-2.094395,11.527093,-3.345038,-50.592953,237.105026_30.838646i,229.084366_-68.484825i,0,1,0,0.00
1386834799,2,2,2,7353,-7.957750,0.000000,-2.094395,11.527093,-3.345038,-50.592953,237.105026_30.838646i,229.084366_-68.484825i,0,1,0,0.00
1386834800,2,2,2,7353,-7.957750,0.000000,-2.094395,11.527093,-3.345038,-50.592953,237.105026_30.838646i,229.084366_-68.484825i,0,1,0,0.00
1386834800,2,2,2,7353,-7.957750,0.000000,-2.094395,11.527093,-3.345038,-50.592953,237.105026_30.838646i,229.084366_-68.484825i,0,1,0,0.00
1386834800,2,2,2,7353,-7.957750,0.000000,-2.094395,11.527093,-3.345038,-50.592953,237.105026_30.838646i,229.084366_-68.484825i,0,1,0,0.00
1386834800,2,2,2,7353,-7.957750,0.000000,-2.094395,11.527093,-3.345038,-50.592953,237.105026_30.838646i,229.084366_-68.484825i,0,1,0,0.00
1386834801,2,2,2,7353,-7.957750,0.000000,-2.094395,11.527093,-3.345038,-50.592953,237.105026_30.838646i,229.084366_-68.484825i,0,1,0,0.00
1386834801,2,2,2,7353,-7.957750,0.000000,-2.094395,11.527093,-3.345038,-50.592953,237.105026_30.838646i,229.084366_-68.484825i,0,1,0,0.00
1386834801,2,2,2,7353,-7.957750,0.000000,-2.094395,11.689991,-3.345038,-50.592953,237.105026_30.838646i,229.084366_-68.484825i,0,1,0,0.00
1386834801,2,2,2,7353,-7.957750,0.000000,-2.094395,11.852888,-3.345038,-50.592953,237.105026_30.838646i,229.084366_-68.484825i,0,1,0,0.00
1386834802,2,2,2,7353,-7.957750,0.000000,-2.094395,12.015785,-3.345038,-50.592953,237.105026_30.838646i,229.084366_-68.484825i,0,1,0,0.00
1386834802,2,2,2,7353,-7.957750,0.000000,-2.094395,12.178683,-3.345038,-50.592953,237.105026_30.838646i,229.084366_-68.484825i,0,1,0,0.00
1386834802,2,2,2,7353,-7.957750,0.000000,-2.094395,12.341580,-3.345038,-50.592953,237.105026_30.838646i,229.084366_-68.484825i,0,1,0,0.00
1386834802,2,2,2,7353,-7.957750,0.000000,-2.094395,12.504478,-3.345038,-50.592953,237.105026_30.838646i,229.084366_-68.484825i,0,1,0,0.00
1386834803,2,2,2,7353,-7.957750,0.000000,-2.094395,12.667376,-3.345038,-50.592953,237.105026_30.838646i,229.084366_-68.484825i,0,1,0,0.00
1386834803,2,2,2,7353,-7.957750,0.000000,-2.094395,12.830274,-3.345038,-50.592953,237.105026_30.838646i,229.084366_-68.484825i,0,1,0,0.00
1386834803,2,2,2,7353,-7.957750,0.000000,-2.094395,12.993171,-3.345038,-50.592953,237.105026_30.838646i,229.084366_-68.484825i,0,1,0,0.00
1386834803,2,2,2,7353,-7.957750,0.000000,-2.094395,13.156068,-3.345038,-50.592953,237.105026_30.838646i,229.084366_-68.484825i,0,1,0,0.00
1386834804,2,2,2,7353,-7.957750,0.000000,-2.094395,13.281733,-3.345038,-50.592953,237.105026_30.838646i,229.084366_-68.484825i,0,1,0,0.00
1386834804,2,2,2,7353,-7.957750,0.000000,-2.094395,13.444630,-3.345038,-50.592953,237.105026_30.838646i,229.084366_-68.484825i,0,1,0,0.00
1386834804,2,2,2,7353,-7.957750,0.000000,-2.094395,13.607528,-3.345038,-50.592953,237.105026_30.838646i,229.084366_-68.484825i,0,1,0,0.00
1386834804,2,2,2,7353,-7.957750,0.000000,-2.094395,13.747153,-3.345038,-50.592953,237.105026_30.838646i,229.084366_-68.484825i,0,1,0,0.00
1386834805,2,2,2,7353,-7.957750,0.000000,-2.094395,13.910051,-3.345038,-50.592953,237.105026_30.838646i,229.084366_-68.484825i,0,1,0,0.00
1386834805,2,2,2,7353,-7.957750,0.000000,-2.094395,13.835584,-3.345038,-50.592953,237.105026_30.838646i,229.084366_-68.484825i,0,1,0,0.00
1386834805,2,2,2,7353,-7.957750,0.000000,-2.094395,13.998482,-3.345038,-50.592953,237.105026_30.838646i,229.084366_-68.484825i,0,1,0,0.00
1386834806,2,2,2,7353,-7.957750,0.000000,-2.094395,13.896089,-3.345038,-50.592953,237.105026_30.838646i,229.084366_-68.484825i,0,1,0,0.00
1386834806,2,2,2,7353,-7.957750,0.000000,-2.094395,13.821622,-3.345038,-50.592953,237.105026_30.838646i,229.084366_-68.484825i,0,1,0,0.00
1386834806,2,2,2,7353,-7.957750,0.000000,-2.094395,13.905397,-3.345038,-50.592953,237.105026_30.838646i,229.084366_-68.484825i,0,1,0,0.00
1386834806,2,2,2,7353,-7.957750,0.000000,-2.094395,14.068295,-3.345038,-50.592953,237.105026_30.838646i,229.084366_-68.484825i,0,1,0,0.00
1386834807,2,2,2,7353,-7.957750,0.000000,-2.094395,14.086911,-3.345038,-50.592953,237.105026_30.838646i,229.084366_-68.484825i,0,1,0,0.00
1386834807,2,2,2,7353,-7.957750,0.000000,-2.094395,14.235847,-3.345038,-50.592953,237.105026_30.838646i,229.084366_-68.484825i,0,1,0,0.00
1386834807,2,2,2,7353,-7.957750,0.000000,-2.094395,14.072949,-3.345038,-50.592953,237.105026_30.838646i,229.084366_-68.484825i,0,1,0,0.00
1386834807,2,2,2,7353,-7.957750,0.000000,-2.094395,14.226538,-3.345038,-50.592953,237.105026_30.838646i,229.084366_-68.484825i,0,1,0,0.00
1386834808,2,2,2,7353,-7.957750,0.000000,-2.094395,14.203267,-3.345038,-50.592953,237.105026_30.838646i,229.084366_-68.484825i,0,1,0,0.00
1386834808,2,2,2,7353,-7.957750,0.000000,-2.094395,14.184649,-3.345038,-50.592953,237.105026_30.838646i,229.084366_-68.484825i,0,1,0,0.00
1386834808,2,2,2,7353,-7.957750,0.000000,-2.094395,14.170688,-3.345038,-50.592953,237.105026_30.838646i,229.084366_-68.484825i,0,1,0,0.00
1386834808,2,2,2,7353,-7.957750,0.000000,-2.094395,14.161379,-3.345038,-50.592953,237.105026_30.838646i,229.084366_-68.484825i,0,1,0,0.00
1386834809,2,2,2,7353,-7.957750,0.000000,-2.094395,14.156724,-3.345038,-50.592953,237.105026_30.838646i,229.084366_-68.484825i,0,1,0,0.00
1386834809,2,2,2,7353,-7.957750,0.000000,-2.094395,14.152070,-3.345038,-50.592953,237.105026_30.838646i,229.084366_-68.484825i,0,1,0,0.00
1386834809,2,2,2,7353,-7.957750,0.000000,-2.094395,14.147416,-3.345038,-50.592953,237.105026_30.838646i,229.084366_-68.484825i,0,1,0,0.00
1386834809,2,2,2,7353,-7.957750,0.000000,-2.094395,14.142762,-3.345038,-50.592953,237.105026_30.838646i,229.084366_-68.484825i,0,1,0,0.00
1386834810,2,2,2,7353,-7.957750,0.000000,-2.094395,14.142762,-3.345038,-50.592953,237.105026_30.838646i,229.084366_-68.484825i,0,1,0,0.00
1386834810,2,2,2,7353,-7.957750,0.000000,-2.094395,14.142762,-3.345038,-50.592953,237.105026_30.838646i,229.084366_-68.484825i,0,1,0,0.00
1386834810,2,2,2,7353,-7.957750,0.000000,-2.094395,14.142762,-3.345038,-50.592953,237.105026_30.838646i,229.084366_-68.484825i,0,1,0,0.00
1386834810,2,2,2,7353,-7.957750,0.000000,-2.094395,14.142762,-3.345038,-50.592953,237.105026_30.838646i,229.084366_-68.484825i,0,1,0,0.00
1386834811,2,2,2,7353,-7.957750,0.000000,-2.094395,14.142762,-3.345038,-50.592953,237.105026_30.838646i,229.084366_-68.484825i,0,1,0,0.00
1386834811,2,2,2,7353,-7.957750,0.000000,-2.094395,14.142762,-3.345038,-50.592953,237.105026_30.838646i,229.084366_-68.484825i,0,1,0,0.00
1386834811,2,2,2,7353,-7.957750,0.000000,-2.094395,14.142762,-3.345038,-50.592953,237.105026_30.838646i,229.084366_-68.484825i,0,1,0,0.00
1386834811,2,2,2,7353,-7.957750,0.000000,-2.094395,14.142762,-3.345038,-50.592953,237.105026_30.838646i,229.084366_-68.484825i,0,1,0,0.00
1386834812,2,2,2,7353,-7.957750,0.000000,-2.094395,14.142762,-3.345038,-50.592953,237.105026_30.838646i,229.084366_-68.484825i,0,1,0,0.00
1386834812,2,2,2,7353,-7.957750,0.000000,-2.094395,14.142762,-3.345038,-50.592953,237.105026_30.838646i,229.084366_-68.484825i,0,1,0,0.00
1386834812,2,2,2,7353,-7.957750,0.000000,-2.094395,14.142762,-3.345038,-50.592953,237.105026_30.838646i,229.084366_-68.484825i,0,1,0,0.00
1386834812,2,2,2,7353,-7.957750,0.000000,-2.094395,14.142762,-3.345038,-50.592953,237.105026_30.838646i,229.084366_-68.484825i,0,1,0,0.00
1386834813,2,2,2,7353,-7.957750,0.000000,-2.094395,14.142762,-3.345038,-50.592953,237.105026_30.838646i,229.084366_-68.484825i,0,1,0,0.00
1386834813,2,2,2,7353,-7.957750,0.000000,-2.094395,14.142762,-3.345038,-50.592953,237.105026_30.838646i,229.084366_-68.484825i,0,1,0,0.00
1386834813,2,2,2,7353,-7.957750,0.000000,-2.094395,14.142762,-3.345038,-50.592953,237.105026_30.838646i,229.084366_-68.484825i,0,1,0,0.00
1386834813,2,2,2,7353,-7.957750,0.000000,-2.094395,14.142762,-3.345038,-50.592953,237.105026_30.838646i,229.084366_-68.484825i,0,1,0,0.00
1386834814,2,2,2,7353,-7.957750,0.000000,-2.094395,14.142762,-3.345038,-50.592953,237.105026_30.838646i,229.084366_-68.484825i,0,1,0,0.00
1386834814,2,2,2,7353,-7.957750,0.000000,-2.094395,14.142762,-3.345038,-50.592953,237.105026_30.838646i,229.084366_-68.484825i,0,1,0,0.00
1386834814,2,2,2,7353,-7.957750,0.000000,-2.094395,14.142762,-3.345038,-50.592953,237.105026_30.838646i,229.084366_-68.484825i,0,1,0,0.00
1386834814,2,2,2,7353,-7.957750,0.000000,-2.094395,14.142762,-3.345038,-50.592953,237.105026_30.838646i,229.084366_-68.484825i,0,1,0,0.00
1386834815,2,2,2,7353,-7.957750,0.000000,-2.094395,14.142762,-3.345038,-50.592953,237.105026_30.838646i,229.084366_-68.484825i,0,1,0,0.00
1386834815,2,2,2,7353,-7.957750,0.000000,-2.094395,14.142762,-3.345038,-50.592953,237.105026_30.838646i,229.084366_-68.484825i,0,1,0,0.00
1386834815,2,2,2,7353,-7.957750,0.000000,-2.094395,14.142762,-3.345038,-50.592953,237.105026_30.838646i,229.084366_-68.484825i,0,1,0,0.00
1386834815,2,2,2,7353,-7.957750,0.000000,-2.094395,14.142762,-3.345038,-50.592953,237.105026_30.838646i,229.084366_-68.484825i,0,1,0,0.00
1386834816,2,2,2,7353,-7.957750,0.000000,-2.094395,14.142762,-3.345038,-50.592953,237.105026_30.838646i,229.084366_-68.484825i,0,1,0,0.00
1386834816,2,2,2,7353,-7.957750,0.000000,-2.094395,14.142762,-3.345038,-50.592953,237.105026_30.838646i,229.084366_-68.484825i,0,1,0,0.00
1386834816,2,2,2,7353,-7.957750,0.000000,-2.094395,14.142762,-3.345038,-50.592953,237.105026_30.838646i,229.084366_-68.484825i,0,1,0,0.00
1386834816,2,2,2,7353,-7.957750,0.000000,-2.094395,14.142762,-3.345038,-50.592953,237.105026_30.838646i,229.084366_-68.484825i,0,1,0,0.00
1386834817,2,2,2,7353,-7.957750,0.000000,-2.094395,14.142762,-3.345038,-50.592953,237.105026_30.838646i,229.084366_-68.484825i,0,1,0,0.00
1386834817,2,2,2,7353,-7.957750,0.000000,-2.094395,14.142762,-3.345038,-50.592953,237.105026_30.838646i,229.084366_-68.484825i,0,1,0,0.00
1386834817,2,2,2,7353,-7.957750,0.000000,-2.094395,14.142762,-3.345038,-50.592953,237.105026_30.838646i,229.084366_-68.484825i,0,1,0,0.00
1386834817,2,2,2,7353,-7.957750,0.000000,-2.094395,14.142762,-3.345038,-50.592953,237.105026_30.838646i,229.084366_-68.484825i,0,1,0,0.00
1386834818,2,2,2,7353,-7.957750,0.000000,-2.094395,14.142762,-3.345038,-50.592953,237.105026_30.838646i,229.084366_-68.484825i,0,1,0,0.00
1386834818,2,2,2,7353,-7.957750,0.000000,-2.094395,14.142762,-3.345038,-50.592953,237.105026_30.838646i,229.084366_-68.484825i,0,1,0,0.00
1386834818,2,2,2,7353,-7.957750,0.000000,-2.094395,14.142762,-3.345038,-50.592953,237.105026_30.838646i,229.084366_-68.484825i,0,1,0,0.00
1386834818,2,2,2,7353,-7.957750,0.000000,-2.094395,14.142762,-3.345038,-50.592953,237.105026_30.838646i,229.084366_-68.484825i,0,1,0,0.00
1386834819,2,2,2,7353,-7.957750,0.000000,-2.094395,14.142762,-3.345038,-50.592953,237.105026_30.838646i,229.084366_-68.484825i,0,1,0,0.00
1386834819,2,2,2,7353,-7.957750,0.000000,-2.094395,14.142762,-3.345038,-50.592953,237.105026_30.838646i,229.084366_-68.484825i,0,1,0,0.00
1386834819,2,2,2,7353,-7.957750,0.000000,-2.094395,14.142762,-3.345038,-50.592953,237.105026_30.838646i,229.084366_-68.484825i,0,1,0,0.00
1386834819,2,2,2,7353,-7.957750,0.000000,-2.094395,14.142762,-3.345038,-50.592953,237.105026_30.838646i,229.084366_-68.484825i,0,1,0,0.00
1386834820,2,2,2,7353,-7.957750,0.000000,-2.094395,14.142762,-3.345038,-50.592953,237.105026_30.838646i,229.084366_-68.484825i,0,1,0,0.00
1386834820,2,2,2,7353,-7.957750,0.000000,-2.094395,14.142762,-3.345038,-50.592953,237.105026_30.838646i,229.084366_-68.484825i,0,1,0,0.00
1386834820,2,2,2,7353,-7.957750,0.000000,-2.094395,14.142762,-3.345038,-50.592953,237.105026_30.838646i,229.084366_-68.484825i,0,1,0,0.00
1386834820,2,2,2,7353,-7.957750,0.000000,-2.094395,14.142762,-3.345038,-50.592953,237.105026_30.838646i,229.084366_-68.484825i,0,1,0,0.00
1386834821,2,2,2,7353,-7.957750,0.000000,-2.094395,14.142762,-3.345038,-50.592953,237.105026_30.838646i,229.084366_-68.484825i,0,1,0,0.00
