MCU_timestamp,sig1,sig2,sig3,fa_debug,theta_d1,theta_d,theta_d1_b,theta_b,a_x,b_x,X_b,X_T_b,sail_hc_periods,sail_hc_direction,sail_hc_val,sail_hc_MEAN_V,act_history,jibe_status
1390066079,0,0,0,0,0.000000,0.000000,0.000000,0.000000,0.000000,0.000000,0.000000_0.000000i,0.000000_0.000000i,0,1,0,0.00,0.30,1
1390066079,0,0,0,0,0.000000,0.000000,0.000000,0.000000,0.000000,0.000000,0.000000_0.000000i,0.000000_0.000000i,0,1,0,0.00,0.30,1
1390066079,0,0,0,0,0.000000,0.000000,0.000000,0.000000,0.000000,0.000000,0.000000_0.000000i,0.000000_0.000000i,0,1,0,0.00,0.30,1
1390066079,0,0,0,0,0.000000,0.000000,0.000000,0.000000,0.000000,0.000000,0.000000_0.000000i,0.000000_0.000000i,0,1,0,0.00,0.30,1
1390066080,0,0,0,0,0.000000,0.000000,0.000000,0.000000,0.000000,0.000000,0.000000_0.000000i,0.000000_0.000000i,0,1,0,0.00,0.30,1
1390066080,0,0,0,0,0.000000,0.000000,0.000000,0.000000,0.000000,0.000000,0.000000_0.000000i,0.000000_0.000000i,0,1,0,0.00,0.30,1
1390066080,0,0,0,0,0.000000,0.000000,0.000000,0.000000,0.000000,0.000000,0.000000_0.000000i,0.000000_0.000000i,0,1,0,0.00,0.30,1
1390066080,0,0,0,0,0.000000,0.000000,0.000000,0.000000,0.000000,0.000000,0.000000_0.000000i,0.000000_0.000000i,0,1,0,0.00,0.30,1
1390066081,0,0,0,0,0.000000,0.000000,0.000000,0.000000,0.000000,0.000000,0.000000_0.000000i,0.000000_0.000000i,0,1,0,0.00,0.30,1
1390066081,0,0,0,0,0.000000,0.000000,0.000000,0.000000,0.000000,0.000000,0.000000_0.000000i,0.000000_0.000000i,0,1,0,0.00,0.30,1
1390066081,0,0,0,0,0.000000,0.000000,0.000000,0.000000,0.000000,0.000000,0.000000_0.000000i,0.000000_0.000000i,0,1,0,0.00,0.30,1
1390066081,0,0,0,0,0.000000,0.000000,0.000000,0.000000,0.000000,0.000000,0.000000_0.000000i,0.000000_0.000000i,0,1,0,0.00,0.30,1
1390066082,0,0,0,0,0.000000,0.000000,0.000000,0.000000,0.000000,0.000000,0.000000_0.000000i,0.000000_0.000000i,0,1,0,0.00,0.30,1
1390066082,0,0,0,0,0.000000,0.000000,0.000000,0.000000,0.000000,0.000000,0.000000_0.000000i,0.000000_0.000000i,0,1,0,0.00,0.30,1
1390066082,0,0,0,0,0.000000,0.000000,0.000000,0.000000,0.000000,0.000000,0.000000_0.000000i,0.000000_0.000000i,0,1,0,0.00,0.30,1
1390066082,0,0,0,0,0.000000,0.000000,0.000000,0.000000,0.000000,0.000000,0.000000_0.000000i,0.000000_0.000000i,0,1,0,0.00,0.30,1
1390066083,0,0,0,0,0.000000,0.000000,0.000000,0.000000,0.000000,0.000000,0.000000_0.000000i,0.000000_0.000000i,0,1,0,0.00,0.30,1
1390066083,0,0,0,0,0.000000,0.000000,0.000000,0.000000,0.000000,0.000000,0.000000_0.000000i,0.000000_0.000000i,0,1,0,0.00,0.30,1
1390066083,0,0,0,0,0.000000,0.000000,0.000000,0.000000,0.000000,0.000000,0.000000_0.000000i,0.000000_0.000000i,0,1,0,0.00,0.30,1
1390066083,0,0,0,0,0.000000,0.000000,0.000000,0.000000,0.000000,0.000000,0.000000_0.000000i,0.000000_0.000000i,0,1,0,0.00,0.30,1
1390066084,0,0,0,0,0.000000,0.000000,0.000000,0.000000,0.000000,0.000000,0.000000_0.000000i,0.000000_0.000000i,0,1,0,0.00,0.23,1
1390066084,0,0,0,0,0.000000,0.000000,0.000000,0.000000,0.000000,0.000000,0.000000_0.000000i,0.000000_0.000000i,0,1,0,0.00,0.15,1
1390066084,0,0,0,0,0.000000,0.000000,0.000000,0.000000,0.000000,0.000000,0.000000_0.000000i,0.000000_0.000000i,0,1,0,0.00,0.33,1
1390066084,0,0,0,0,0.000000,0.000000,0.000000,0.000000,0.000000,0.000000,0.000000_0.000000i,0.000000_0.000000i,0,1,0,0.00,0.50,1
1390066085,0,0,0,0,0.000000,0.000000,0.000000,0.000000,0.000000,0.000000,0.000000_0.000000i,0.000000_0.000000i,0,1,0,0.00,0.68,1
1390066085,0,0,0,0,0.000000,0.000000,0.000000,0.000000,0.000000,0.000000,0.000000_0.000000i,0.000000_0.000000i,0,1,0,0.00,0.85,1
1390066085,0,0,0,0,0.000000,0.000000,0.000000,0.000000,0.000000,0.000000,0.000000_0.000000i,0.000000_0.000000i,0,1,0,0.00,1.03,1
1390066085,0,0,0,0,0.000000,0.000000,0.000000,0.000000,0.000000,0.000000,0.000000_0.000000i,0.000000_0.000000i,0,1,0,0.00,1.20,1
1390066086,0,0,0,0,0.000000,0.000000,0.000000,0.000000,0.000000,0.000000,0.000000_0.000000i,0.000000_0.000000i,0,1,0,0.00,1.38,1
1390066086,0,0,0,0,0.000000,0.000000,0.000000,0.000000,0.000000,0.000000,0.000000_0.000000i,0.000000_0.000000i,0,1,0,0.00,1.55,1
1390066086,0,0,0,0,0.000000,0.000000,0.000000,0.000000,0.000000,0.000000,0.000000_0.000000i,0.000000_0.000000i,0,1,0,0.00,1.72,1
1390066086,0,0,0,0,0.000000,0.000000,0.000000,0.000000,0.000000,0.000000,0.000000_0.000000i,0.000000_0.000000i,0,1,0,0.00,1.90,1
1390066087,0,0,0,0,0.000000,0.000000,0.000000,0.000000,0.000000,0.000000,0.000000_0.000000i,0.000000_0.000000i,0,1,0,0.00,2.07,1
1390066087,0,0,0,0,0.000000,0.000000,0.000000,0.000000,0.000000,0.000000,0.000000_0.000000i,0.000000_0.000000i,0,1,0,0.00,2.25,1
1390066087,0,0,0,0,0.000000,0.000000,0.000000,0.000000,0.000000,0.000000,0.000000_0.000000i,0.000000_0.000000i,0,1,0,0.00,2.42,1
1390066087,0,0,0,0,0.000000,0.000000,0.000000,0.000000,0.000000,0.000000,0.000000_0.000000i,0.000000_0.000000i,0,1,0,0.00,2.60,1
1390066088,0,0,0,0,0.000000,0.000000,0.000000,0.000000,0.000000,0.000000,0.000000_0.000000i,0.000000_0.000000i,0,1,0,0.00,2.77,1
1390066088,0,0,0,0,0.000000,0.000000,0.000000,0.000000,0.000000,0.000000,0.000000_0.000000i,0.000000_0.000000i,0,1,0,0.00,2.95,1
1390066088,0,0,0,0,0.000000,0.000000,0.000000,0.000000,0.000000,0.000000,0.000000_0.000000i,0.000000_0.000000i,0,1,0,0.00,3.12,1
1390066088,0,0,0,0,0.000000,0.000000,0.000000,0.000000,0.000000,0.000000,0.000000_0.000000i,0.000000_0.000000i,0,1,0,0.00,3.30,1
1390066089,0,0,0,0,0.000000,0.000000,0.000000,0.000000,0.000000,0.000000,0.000000_0.000000i,0.000000_0.000000i,0,1,0,0.00,3.47,1
1390066089,0,0,0,0,0.000000,0.000000,0.000000,0.000000,0.000000,0.000000,0.000000_0.000000i,0.000000_0.000000i,0,1,0,0.00,3.65,1
1390066089,0,0,0,0,0.000000,0.000000,0.000000,0.000000,0.000000,0.000000,0.000000_0.000000i,0.000000_0.000000i,0,1,0,0.00,3.82,1
1390066089,0,0,0,0,0.000000,0.000000,0.000000,0.000000,0.000000,0.000000,0.000000_0.000000i,0.000000_0.000000i,0,1,0,0.00,4.00,1
1390066090,0,0,0,0,0.000000,0.000000,0.000000,0.000000,0.000000,0.000000,0.000000_0.000000i,0.000000_0.000000i,0,1,0,0.00,4.17,1
1390066090,0,0,0,0,0.000000,0.000000,0.000000,0.000000,0.000000,0.000000,0.000000_0.000000i,0.000000_0.000000i,0,1,0,0.00,4.35,1
1390066090,0,0,0,0,0.000000,0.000000,0.000000,0.000000,0.000000,0.000000,0.000000_0.000000i,0.000000_0.000000i,0,1,0,0.00,4.52,1
1390066090,0,0,0,0,0.000000,0.000000,0.000000,0.000000,0.000000,0.000000,0.000000_0.000000i,0.000000_0.000000i,0,1,0,0.00,4.70,1
1390066091,0,0,0,0,0.000000,0.000000,0.000000,0.000000,0.000000,0.000000,0.000000_0.000000i,0.000000_0.000000i,0,1,0,0.00,4.88,1
1390066091,0,0,0,0,0.000000,0.000000,0.000000,0.000000,0.000000,0.000000,0.000000_0.000000i,0.000000_0.000000i,0,1,0,0.00,5.05,1
1390066091,0,0,0,0,0.000000,0.000000,0.000000,0.000000,0.000000,0.000000,0.000000_0.000000i,0.000000_0.000000i,0,1,0,0.00,5.23,1
1390066091,0,0,0,0,0.000000,0.000000,0.000000,0.000000,0.000000,0.000000,0.000000_0.000000i,0.000000_0.000000i,0,1,0,0.00,5.40,1
1390066092,0,0,0,0,0.000000,0.000000,0.000000,0.000000,0.000000,0.000000,0.000000_0.000000i,0.000000_0.000000i,0,1,0,0.00,5.58,1
1390066092,0,0,0,0,0.000000,0.000000,0.000000,0.000000,0.000000,0.000000,0.000000_0.000000i,0.000000_0.000000i,0,1,0,0.00,5.75,1
1390066092,0,0,0,0,0.000000,0.000000,0.000000,0.000000,0.000000,0.000000,0.000000_0.000000i,0.000000_0.000000i,0,1,0,0.00,5.68,1
1390066092,0,0,0,0,0.000000,0.000000,0.000000,0.000000,0.000000,0.000000,0.000000_0.000000i,0.000000_0.000000i,0,1,0,0.00,5.60,1
1390066093,0,0,0,0,0.000000,0.000000,0.000000,0.000000,0.000000,0.000000,0.000000_0.000000i,0.000000_0.000000i,0,1,0,0.00,5.53,1
1390066093,0,0,0,0,0.000000,0.000000,0.000000,0.000000,0.000000,0.000000,0.000000_0.000000i,0.000000_0.000000i,0,1,0,0.00,5.45,1
1390066093,0,0,0,0,0.000000,0.000000,0.000000,0.000000,0.000000,0.000000,0.000000_0.000000i,0.000000_0.000000i,0,1,0,0.00,5.38,1
1390066093,0,0,0,0,0.000000,0.000000,0.000000,0.000000,0.000000,0.000000,0.000000_0.000000i,0.000000_0.000000i,0,1,0,0.00,5.30,1
1390066094,0,0,0,0,0.000000,0.000000,0.000000,0.000000,0.000000,0.000000,0.000000_0.000000i,0.000000_0.000000i,0,1,0,0.00,5.23,1
1390066094,0,0,0,0,0.000000,0.000000,0.000000,0.000000,0.000000,0.000000,0.000000_0.000000i,0.000000_0.000000i,0,1,0,0.00,5.15,1
1390066094,0,0,0,0,0.000000,0.000000,0.000000,0.000000,0.000000,0.000000,0.000000_0.000000i,0.000000_0.000000i,0,1,0,0.00,5.08,1
1390066094,0,0,0,0,0.000000,0.000000,0.000000,0.000000,0.000000,0.000000,0.000000_0.000000i,0.000000_0.000000i,0,1,0,0.00,5.00,1
1390066095,0,0,0,0,0.000000,0.000000,0.000000,0.000000,0.000000,0.000000,0.000000_0.000000i,0.000000_0.000000i,0,1,0,0.00,4.93,1
1390066095,0,0,0,0,0.000000,0.000000,0.000000,0.000000,0.000000,0.000000,0.000000_0.000000i,0.000000_0.000000i,0,1,0,0.00,4.85,1
1390066095,0,0,0,0,0.000000,0.000000,0.000000,0.000000,0.000000,0.000000,0.000000_0.000000i,0.000000_0.000000i,0,1,0,0.00,4.78,1
1390066095,0,0,0,0,0.000000,0.000000,0.000000,0.000000,0.000000,0.000000,0.000000_0.000000i,0.000000_0.000000i,0,1,0,0.00,4.70,1
1390066096,0,0,0,0,0.000000,0.000000,0.000000,0.000000,0.000000,0.000000,0.000000_0.000000i,0.000000_0.000000i,0,1,0,0.00,4.63,1
1390066096,0,0,0,0,0.000000,0.000000,0.000000,0.000000,0.000000,0.000000,0.000000_0.000000i,0.000000_0.000000i,0,1,0,0.00,4.55,1
1390066096,0,0,0,0,0.000000,0.000000,0.000000,0.000000,0.000000,0.000000,0.000000_0.000000i,0.000000_0.000000i,0,1,0,0.00,4.48,1
1390066097,0,0,0,0,0.000000,0.000000,0.000000,0.000000,0.000000,0.000000,0.000000_0.000000i,0.000000_0.000000i,0,1,0,0.00,4.40,1
1390066097,0,0,0,0,0.000000,0.000000,0.000000,0.000000,0.000000,0.000000,0.000000_0.000000i,0.000000_0.000000i,0,1,0,0.00,4.33,1
1390066097,0,0,0,0,0.000000,0.000000,0.000000,0.000000,0.000000,0.000000,0.000000_0.000000i,0.000000_0.000000i,0,1,0,0.00,4.25,1
1390066097,0,0,0,0,0.000000,0.000000,0.000000,0.000000,0.000000,0.000000,0.000000_0.000000i,0.000000_0.000000i,0,1,0,0.00,4.18,1
1390066098,0,0,0,0,0.000000,0.000000,0.000000,0.000000,0.000000,0.000000,0.000000_0.000000i,0.000000_0.000000i,0,1,0,0.00,4.10,1
1390066098,0,0,0,0,0.000000,0.000000,0.000000,0.000000,0.000000,0.000000,0.000000_0.000000i,0.000000_0.000000i,0,1,0,0.00,4.03,1
1390066098,0,0,0,0,0.000000,0.000000,0.000000,0.000000,0.000000,0.000000,0.000000_0.000000i,0.000000_0.000000i,0,1,0,0.00,3.95,1
1390066098,0,0,0,0,0.000000,0.000000,0.000000,0.000000,0.000000,0.000000,0.000000_0.000000i,0.000000_0.000000i,0,1,0,0.00,3.88,1
1390066099,0,0,0,0,0.000000,0.000000,0.000000,0.000000,0.000000,0.000000,0.000000_0.000000i,0.000000_0.000000i,0,1,0,0.00,3.80,1
1390066099,0,0,0,0,0.000000,0.000000,0.000000,0.000000,0.000000,0.000000,0.000000_0.000000i,0.000000_0.000000i,0,1,0,0.00,3.73,1
1390066099,0,0,0,0,0.000000,0.000000,0.000000,0.000000,0.000000,0.000000,0.000000_0.000000i,0.000000_0.000000i,0,1,0,0.00,3.65,1
1390066099,0,0,0,0,0.000000,0.000000,0.000000,0.000000,0.000000,0.000000,0.000000_0.000000i,0.000000_0.000000i,0,1,0,0.00,3.58,1
1390066100,0,0,0,0,0.000000,0.000000,0.000000,0.000000,0.000000,0.000000,0.000000_0.000000i,0.000000_0.000000i,0,1,0,0.00,3.75,1
1390066100,0,0,0,0,0.000000,0.000000,0.000000,0.000000,0.000000,0.000000,0.000000_0.000000i,0.000000_0.000000i,0,1,0,0.00,3.93,1
1390066100,0,0,0,0,0.000000,0.000000,0.000000,0.000000,0.000000,0.000000,0.000000_0.000000i,0.000000_0.000000i,0,1,0,0.00,4.10,1
1390066100,0,0,0,0,0.000000,0.000000,0.000000,0.000000,0.000000,0.000000,0.000000_0.000000i,0.000000_0.000000i,0,1,0,0.00,4.28,1
1390066101,0,0,0,0,0.000000,0.000000,0.000000,0.000000,0.000000,0.000000,0.000000_0.000000i,0.000000_0.000000i,0,1,0,0.00,4.45,1
1390066101,0,0,0,0,0.000000,0.000000,0.000000,0.000000,0.000000,0.000000,0.000000_0.000000i,0.000000_0.000000i,0,1,0,0.00,4.63,1
1390066101,0,0,0,0,0.000000,0.000000,0.000000,0.000000,0.000000,0.000000,0.000000_0.000000i,0.000000_0.000000i,0,1,0,0.00,4.80,1
1390066101,0,0,0,0,0.000000,0.000000,0.000000,0.000000,0.000000,0.000000,0.000000_0.000000i,0.000000_0.000000i,0,1,0,0.00,4.98,1
1390066102,0,0,0,0,0.000000,0.000000,0.000000,0.000000,0.000000,0.000000,0.000000_0.000000i,0.000000_0.000000i,0,1,0,0.00,5.15,1
1390066102,0,0,0,0,0.000000,0.000000,0.000000,0.000000,0.000000,0.000000,0.000000_0.000000i,0.000000_0.000000i,0,1,0,0.00,5.33,1
1390066102,0,0,0,0,0.000000,0.000000,0.000000,0.000000,0.000000,0.000000,0.000000_0.000000i,0.000000_0.000000i,0,1,0,0.00,5.50,1
1390066102,0,0,0,0,0.000000,0.000000,0.000000,0.000000,0.000000,0.000000,0.000000_0.000000i,0.000000_0.000000i,0,1,0,0.00,5.68,1
1390066103,0,0,0,0,0.000000,0.000000,0.000000,0.000000,0.000000,0.000000,0.000000_0.000000i,0.000000_0.000000i,0,1,0,0.00,5.85,1
1390066103,0,0,0,0,0.000000,0.000000,0.000000,0.000000,0.000000,0.000000,0.000000_0.000000i,0.000000_0.000000i,0,1,0,0.00,6.03,1
1390066103,0,0,0,0,0.000000,0.000000,0.000000,0.000000,0.000000,0.000000,0.000000_0.000000i,0.000000_0.000000i,0,1,0,0.00,6.20,1
1390066103,0,0,0,0,0.000000,0.000000,0.000000,0.000000,0.000000,0.000000,0.000000_0.000000i,0.000000_0.000000i,0,1,0,0.00,6.38,1
1390066104,0,0,0,0,0.000000,0.000000,0.000000,0.000000,0.000000,0.000000,0.000000_0.000000i,0.000000_0.000000i,0,1,0,0.00,6.55,1
1390066104,0,0,0,0,0.000000,0.000000,0.000000,0.000000,0.000000,0.000000,0.000000_0.000000i,0.000000_0.000000i,0,1,0,0.00,6.73,1
1390066104,0,0,0,0,0.000000,0.000000,0.000000,0.000000,0.000000,0.000000,0.000000_0.000000i,0.000000_0.000000i,0,1,0,0.00,6.90,1
1390066104,0,0,0,0,0.000000,0.000000,0.000000,0.000000,0.000000,0.000000,0.000000_0.000000i,0.000000_0.000000i,0,1,0,0.00,7.08,1
1390066105,0,0,0,0,0.000000,0.000000,0.000000,0.000000,0.000000,0.000000,0.000000_0.000000i,0.000000_0.000000i,0,1,0,0.00,7.25,1
1390066105,0,0,0,0,0.000000,0.000000,0.000000,0.000000,0.000000,0.000000,0.000000_0.000000i,0.000000_0.000000i,0,1,0,0.00,7.43,1
1390066105,0,0,0,0,0.000000,0.000000,0.000000,0.000000,0.000000,0.000000,0.000000_0.000000i,0.000000_0.000000i,0,1,0,0.00,7.60,1
1390066105,0,0,0,0,0.000000,0.000000,0.000000,0.000000,0.000000,0.000000,0.000000_0.000000i,0.000000_0.000000i,0,1,0,0.00,7.78,1
1390066106,0,0,0,0,0.000000,0.000000,0.000000,0.000000,0.000000,0.000000,0.000000_0.000000i,0.000000_0.000000i,0,1,0,0.00,7.95,1
1390066106,0,0,0,0,0.000000,0.000000,0.000000,0.000000,0.000000,0.000000,0.000000_0.000000i,0.000000_0.000000i,0,1,0,0.00,8.13,1
1390066106,0,0,0,0,0.000000,0.000000,0.000000,0.000000,0.000000,0.000000,0.000000_0.000000i,0.000000_0.000000i,0,1,0,0.00,8.30,1
1390066106,0,0,0,0,0.000000,0.000000,0.000000,0.000000,0.000000,0.000000,0.000000_0.000000i,0.000000_0.000000i,0,1,0,0.00,8.48,1
1390066107,0,0,0,0,0.000000,0.000000,0.000000,0.000000,0.000000,0.000000,0.000000_0.000000i,0.000000_0.000000i,0,1,0,0.00,8.65,1
1390066107,0,0,0,0,0.000000,0.000000,0.000000,0.000000,0.000000,0.000000,0.000000_0.000000i,0.000000_0.000000i,0,1,0,0.00,8.83,1
1390066107,0,0,0,0,0.000000,0.000000,0.000000,0.000000,0.000000,0.000000,0.000000_0.000000i,0.000000_0.000000i,0,1,0,0.00,9.00,1
1390066107,0,0,0,0,0.000000,0.000000,0.000000,0.000000,0.000000,0.000000,0.000000_0.000000i,0.000000_0.000000i,0,1,0,0.00,9.18,1
1390066108,0,0,0,0,0.000000,0.000000,0.000000,0.000000,0.000000,0.000000,0.000000_0.000000i,0.000000_0.000000i,0,1,0,0.00,9.35,1
1390066108,0,0,0,0,0.000000,0.000000,0.000000,0.000000,0.000000,0.000000,0.000000_0.000000i,0.000000_0.000000i,0,1,0,0.00,9.53,1
1390066108,0,0,0,0,0.000000,0.000000,0.000000,0.000000,0.000000,0.000000,0.000000_0.000000i,0.000000_0.000000i,0,1,0,0.00,9.70,1
1390066108,0,0,0,0,0.000000,0.000000,0.000000,0.000000,0.000000,0.000000,0.000000_0.000000i,0.000000_0.000000i,0,1,0,0.00,9.88,1
1390066109,0,0,0,0,0.000000,0.000000,0.000000,0.000000,0.000000,0.000000,0.000000_0.000000i,0.000000_0.000000i,0,1,0,0.00,10.05,1
1390066109,0,0,0,0,0.000000,0.000000,0.000000,0.000000,0.000000,0.000000,0.000000_0.000000i,0.000000_0.000000i,0,1,0,0.00,10.23,1
1390066109,0,0,0,0,0.000000,0.000000,0.000000,0.000000,0.000000,0.000000,0.000000_0.000000i,0.000000_0.000000i,0,1,0,0.00,10.40,1
1390066109,0,0,0,0,0.000000,0.000000,0.000000,0.000000,0.000000,0.000000,0.000000_0.000000i,0.000000_0.000000i,0,1,0,0.00,10.58,1
1390066110,0,0,0,0,0.000000,0.000000,0.000000,0.000000,0.000000,0.000000,0.000000_0.000000i,0.000000_0.000000i,0,1,0,0.00,10.75,1
1390066110,0,0,0,0,0.000000,0.000000,0.000000,0.000000,0.000000,0.000000,0.000000_0.000000i,0.000000_0.000000i,0,1,0,0.00,10.93,1
1390066110,0,0,0,0,0.000000,0.000000,0.000000,0.000000,0.000000,0.000000,0.000000_0.000000i,0.000000_0.000000i,0,1,0,0.00,11.10,1
1390066110,0,0,0,0,0.000000,0.000000,0.000000,0.000000,0.000000,0.000000,0.000000_0.000000i,0.000000_0.000000i,0,1,0,0.00,11.28,1
1390066111,0,0,0,0,0.000000,0.000000,0.000000,0.000000,0.000000,0.000000,0.000000_0.000000i,0.000000_0.000000i,0,1,0,0.00,11.45,1
1390066111,0,0,0,0,0.000000,0.000000,0.000000,0.000000,0.000000,0.000000,0.000000_0.000000i,0.000000_0.000000i,0,1,0,0.00,11.63,1
1390066111,0,0,0,0,0.000000,0.000000,0.000000,0.000000,0.000000,0.000000,0.000000_0.000000i,0.000000_0.000000i,0,1,0,0.00,11.80,1
1390066111,0,0,0,0,0.000000,0.000000,0.000000,0.000000,0.000000,0.000000,0.000000_0.000000i,0.000000_0.000000i,0,1,0,0.00,11.98,1
1390066112,0,0,0,0,0.000000,0.000000,0.000000,0.000000,0.000000,0.000000,0.000000_0.000000i,0.000000_0.000000i,0,1,0,0.00,12.15,1
1390066112,0,0,0,0,0.000000,0.000000,0.000000,0.000000,0.000000,0.000000,0.000000_0.000000i,0.000000_0.000000i,0,1,0,0.00,12.33,1
1390066112,0,0,0,0,0.000000,0.000000,0.000000,0.000000,0.000000,0.000000,0.000000_0.000000i,0.000000_0.000000i,0,1,0,0.00,12.50,1
1390066112,0,0,0,0,0.000000,0.000000,0.000000,0.000000,0.000000,0.000000,0.000000_0.000000i,0.000000_0.000000i,0,1,0,0.00,12.68,1
1390066113,0,0,0,0,0.000000,0.000000,0.000000,0.000000,0.000000,0.000000,0.000000_0.000000i,0.000000_0.000000i,0,1,0,0.00,12.85,1
1390066113,0,0,0,0,0.000000,0.000000,0.000000,0.000000,0.000000,0.000000,0.000000_0.000000i,0.000000_0.000000i,0,1,0,0.00,13.03,1
1390066113,0,0,0,0,0.000000,0.000000,0.000000,0.000000,0.000000,0.000000,0.000000_0.000000i,0.000000_0.000000i,0,1,0,0.00,13.20,1
1390066113,0,0,0,0,0.000000,0.000000,0.000000,0.000000,0.000000,0.000000,0.000000_0.000000i,0.000000_0.000000i,0,1,0,0.00,13.38,1
1390066114,0,0,0,0,0.000000,0.000000,0.000000,0.000000,0.000000,0.000000,0.000000_0.000000i,0.000000_0.000000i,0,1,0,0.00,13.55,1
1390066114,0,0,0,0,0.000000,0.000000,0.000000,0.000000,0.000000,0.000000,0.000000_0.000000i,0.000000_0.000000i,0,1,0,0.00,13.73,1
1390066114,0,0,0,0,0.000000,0.000000,0.000000,0.000000,0.000000,0.000000,0.000000_0.000000i,0.000000_0.000000i,0,1,0,0.00,13.90,1
1390066114,0,0,0,0,0.000000,0.000000,0.000000,0.000000,0.000000,0.000000,0.000000_0.000000i,0.000000_0.000000i,0,1,0,0.00,14.08,1
1390066115,0,0,0,0,0.000000,0.000000,0.000000,0.000000,0.000000,0.000000,0.000000_0.000000i,0.000000_0.000000i,0,1,0,0.00,14.25,1
1390066115,0,0,0,0,0.000000,0.000000,0.000000,0.000000,0.000000,0.000000,0.000000_0.000000i,0.000000_0.000000i,0,1,0,0.00,14.43,1
1390066115,0,0,0,0,0.000000,0.000000,0.000000,0.000000,0.000000,0.000000,0.000000_0.000000i,0.000000_0.000000i,0,1,0,0.00,14.60,1
1390066115,0,0,0,0,0.000000,0.000000,0.000000,0.000000,0.000000,0.000000,0.000000_0.000000i,0.000000_0.000000i,0,1,0,0.00,14.78,1
1390066116,0,0,0,0,0.000000,0.000000,0.000000,0.000000,0.000000,0.000000,0.000000_0.000000i,0.000000_0.000000i,0,1,0,0.00,14.95,1
1390066116,0,0,0,0,0.000000,0.000000,0.000000,0.000000,0.000000,0.000000,0.000000_0.000000i,0.000000_0.000000i,0,1,0,0.00,15.13,1
1390066116,0,0,0,0,0.000000,0.000000,0.000000,0.000000,0.000000,0.000000,0.000000_0.000000i,0.000000_0.000000i,0,1,0,0.00,15.30,1
1390066116,0,0,0,0,0.000000,0.000000,0.000000,0.000000,0.000000,0.000000,0.000000_0.000000i,0.000000_0.000000i,0,1,0,0.00,15.48,1
1390066117,0,0,0,0,0.000000,0.000000,0.000000,0.000000,0.000000,0.000000,0.000000_0.000000i,0.000000_0.000000i,0,1,0,0.00,15.65,1
1390066117,0,0,0,0,0.000000,0.000000,0.000000,0.000000,0.000000,0.000000,0.000000_0.000000i,0.000000_0.000000i,0,1,0,0.00,15.83,1
1390066117,0,0,0,0,0.000000,0.000000,0.000000,0.000000,0.000000,0.000000,0.000000_0.000000i,0.000000_0.000000i,0,1,0,0.00,16.00,1
1390066117,0,0,0,0,0.000000,0.000000,0.000000,0.000000,0.000000,0.000000,0.000000_0.000000i,0.000000_0.000000i,0,1,0,0.00,16.18,1
1390066118,0,0,0,0,0.000000,0.000000,0.000000,0.000000,0.000000,0.000000,0.000000_0.000000i,0.000000_0.000000i,0,1,0,0.00,16.35,1
1390066118,0,0,0,0,0.000000,0.000000,0.000000,0.000000,0.000000,0.000000,0.000000_0.000000i,0.000000_0.000000i,0,1,0,0.00,16.53,1
1390066118,0,0,0,0,0.000000,0.000000,0.000000,0.000000,0.000000,0.000000,0.000000_0.000000i,0.000000_0.000000i,0,1,0,0.00,16.70,1
1390066118,0,0,0,0,0.000000,0.000000,0.000000,0.000000,0.000000,0.000000,0.000000_0.000000i,0.000000_0.000000i,0,1,0,0.00,16.88,1
1390066119,0,0,0,0,0.000000,0.000000,0.000000,0.000000,0.000000,0.000000,0.000000_0.000000i,0.000000_0.000000i,0,1,0,0.00,17.05,1
1390066119,0,0,0,0,0.000000,0.000000,0.000000,0.000000,0.000000,0.000000,0.000000_0.000000i,0.000000_0.000000i,0,1,0,0.00,17.23,1
1390066119,0,0,0,0,0.000000,0.000000,0.000000,0.000000,0.000000,0.000000,0.000000_0.000000i,0.000000_0.000000i,0,1,0,0.00,17.40,1
1390066119,0,0,0,0,0.000000,0.000000,0.000000,0.000000,0.000000,0.000000,0.000000_0.000000i,0.000000_0.000000i,0,1,0,0.00,17.58,1
1390066120,0,0,0,0,0.000000,0.000000,0.000000,0.000000,0.000000,0.000000,0.000000_0.000000i,0.000000_0.000000i,0,1,0,0.00,17.75,1
1390066120,0,0,0,0,0.000000,0.000000,0.000000,0.000000,0.000000,0.000000,0.000000_0.000000i,0.000000_0.000000i,0,1,0,0.00,17.93,1
1390066120,0,0,0,0,0.000000,0.000000,0.000000,0.000000,0.000000,0.000000,0.000000_0.000000i,0.000000_0.000000i,0,1,0,0.00,18.10,1
1390066120,0,0,0,0,0.000000,0.000000,0.000000,0.000000,0.000000,0.000000,0.000000_0.000000i,0.000000_0.000000i,0,1,0,0.00,18.28,1
1390066121,0,0,0,0,0.000000,0.000000,0.000000,0.000000,0.000000,0.000000,0.000000_0.000000i,0.000000_0.000000i,0,1,0,0.00,18.45,1
1390066121,0,0,0,0,0.000000,0.000000,0.000000,0.000000,0.000000,0.000000,0.000000_0.000000i,0.000000_0.000000i,0,1,0,0.00,18.63,1
1390066121,0,0,0,0,0.000000,0.000000,0.000000,0.000000,0.000000,0.000000,0.000000_0.000000i,0.000000_0.000000i,0,1,0,0.00,18.80,1
1390066121,0,0,0,0,0.000000,0.000000,0.000000,0.000000,0.000000,0.000000,0.000000_0.000000i,0.000000_0.000000i,0,1,0,0.00,18.98,1
1390066122,0,0,0,0,0.000000,0.000000,0.000000,0.000000,0.000000,0.000000,0.000000_0.000000i,0.000000_0.000000i,0,1,0,0.00,19.15,1
1390066122,0,0,0,0,0.000000,0.000000,0.000000,0.000000,0.000000,0.000000,0.000000_0.000000i,0.000000_0.000000i,0,1,0,0.00,19.33,1
1390066122,0,0,0,0,0.000000,0.000000,0.000000,0.000000,0.000000,0.000000,0.000000_0.000000i,0.000000_0.000000i,0,1,0,0.00,19.50,1
1390066122,0,0,0,0,0.000000,0.000000,0.000000,0.000000,0.000000,0.000000,0.000000_0.000000i,0.000000_0.000000i,0,1,0,0.00,19.68,1
1390066123,0,0,0,0,0.000000,0.000000,0.000000,0.000000,0.000000,0.000000,0.000000_0.000000i,0.000000_0.000000i,0,1,0,0.00,19.85,1
1390066123,0,0,0,0,0.000000,0.000000,0.000000,0.000000,0.000000,0.000000,0.000000_0.000000i,0.000000_0.000000i,0,1,0,0.00,20.02,1
1390066123,0,0,0,0,0.000000,0.000000,0.000000,0.000000,0.000000,0.000000,0.000000_0.000000i,0.000000_0.000000i,0,1,0,0.00,20.20,1
1390066123,0,0,0,0,0.000000,0.000000,0.000000,0.000000,0.000000,0.000000,0.000000_0.000000i,0.000000_0.000000i,0,1,0,0.00,20.37,1
1390066124,0,0,0,0,0.000000,0.000000,0.000000,0.000000,0.000000,0.000000,0.000000_0.000000i,0.000000_0.000000i,0,1,0,0.00,20.55,1
1390066124,0,0,0,0,0.000000,0.000000,0.000000,0.000000,0.000000,0.000000,0.000000_0.000000i,0.000000_0.000000i,0,1,0,0.00,20.72,1
