MCU_timestamp,sig1,sig2,sig3,fa_debug,theta_d1,theta_d,theta_d1_b,theta_b,a_x,b_x,X_b,X_T_b,sail_hc_periods,sail_hc_direction,sail_hc_val,sail_hc_MEAN_V
1386957010,1,2,2,7353,-2.094395,0.000000,-2.094395,-90.050133,0.103249,-50.265804,-627650.375000_-6078982.000000i,-627650.375000_-6078982.000000i,0,1,0,0.00
1386957010,2,2,2,7353,-2.094395,0.000000,-2.094395,-89.887230,0.103249,-50.265804,-627650.375000_-6078982.000000i,-627650.375000_-6078982.000000i,0,1,0,0.00
1386957010,2,2,2,7353,-2.094395,0.000000,-2.094395,-89.724327,0.103249,-50.265804,-627650.375000_-6078982.000000i,-627650.375000_-6078982.000000i,0,1,0,0.00
1386957011,2,2,2,7353,-2.094395,0.000000,-2.094395,-89.561432,0.103249,-50.265804,-627650.375000_-6078982.000000i,-627650.375000_-6078982.000000i,0,1,0,0.00
1386957011,2,2,2,7353,-2.094395,0.000000,-2.094395,-89.417152,0.103249,-50.265804,-627650.375000_-6078982.000000i,-627650.375000_-6078982.000000i,0,1,0,0.00
1386957011,2,2,2,7353,-2.094395,0.000000,-2.094395,-89.310104,0.103249,-50.265804,-627650.375000_-6078982.000000i,-627650.375000_-6078982.000000i,0,1,0,0.00
1386957011,2,2,2,7353,-2.094395,0.000000,-2.094395,-89.230980,0.103249,-50.265804,-627650.375000_-6078982.000000i,-627650.375000_-6078982.000000i,0,1,0,0.00
1386957012,2,2,2,7353,-2.094395,0.000000,-2.094395,-89.170479,0.103249,-50.265804,-627650.375000_-6078982.000000i,-627650.375000_-6078982.000000i,0,1,0,0.00
1386957012,2,2,2,7353,-2.094395,0.000000,-2.094395,-89.128593,0.103249,-50.265804,-627650.375000_-6078982.000000i,-627650.375000_-6078982.000000i,0,1,0,0.00
1386957012,2,2,2,7353,-2.094395,0.000000,-2.094395,-89.096008,0.103249,-50.265804,-627650.375000_-6078982.000000i,-627650.375000_-6078982.000000i,0,1,0,0.00
1386957012,2,2,2,7353,-2.094395,0.000000,-2.094395,-89.072739,0.103249,-50.265804,-627650.375000_-6078982.000000i,-627650.375000_-6078982.000000i,0,1,0,0.00
1386957013,2,2,2,7353,-2.094395,0.000000,-2.094395,-89.058777,0.103249,-50.265804,-627650.375000_-6078982.000000i,-627650.375000_-6078982.000000i,0,1,0,0.00
1386957013,2,2,2,7353,-2.094395,0.000000,-2.094395,-89.044815,0.103249,-50.265804,-627650.375000_-6078982.000000i,-627650.375000_-6078982.000000i,0,1,0,0.00
1386957013,2,2,2,7353,-2.094395,0.000000,-2.094395,-89.035515,0.103249,-50.265804,-627650.375000_-6078982.000000i,-627650.375000_-6078982.000000i,0,1,0,0.00
