MCU_timestamp,sig1,sig2,sig3,fa_debug,theta_d1,theta_d,theta_d1_b,theta_b,a_x,b_x,X_b,X_T_b,sail_hc_periods,sail_hc_direction,sail_hc_val,sail_hc_MEAN_V
1386836118,0,0,0,0,0.000000,0.000000,0.000000,0.000000,0.000000,0.000000,0.000000_0.000000i,0.000000_0.000000i,0,1,0,0.00
1386836118,0,0,0,0,0.000000,0.000000,0.000000,0.000000,0.000000,0.000000,0.000000_0.000000i,0.000000_0.000000i,0,1,0,0.00
1386836119,0,0,0,0,0.000000,0.000000,0.000000,0.000000,0.000000,0.000000,0.000000_0.000000i,0.000000_0.000000i,0,1,0,0.00
1386836119,0,0,0,0,0.000000,0.000000,0.000000,0.000000,0.000000,0.000000,0.000000_0.000000i,0.000000_0.000000i,0,1,0,0.00
1386836119,0,0,0,0,0.000000,0.000000,0.000000,0.000000,0.000000,0.000000,0.000000_0.000000i,0.000000_0.000000i,0,1,0,0.00
1386836119,0,0,0,0,0.000000,0.000000,0.000000,0.000000,0.000000,0.000000,0.000000_0.000000i,0.000000_0.000000i,0,1,0,0.00
1386836120,0,0,0,0,0.000000,0.000000,0.000000,0.000000,0.000000,0.000000,0.000000_0.000000i,0.000000_0.000000i,0,1,0,0.00
1386836120,0,0,0,0,0.000000,0.000000,0.000000,0.000000,0.000000,0.000000,0.000000_0.000000i,0.000000_0.000000i,0,1,0,0.00
1386836120,0,0,0,0,0.000000,0.000000,0.000000,0.000000,0.000000,0.000000,0.000000_0.000000i,0.000000_0.000000i,0,1,0,0.00
1386836120,0,0,0,0,0.000000,0.000000,0.000000,0.000000,0.000000,0.000000,0.000000_0.000000i,0.000000_0.000000i,0,1,0,0.00
1386836121,0,0,0,0,0.000000,0.000000,0.000000,0.000000,0.000000,0.000000,0.000000_0.000000i,0.000000_0.000000i,0,1,0,0.00
1386836121,0,0,0,0,0.000000,0.000000,0.000000,0.000000,0.000000,0.000000,0.000000_0.000000i,0.000000_0.000000i,0,1,0,0.00
1386836121,0,0,0,0,0.000000,0.000000,0.000000,0.000000,0.000000,0.000000,0.000000_0.000000i,0.000000_0.000000i,0,1,0,0.00
1386836121,0,0,0,0,0.000000,0.000000,0.000000,0.000000,0.000000,0.000000,0.000000_0.000000i,0.000000_0.000000i,0,1,0,0.00
1386836122,0,0,0,0,0.000000,0.000000,0.000000,0.000000,0.000000,0.000000,0.000000_0.000000i,0.000000_0.000000i,0,1,0,0.00
1386836122,0,0,0,0,0.000000,0.000000,0.000000,0.000000,0.000000,0.000000,0.000000_0.000000i,0.000000_0.000000i,0,1,0,0.00
1386836122,0,0,0,0,0.000000,0.000000,0.000000,0.000000,0.000000,0.000000,0.000000_0.000000i,0.000000_0.000000i,0,1,0,0.00
1386836122,0,0,0,0,0.000000,0.000000,0.000000,0.000000,0.000000,0.000000,0.000000_0.000000i,0.000000_0.000000i,0,1,0,0.00
1386836123,0,0,0,0,0.000000,0.000000,0.000000,0.000000,0.000000,0.000000,0.000000_0.000000i,0.000000_0.000000i,0,1,0,0.00
1386836123,0,0,0,0,0.000000,0.000000,0.000000,0.000000,0.000000,0.000000,0.000000_0.000000i,0.000000_0.000000i,0,1,0,0.00
1386836123,0,0,0,0,0.000000,0.000000,0.000000,0.000000,0.000000,0.000000,0.000000_0.000000i,0.000000_0.000000i,0,1,0,0.00
1386836123,0,0,0,0,0.000000,0.000000,0.000000,0.000000,0.000000,0.000000,0.000000_0.000000i,0.000000_0.000000i,0,1,0,0.00
1386836124,0,0,0,0,-6.910552,0.000000,-1.047198,20.458519,-0.135261,-50.455315,170.495621_-275.435577i,43.420303_-321.011200i,0,1,0,0.00
1386836124,0,0,0,0,-6.910552,0.000000,-1.047198,20.295624,-0.135261,-50.446522,170.495621_-275.435577i,43.420303_-321.011200i,0,1,0,0.00
1386836124,0,0,0,0,-6.910552,0.000000,-1.047198,20.132725,-0.135261,-50.428127,170.495621_-275.435577i,43.420303_-321.011200i,0,1,0,0.00
1386836124,0,0,0,0,-6.910552,0.000000,-1.047198,19.969830,-0.135261,-50.405224,170.495621_-275.435577i,43.420303_-321.011200i,0,1,0,0.00
1386836125,0,0,0,0,-6.910552,0.000000,-1.047198,19.806931,-0.135261,-50.382385,170.495621_-275.435577i,43.420303_-321.011200i,0,1,0,0.00
1386836125,0,0,0,0,-6.910552,0.000000,-1.047198,19.644035,-0.135261,-50.350754,170.495621_-275.435577i,43.420303_-321.011200i,0,1,0,0.00
1386836125,0,0,0,0,-6.910552,0.000000,-1.047198,19.481136,-0.135261,-50.320835,170.495621_-275.435577i,43.420303_-321.011200i,0,1,0,0.00
1386836125,0,0,0,0,-6.910552,0.000000,-1.047198,19.318241,-0.135261,-50.291592,170.495621_-275.435577i,43.420303_-321.011200i,0,1,0,0.00
1386836126,0,0,0,0,-6.910552,0.000000,-1.047198,19.155344,-0.135261,-50.260567,170.495621_-275.435577i,43.420303_-321.011200i,0,1,0,0.00
1386836126,0,0,0,0,-6.910552,0.000000,-1.047198,18.992447,-0.135261,-50.232075,170.495621_-275.435577i,43.420303_-321.011200i,0,1,0,0.00
1386836126,0,0,0,0,-6.910552,0.000000,-1.047198,18.829550,-0.135261,-50.203781,170.495621_-275.435577i,43.420303_-321.011200i,0,1,0,0.00
1386836126,0,0,0,0,-6.910552,0.000000,-1.047198,18.666653,-0.135261,-50.175964,170.495621_-275.435577i,43.420303_-321.011200i,0,1,0,0.00
1386836127,0,0,0,0,-6.910552,0.000000,-1.047198,18.503756,-0.135261,-50.154289,170.495621_-275.435577i,43.420303_-321.011200i,0,1,0,0.00
1386836127,0,0,0,0,-6.910552,0.000000,-1.047198,18.340858,-0.135261,-50.136765,170.495621_-275.435577i,43.420303_-321.011200i,0,1,0,0.00
1386836127,0,0,0,0,-6.910552,0.000000,-1.047198,18.196579,-0.135261,-50.122280,170.495621_-275.435577i,43.420303_-321.011200i,0,1,0,0.00
1386836127,0,0,0,0,-6.910552,0.000000,-1.047198,18.089531,-0.135261,-50.107040,170.495621_-275.435577i,43.420303_-321.011200i,0,1,0,0.00
1386836128,0,0,0,0,-6.910552,0.000000,-1.047198,18.015064,-0.135261,-50.095062,170.495621_-275.435577i,43.420303_-321.011200i,0,1,0,0.00
1386836128,0,0,0,0,-6.910552,0.000000,-1.047198,17.959213,-0.135261,-50.083694,170.495621_-275.435577i,43.420303_-321.011200i,0,1,0,0.00
1386836128,0,0,0,0,-6.910552,0.000000,-1.047198,17.917324,-0.135261,-50.073402,170.495621_-275.435577i,43.420303_-321.011200i,0,1,0,0.00
1386836128,0,0,0,0,-6.910552,0.000000,-1.047198,17.884747,-0.135261,-50.064129,170.495621_-275.435577i,43.420303_-321.011200i,0,1,0,0.00
1386836129,0,0,0,0,-6.910552,0.000000,-1.047198,17.861473,-0.135261,-50.056812,170.495621_-275.435577i,43.420303_-321.011200i,0,1,0,0.00
1386836129,0,0,0,0,-6.910552,0.000000,-1.047198,17.847511,-0.135261,-50.048920,170.495621_-275.435577i,43.420303_-321.011200i,0,1,0,0.00
1386836129,0,0,0,0,-6.910552,0.000000,-1.047198,17.833549,-0.135261,-50.042774,170.495621_-275.435577i,43.420303_-321.011200i,0,1,0,0.00
1386836129,0,0,0,0,-6.910552,0.000000,-1.047198,17.824242,-0.135261,-50.036972,170.495621_-275.435577i,43.420303_-321.011200i,0,1,0,0.00
1386836130,0,0,0,0,-6.910552,0.000000,-1.047198,17.819588,-0.135261,-50.031536,170.495621_-275.435577i,43.420303_-321.011200i,0,1,0,0.00
1386836130,0,0,0,0,-6.910552,0.000000,-1.047198,17.814934,-0.135261,-50.026474,170.495621_-275.435577i,43.420303_-321.011200i,0,1,0,0.00
1386836130,0,0,0,0,-6.910552,0.000000,-1.047198,17.810280,-0.135261,-50.021801,170.495621_-275.435577i,43.420303_-321.011200i,0,1,0,0.00
1386836130,0,0,0,0,-6.910552,0.000000,-1.047198,17.810280,-0.135261,-50.017773,170.495621_-275.435577i,43.420303_-321.011200i,0,1,0,0.00
1386836131,0,0,0,0,-6.910552,0.000000,-1.047198,17.810280,-0.135261,-50.013210,170.495621_-275.435577i,43.420303_-321.011200i,0,1,0,0.00
1386836131,0,0,0,0,-6.910552,0.000000,-1.047198,17.810280,-0.135261,-50.010048,170.495621_-275.435577i,43.420303_-321.011200i,0,1,0,0.00
1386836131,0,0,0,0,-6.910552,0.000000,-1.047198,17.810280,-0.135261,-50.006645,170.495621_-275.435577i,43.420303_-321.011200i,0,1,0,0.00
1386836131,0,0,0,0,-6.910552,0.000000,-1.047198,17.810280,-0.135261,-50.004295,170.495621_-275.435577i,43.420303_-321.011200i,0,1,0,0.00
1386836132,0,0,0,0,-6.910552,0.000000,-1.047198,17.810280,-0.135261,-50.002529,170.495621_-275.435577i,43.420303_-321.011200i,0,1,0,0.00
1386836132,0,0,0,0,-6.910552,0.000000,-1.047198,17.810280,-0.135261,-50.000961,170.495621_-275.435577i,43.420303_-321.011200i,0,1,0,0.00
1386836132,0,0,0,0,-6.910552,0.000000,-1.047198,17.810280,-0.135261,-50.000237,170.495621_-275.435577i,43.420303_-321.011200i,0,1,0,0.00
1386836132,0,0,0,0,-6.910552,0.000000,-1.047198,17.810280,-0.135261,-50.000019,170.495621_-275.435577i,43.420303_-321.011200i,0,1,0,0.00
1386836133,0,0,0,0,-6.910552,0.000000,-1.047198,17.810280,-0.135261,-50.000450,170.495621_-275.435577i,43.420303_-321.011200i,0,1,0,0.00
1386836133,0,0,0,0,-6.910552,0.000000,-1.047198,17.810280,-0.135261,-50.001404,170.495621_-275.435577i,43.420303_-321.011200i,0,1,0,0.00
1386836133,0,0,0,0,-6.910552,0.000000,-1.047198,17.810280,-0.135261,-50.003338,170.495621_-275.435577i,43.420303_-321.011200i,0,1,0,0.00
1386836133,0,0,0,0,-6.910552,0.000000,-1.047198,17.810280,-0.135261,-50.005535,170.495621_-275.435577i,43.420303_-321.011200i,0,1,0,0.00
1386836134,0,0,0,0,-6.910552,0.000000,-1.047198,17.810280,-0.135261,-50.009045,170.495621_-275.435577i,43.420303_-321.011200i,0,1,0,0.00
1386836134,0,0,0,0,-6.910552,0.000000,-1.047198,17.810280,-0.135261,-50.012802,170.495621_-275.435577i,43.420303_-321.011200i,0,1,0,0.00
1386836134,0,0,0,0,-6.910552,0.000000,-1.047198,17.810280,-0.135261,-50.017010,170.495621_-275.435577i,43.420303_-321.011200i,0,1,0,0.00
1386836134,0,0,0,0,-6.910552,0.000000,-1.047198,17.810280,-0.135261,-50.023037,170.495621_-275.435577i,43.420303_-321.011200i,0,1,0,0.00
1386836135,0,0,0,0,-6.910552,0.000000,-1.047198,17.810280,-0.135261,-50.028732,170.495621_-275.435577i,43.420303_-321.011200i,0,1,0,0.00
1386836135,0,0,0,0,-6.910552,0.000000,-1.047198,17.810280,-0.135261,-50.036606,170.495621_-275.435577i,43.420303_-321.011200i,0,1,0,0.00
1386836135,0,0,0,0,-6.910552,0.000000,-1.047198,17.810280,-0.135261,-50.044331,170.495621_-275.435577i,43.420303_-321.011200i,0,1,0,0.00
1386836135,0,0,0,0,-6.910552,0.000000,-1.047198,17.810280,-0.135261,-50.052910,170.495621_-275.435577i,43.420303_-321.011200i,0,1,0,0.00
1386836136,0,0,0,0,-6.910552,0.000000,-1.047198,17.810280,-0.135261,-50.062374,170.495621_-275.435577i,43.420303_-321.011200i,0,1,0,0.00
1386836136,0,0,0,0,-6.910552,0.000000,-1.047198,17.810280,-0.135261,-50.072197,170.495621_-275.435577i,43.420303_-321.011200i,0,1,0,0.00
1386836136,0,0,0,0,-6.910552,0.000000,-1.047198,17.810280,-0.135261,-50.085110,170.495621_-275.435577i,43.420303_-321.011200i,0,1,0,0.00
1386836136,0,0,0,0,-6.910552,0.000000,-1.047198,17.810280,-0.135261,-50.097504,170.495621_-275.435577i,43.420303_-321.011200i,0,1,0,0.00
1386836137,0,0,0,0,-6.910552,0.000000,-1.047198,17.810280,-0.135261,-50.112770,170.495621_-275.435577i,43.420303_-321.011200i,0,1,0,0.00
1386836137,0,0,0,0,-6.910552,0.000000,-1.047198,17.810280,-0.135261,-50.127369,170.495621_-275.435577i,43.420303_-321.011200i,0,1,0,0.00
1386836137,0,0,0,0,-6.910552,0.000000,-1.047198,17.810280,-0.135261,-50.142242,170.495621_-275.435577i,43.420303_-321.011200i,0,1,0,0.00
1386836137,0,0,0,0,-6.910552,0.000000,-1.047198,17.810280,-0.135261,-50.161209,170.495621_-275.435577i,43.420303_-321.011200i,0,1,0,0.00
1386836138,0,0,0,0,-6.910552,0.000000,-1.047198,17.810280,-0.135261,-50.178360,170.495621_-275.435577i,43.420303_-321.011200i,0,1,0,0.00
1386836138,0,0,0,0,-6.910552,0.000000,-1.047198,17.810280,-0.135261,-50.200016,170.495621_-275.435577i,43.420303_-321.011200i,0,1,0,0.00
1386836138,0,0,0,0,-6.910552,0.000000,-1.047198,17.810280,-0.135261,-50.220676,170.495621_-275.435577i,43.420303_-321.011200i,0,1,0,0.00
1386836138,0,0,0,0,-6.910552,0.000000,-1.047198,17.810280,-0.135261,-50.241539,170.495621_-275.435577i,43.420303_-321.011200i,0,1,0,0.00
1386836139,0,0,0,0,-6.910552,0.000000,-1.047198,17.810280,-0.135261,-50.267540,170.495621_-275.435577i,43.420303_-321.011200i,0,1,0,0.00
1386836139,0,0,0,0,-6.910552,0.000000,-1.047198,17.810280,-0.135261,-50.291119,170.495621_-275.435577i,43.420303_-321.011200i,0,1,0,0.00
1386836139,0,0,0,0,-6.910552,0.000000,-1.047198,17.810280,-0.135261,-50.320274,170.495621_-275.435577i,43.420303_-321.011200i,0,1,0,0.00
1386836139,0,0,0,0,-6.910552,0.000000,-1.047198,17.810280,-0.135261,-50.348164,170.495621_-275.435577i,43.420303_-321.011200i,0,1,0,0.00
1386836140,0,0,0,0,-6.910552,0.000000,-1.047198,17.810280,-0.135261,-50.376179,170.495621_-275.435577i,43.420303_-321.011200i,0,1,0,0.00
1386836140,0,0,0,0,-6.910552,0.000000,-1.047198,17.810280,-0.135261,-50.410442,170.495621_-275.435577i,43.420303_-321.011200i,0,1,0,0.00
1386836140,0,0,0,0,-6.910552,0.000000,-1.047198,17.810280,-0.135261,-50.441704,170.495621_-275.435577i,43.420303_-321.011200i,0,1,0,0.00
1386836140,0,0,0,0,-6.910552,0.000000,-1.047198,17.810280,-0.135261,-50.479668,170.495621_-275.435577i,43.420303_-321.011200i,0,1,0,0.00
1386836141,0,0,0,0,-6.910552,0.000000,-1.047198,17.810280,-0.135261,-50.516182,170.495621_-275.435577i,43.420303_-321.011200i,0,1,0,0.00
1386836141,0,0,0,0,-6.910552,0.000000,-1.047198,17.810280,-0.135261,-50.552750,170.495621_-275.435577i,43.420303_-321.011200i,0,1,0,0.00
1386836141,0,0,0,0,-6.910552,0.000000,-1.047198,17.810280,-0.135261,-50.593075,170.495621_-275.435577i,43.420303_-321.011200i,0,1,0,0.00
1386836141,0,0,0,0,-6.910552,0.000000,-1.047198,17.810280,-0.135261,-50.633438,170.495621_-275.435577i,43.420303_-321.011200i,0,1,0,0.00
1386836142,0,0,0,0,-6.910552,0.000000,-1.047198,17.810280,-0.135261,-50.681694,170.495621_-275.435577i,43.420303_-321.011200i,0,1,0,0.00
1386836142,0,0,0,0,-6.910552,0.000000,-1.047198,17.810280,-0.135261,-50.728424,170.495621_-275.435577i,43.420303_-321.011200i,0,1,0,0.00
1386836142,0,0,0,0,-6.910552,0.000000,-1.047198,17.810280,-0.135261,-50.779125,170.495621_-275.435577i,43.420303_-321.011200i,0,1,0,0.00
1386836143,0,0,0,0,-6.910552,0.000000,-1.047198,17.810280,-0.135261,-50.830521,170.495621_-275.435577i,43.420303_-321.011200i,0,1,0,0.00
1386836143,0,0,0,0,-6.910552,0.000000,-1.047198,17.810280,-0.135261,-50.881897,170.495621_-275.435577i,43.420303_-321.011200i,0,1,0,0.00
1386836143,0,0,0,0,-6.910552,0.000000,-1.047198,17.810280,-0.135261,-50.942394,170.495621_-275.435577i,43.420303_-321.011200i,0,1,0,0.00
1386836143,0,0,0,0,-6.910552,0.000000,-1.047198,17.810280,-0.135261,-51.001457,170.495621_-275.435577i,43.420303_-321.011200i,0,1,0,0.00
1386836144,0,0,0,0,-6.910552,0.000000,-1.047198,17.810280,-0.135261,-51.067547,170.495621_-275.435577i,43.420303_-321.011200i,0,1,0,0.00
1386836144,0,0,0,0,-6.910552,0.000000,-1.047198,17.810280,-0.135261,-51.132301,170.495621_-275.435577i,43.420303_-321.011200i,0,1,0,0.00
1386836144,0,0,0,0,-6.910552,0.000000,-1.047198,17.810280,-0.135261,-51.196991,170.495621_-275.435577i,43.420303_-321.011200i,0,1,0,0.00
1386836144,0,0,0,0,-6.910552,0.000000,-1.047198,17.810280,-0.135261,-51.272068,170.495621_-275.435577i,43.420303_-321.011200i,0,1,0,0.00
1386836145,0,0,0,0,-6.910552,0.000000,-1.047198,17.810280,-0.135261,-51.342739,170.495621_-275.435577i,43.420303_-321.011200i,0,1,0,0.00
1386836145,0,0,0,0,-6.910552,0.000000,-1.047198,17.810280,-0.135261,-51.424297,170.495621_-275.435577i,43.420303_-321.011200i,0,1,0,0.00
1386836145,0,0,0,0,-6.910552,0.000000,-1.047198,17.810280,-0.135261,-51.504940,170.495621_-275.435577i,43.420303_-321.011200i,0,1,0,0.00
1386836145,0,0,0,0,-6.910552,0.000000,-1.047198,17.810280,-0.135261,-51.585503,170.495621_-275.435577i,43.420303_-321.011200i,0,1,0,0.00
1386836146,0,0,0,0,-6.910552,0.000000,-1.047198,17.810280,-0.135261,-51.677711,170.495621_-275.435577i,43.420303_-321.011200i,0,1,0,0.00
1386836146,0,0,0,0,-6.910552,0.000000,-1.047198,17.810280,-0.135261,-51.765457,170.495621_-275.435577i,43.420303_-321.011200i,0,1,0,0.00
1386836146,0,0,0,0,-6.910552,0.000000,-1.047198,17.810280,-0.135261,-51.865337,170.495621_-275.435577i,43.420303_-321.011200i,0,1,0,0.00
1386836146,0,0,0,0,-6.910552,0.000000,-1.047198,17.810280,-0.135261,-51.965050,170.495621_-275.435577i,43.420303_-321.011200i,0,1,0,0.00
1386836147,0,0,0,0,-6.910552,0.000000,-1.047198,17.810280,-0.135261,-52.064705,170.495621_-275.435577i,43.420303_-321.011200i,0,1,0,0.00
1386836147,0,0,0,0,-6.910552,0.000000,-1.047198,17.810280,-0.135261,-52.173107,170.495621_-275.435577i,43.420303_-321.011200i,0,1,0,0.00
1386836147,0,0,0,0,-6.910552,0.000000,-1.047198,17.810280,-0.135261,-52.281483,170.495621_-275.435577i,43.420303_-321.011200i,0,1,0,0.00
1386836147,0,0,0,0,-6.910552,0.000000,-1.047198,17.810280,-0.135261,-52.403225,170.495621_-275.435577i,43.420303_-321.011200i,0,1,0,0.00
1386836148,0,0,0,0,-6.910552,0.000000,-1.047198,17.810280,-0.135261,-52.525993,170.495621_-275.435577i,43.420303_-321.011200i,0,1,0,0.00
1386836148,0,0,0,0,-6.910552,0.000000,-1.047198,17.810280,-0.135261,-52.652458,170.495621_-275.435577i,43.420303_-321.011200i,0,1,0,0.00
1386836148,0,0,0,0,-6.910552,0.000000,-1.047198,17.810280,-0.135261,-52.785633,170.495621_-275.435577i,43.420303_-321.011200i,0,1,0,0.00
1386836148,0,0,0,0,-6.910552,0.000000,-1.047198,17.810280,-0.135261,-52.918865,170.495621_-275.435577i,43.420303_-321.011200i,0,1,0,0.00
1386836149,0,0,0,0,-6.910552,0.000000,-1.047198,17.810280,-0.135261,-53.066589,170.495621_-275.435577i,43.420303_-321.011200i,0,1,0,0.00
1386836149,0,0,0,0,-6.910552,0.000000,-1.047198,17.810280,-0.135261,-53.217098,170.495621_-275.435577i,43.420303_-321.011200i,0,1,0,0.00
1386836149,0,0,0,0,-6.910552,0.000000,-1.047198,17.810280,-0.135261,-53.370461,170.495621_-275.435577i,43.420303_-321.011200i,0,1,0,0.00
1386836149,0,0,0,0,-6.910552,0.000000,-1.047198,17.810280,-0.135261,-53.533524,170.495621_-275.435577i,43.420303_-321.011200i,0,1,0,0.00
1386836150,0,0,0,0,-6.910552,0.000000,-1.047198,17.810280,-0.135261,-53.696823,170.495621_-275.435577i,43.420303_-321.011200i,0,1,0,0.00
1386836150,0,0,0,0,-6.910552,0.000000,-1.047198,17.810280,-0.135261,-53.875553,170.495621_-275.435577i,43.420303_-321.011200i,0,1,0,0.00
1386836150,0,0,0,0,-6.910552,0.000000,-1.047198,17.810280,-0.135261,-54.059593,170.495621_-275.435577i,43.420303_-321.011200i,0,1,0,0.00
1386836150,0,0,0,0,-6.910552,0.000000,-1.047198,17.810280,-0.135261,-54.252487,170.495621_-275.435577i,43.420303_-321.011200i,0,1,0,0.00
1386836151,0,0,0,0,-6.910552,0.000000,-1.047198,17.810280,-0.135261,-54.451969,170.495621_-275.435577i,43.420303_-321.011200i,0,1,0,0.00
1386836151,0,0,0,0,-6.910552,0.000000,-1.047198,17.810280,-0.135261,-54.651974,170.495621_-275.435577i,43.420303_-321.011200i,0,1,0,0.00
1386836151,0,0,0,0,-6.910552,0.000000,-1.047198,17.810280,-0.135261,-54.868088,170.495621_-275.435577i,43.420303_-321.011200i,0,1,0,0.00
1386836151,0,0,0,0,-6.910552,0.000000,-1.047198,17.810280,-0.135261,-55.084641,170.495621_-275.435577i,43.420303_-321.011200i,0,1,0,0.00
1386836152,0,0,0,0,-6.910552,0.000000,-1.047198,17.810280,-0.135261,-55.317451,170.495621_-275.435577i,43.420303_-321.011200i,0,1,0,0.00
1386836152,0,0,0,0,-6.910552,0.000000,-1.047198,17.810280,-0.135261,-55.560856,170.495621_-275.435577i,43.420303_-321.011200i,0,1,0,0.00
1386836152,0,0,0,0,-6.910552,0.000000,-1.047198,17.810280,-0.135261,-55.805218,170.495621_-275.435577i,43.420303_-321.011200i,0,1,0,0.00
1386836152,0,0,0,0,-6.910552,0.000000,-1.047198,17.810280,-0.135261,-56.069256,170.495621_-275.435577i,43.420303_-321.011200i,0,1,0,0.00
1386836153,0,0,0,0,-6.910552,0.000000,-1.047198,17.810280,-0.135261,-56.334507,170.495621_-275.435577i,43.420303_-321.011200i,0,1,0,0.00
1386836153,0,0,0,0,-6.910552,0.000000,-1.047198,17.810280,-0.135261,-56.616127,170.495621_-275.435577i,43.420303_-321.011200i,0,1,0,0.00
1386836153,0,0,0,0,-6.910552,0.000000,-1.047198,17.810280,-0.135261,-56.913883,170.495621_-275.435577i,43.420303_-321.011200i,0,1,0,0.00
1386836153,0,0,0,0,-6.910552,0.000000,-1.047198,17.810280,-0.135261,-57.206619,170.495621_-275.435577i,43.420303_-321.011200i,0,1,0,0.00
1386836154,0,0,0,0,-6.910552,0.000000,-1.047198,17.810280,-0.135261,-57.528770,170.495621_-275.435577i,43.420303_-321.011200i,0,1,0,0.00
1386836154,1,2,2,7353,-7.961268,0.000000,-2.097914,17.810280,-0.135261,-57.852905,170.495621_-275.435577i,43.420303_-321.011200i,0,1,0,0.00
1386836154,2,2,2,7353,-7.961268,0.000000,-2.097914,17.810280,-0.135261,-57.852905,170.495621_-275.435577i,43.420303_-321.011200i,0,1,0,0.00
1386836154,2,2,2,7353,-7.961268,0.000000,-2.097914,17.810280,-0.135261,-57.852905,170.495621_-275.435577i,43.420303_-321.011200i,0,1,0,0.00
1386836155,2,2,2,7353,-7.961268,0.000000,-2.097914,17.810280,-0.135261,-57.852905,170.495621_-275.435577i,43.420303_-321.011200i,0,1,0,0.00
1386836155,2,2,2,7353,-7.961268,0.000000,-2.097914,17.810280,-0.135261,-57.852905,170.495621_-275.435577i,43.420303_-321.011200i,0,1,0,0.00
1386836155,2,2,2,7353,-7.961268,0.000000,-2.097914,17.810280,-0.135261,-57.852905,170.495621_-275.435577i,43.420303_-321.011200i,0,1,0,0.00
1386836155,2,2,2,7353,-7.961268,0.000000,-2.097914,17.810280,-0.135261,-57.852905,170.495621_-275.435577i,43.420303_-321.011200i,0,1,0,0.00
1386836156,2,2,2,7353,-7.961268,0.000000,-2.097914,17.810280,-0.135261,-57.852905,170.495621_-275.435577i,43.420303_-321.011200i,0,1,0,0.00
1386836156,2,2,2,7353,-7.961268,0.000000,-2.097914,17.810280,-0.135261,-57.852905,170.495621_-275.435577i,43.420303_-321.011200i,0,1,0,0.00
1386836156,2,2,2,7353,-7.961268,0.000000,-2.097914,17.810280,-0.135261,-57.852905,170.495621_-275.435577i,43.420303_-321.011200i,0,1,0,0.00
1386836156,2,2,2,7353,-7.961268,0.000000,-2.097914,17.810280,-0.135261,-57.852905,170.495621_-275.435577i,43.420303_-321.011200i,0,1,0,0.00
1386836157,2,2,2,7353,-7.961268,0.000000,-2.097914,17.810280,-0.135261,-57.852905,170.495621_-275.435577i,43.420303_-321.011200i,0,1,0,0.00
1386836157,2,2,2,7353,-7.961268,0.000000,-2.097914,17.810280,-0.135261,-57.852905,170.495621_-275.435577i,43.420303_-321.011200i,0,1,0,0.00
1386836157,2,2,2,7353,-7.961268,0.000000,-2.097914,17.810280,-0.135261,-57.852905,170.495621_-275.435577i,43.420303_-321.011200i,0,1,0,0.00
1386836157,2,2,2,7353,-7.961268,0.000000,-2.097914,17.810280,-0.135261,-57.852905,170.495621_-275.435577i,43.420303_-321.011200i,0,1,0,0.00
1386836158,2,2,2,7353,-7.961268,0.000000,-2.097914,17.810280,-0.135261,-57.852905,170.495621_-275.435577i,43.420303_-321.011200i,0,1,0,0.00
1386836158,2,2,2,7353,-7.961268,0.000000,-2.097914,17.810280,-0.135261,-57.852905,170.495621_-275.435577i,43.420303_-321.011200i,0,1,0,0.00
1386836158,2,2,2,7353,-7.961268,0.000000,-2.097914,17.810280,-0.135261,-57.852905,170.495621_-275.435577i,43.420303_-321.011200i,0,1,0,0.00
1386836158,2,2,2,7353,-7.961268,0.000000,-2.097914,17.810280,-0.135261,-57.852905,170.495621_-275.435577i,43.420303_-321.011200i,0,1,0,0.00
1386836159,2,2,2,7353,-7.961268,0.000000,-2.097914,17.973175,-0.135261,-57.852905,170.495621_-275.435577i,43.420303_-321.011200i,0,1,0,0.00
1386836159,2,2,2,7353,-7.961268,0.000000,-2.097914,18.136074,-0.135261,-57.852905,170.495621_-275.435577i,43.420303_-321.011200i,0,1,0,0.00
1386836159,2,2,2,7353,-7.961268,0.000000,-2.097914,17.973175,-0.135261,-57.852905,170.495621_-275.435577i,43.420303_-321.011200i,0,1,0,0.00
1386836159,2,2,2,7353,-7.961268,0.000000,-2.097914,18.136074,-0.135261,-57.852905,170.495621_-275.435577i,43.420303_-321.011200i,0,1,0,0.00
1386836160,2,2,2,7353,-7.961268,0.000000,-2.097914,18.298969,-0.135261,-57.852905,170.495621_-275.435577i,43.420303_-321.011200i,0,1,0,0.00
1386836160,2,2,2,7353,-7.961268,0.000000,-2.097914,18.461868,-0.135261,-57.852905,170.495621_-275.435577i,43.420303_-321.011200i,0,1,0,0.00
1386836160,2,2,2,7353,-7.961268,0.000000,-2.097914,18.624763,-0.135261,-57.852905,170.495621_-275.435577i,43.420303_-321.011200i,0,1,0,0.00
1386836160,2,2,2,7353,-7.961268,0.000000,-2.097914,18.787663,-0.135261,-57.852905,170.495621_-275.435577i,43.420303_-321.011200i,0,1,0,0.00
1386836161,2,2,2,7353,-7.961268,0.000000,-2.097914,18.950558,-0.135261,-57.852905,170.495621_-275.435577i,43.420303_-321.011200i,0,1,0,0.00
1386836161,2,2,2,7353,-7.961268,0.000000,-2.097914,19.113455,-0.135261,-57.852905,170.495621_-275.435577i,43.420303_-321.011200i,0,1,0,0.00
1386836161,2,2,2,7353,-7.961268,0.000000,-2.097914,19.276352,-0.135261,-57.852905,170.495621_-275.435577i,43.420303_-321.011200i,0,1,0,0.00
1386836161,2,2,2,7353,-7.961268,0.000000,-2.097914,19.439249,-0.135261,-57.852905,170.495621_-275.435577i,43.420303_-321.011200i,0,1,0,0.00
1386836162,2,2,2,7353,-7.961268,0.000000,-2.097914,19.602146,-0.135261,-57.852905,170.495621_-275.435577i,43.420303_-321.011200i,0,1,0,0.00
1386836162,2,2,2,7353,-7.961268,0.000000,-2.097914,19.765043,-0.135261,-57.852905,170.495621_-275.435577i,43.420303_-321.011200i,0,1,0,0.00
1386836162,2,2,2,7353,-7.961268,0.000000,-2.097914,19.927940,-0.135261,-57.852905,170.495621_-275.435577i,43.420303_-321.011200i,0,1,0,0.00
1386836162,2,2,2,7353,-7.961268,0.000000,-2.097914,20.058258,-0.135261,-57.852905,170.495621_-275.435577i,43.420303_-321.011200i,0,1,0,0.00
1386836163,2,2,2,7353,-7.961268,0.000000,-2.097914,20.155996,-0.135261,-57.852905,170.495621_-275.435577i,43.420303_-321.011200i,0,1,0,0.00
1386836163,2,2,2,0,-7.961268,0.000000,-2.097914,20.155996,-0.135261,-57.852905,170.495621_-275.435577i,43.420303_-321.011200i,0,1,0,0.00
1386836163,2,2,2,0,-7.961268,0.000000,-2.097914,20.155996,-0.135261,-57.852905,170.495621_-275.435577i,43.420303_-321.011200i,0,1,0,0.00
1386836163,2,2,2,0,-7.961268,0.000000,-2.097914,20.155996,-0.135261,-57.852905,170.495621_-275.435577i,43.420303_-321.011200i,0,1,0,0.00
1386836164,2,2,2,0,-7.961268,0.000000,-2.097914,20.155996,-0.135261,-57.852905,170.495621_-275.435577i,43.420303_-321.011200i,0,1,0,0.00
1386836164,2,2,2,0,-7.961268,0.000000,-2.097914,20.155996,-0.135261,-57.852905,170.495621_-275.435577i,43.420303_-321.011200i,0,1,0,0.00
1386836164,2,2,2,0,-7.961268,0.000000,-2.097914,20.155996,-0.135261,-57.852905,170.495621_-275.435577i,43.420303_-321.011200i,0,1,0,0.00
1386836164,2,2,2,0,-7.961268,0.000000,-2.097914,20.155996,-0.135261,-57.852905,170.495621_-275.435577i,43.420303_-321.011200i,0,1,0,0.00
1386836165,2,2,2,0,-7.961268,0.000000,-2.097914,20.155996,-0.135261,-57.852905,170.495621_-275.435577i,43.420303_-321.011200i,0,1,0,0.00
1386836165,2,2,2,0,-7.961268,0.000000,-2.097914,20.155996,-0.135261,-57.852905,170.495621_-275.435577i,43.420303_-321.011200i,0,1,0,0.00
1386836165,2,2,2,0,-7.961268,0.000000,-2.097914,20.155996,-0.135261,-57.852905,170.495621_-275.435577i,43.420303_-321.011200i,0,1,0,0.00
1386836165,2,2,2,0,-7.961268,0.000000,-2.097914,20.155996,-0.135261,-57.852905,170.495621_-275.435577i,43.420303_-321.011200i,0,1,0,0.00
1386836166,2,2,2,0,-7.961268,0.000000,-2.097914,20.155996,-0.135261,-57.852905,170.495621_-275.435577i,43.420303_-321.011200i,0,1,0,0.00
1386836166,2,2,2,0,-7.961268,0.000000,-2.097914,20.155996,-0.135261,-57.852905,170.495621_-275.435577i,43.420303_-321.011200i,0,1,0,0.00
1386836166,2,2,2,0,-7.961268,0.000000,-2.097914,20.155996,-0.135261,-57.852905,170.495621_-275.435577i,43.420303_-321.011200i,0,1,0,0.00
