MCU_timestamp,sig1,sig2,sig3,fa_debug,theta_d1,theta_d,theta_d1_b,theta_b,a_x,b_x,X_b,X_T_b,sail_hc_periods,sail_hc_direction,sail_hc_val,sail_hc_MEAN_V
1386782226,0,0,0,0,0.000000,0.000000,0.000000,0.000000,0.000000,0.000000,0.000000_0.000000i,0.000000_0.000000i,0,1,0,0.00
1386782227,0,0,0,0,0.000000,0.000000,0.000000,0.000000,0.000000,0.000000,0.000000_0.000000i,0.000000_0.000000i,0,1,0,0.00
1386782227,0,0,0,0,0.000000,0.000000,0.000000,0.000000,0.000000,0.000000,0.000000_0.000000i,0.000000_0.000000i,0,1,0,0.00
1386782227,0,0,0,0,0.000000,0.000000,0.000000,0.000000,0.000000,0.000000,0.000000_0.000000i,0.000000_0.000000i,0,1,0,0.00
1386782227,0,0,0,0,0.000000,0.000000,0.000000,0.000000,0.000000,0.000000,0.000000_0.000000i,0.000000_0.000000i,0,1,0,0.00
1386782228,0,0,0,0,0.000000,0.000000,0.000000,0.000000,0.000000,0.000000,0.000000_0.000000i,0.000000_0.000000i,0,1,0,0.00
1386782228,0,0,0,0,0.000000,0.000000,0.000000,0.000000,0.000000,0.000000,0.000000_0.000000i,0.000000_0.000000i,0,1,0,0.00
1386782228,0,0,0,0,0.000000,0.000000,0.000000,0.000000,0.000000,0.000000,0.000000_0.000000i,0.000000_0.000000i,0,1,0,0.00
1386782228,0,0,0,0,0.000000,0.000000,0.000000,0.000000,0.000000,0.000000,0.000000_0.000000i,0.000000_0.000000i,0,1,0,0.00
1386782229,0,0,0,0,0.000000,0.000000,0.000000,0.000000,0.000000,0.000000,0.000000_0.000000i,0.000000_0.000000i,0,1,0,0.00
1386782229,1,0,0,8,-5.252490,0.000000,0.610865,5.243915,0.170973,50.725533,-79.014641_308.808899i,53.719444_314.198151i,0,1,0,0.00
1386782229,0,0,0,6,-5.252490,0.000000,0.610865,5.406812,0.170973,50.683720,-79.014641_308.808899i,53.719444_314.198151i,0,1,0,0.00
1386782229,0,0,0,6,-5.252490,0.000000,0.610865,5.569710,0.170973,50.642010,-79.014641_308.808899i,53.719444_314.198151i,0,1,0,0.00
1386782230,0,0,0,6,-5.252490,0.000000,0.610865,5.732607,0.170973,50.597832,-79.014641_308.808899i,53.719444_314.198151i,0,1,0,0.00
1386782230,0,0,0,6,-5.252490,0.000000,0.610865,5.895505,0.170973,50.548840,-79.014641_308.808899i,53.719444_314.198151i,0,1,0,0.00
1386782230,0,0,0,6,-5.252490,0.000000,0.610865,6.058402,0.170973,50.505932,-79.014641_308.808899i,53.719444_314.198151i,0,1,0,0.00
1386782230,0,0,0,6,-5.252490,0.000000,0.610865,6.221300,0.170973,50.464924,-79.014641_308.808899i,53.719444_314.198151i,0,1,0,0.00
1386782231,0,0,0,6,-5.252490,0.000000,0.610865,6.384197,0.170973,50.424442,-79.014641_308.808899i,53.719444_314.198151i,0,1,0,0.00
1386782231,0,0,0,6,-5.252490,0.000000,0.610865,6.519169,0.170973,50.386787,-79.014641_308.808899i,53.719444_314.198151i,0,1,0,0.00
1386782231,0,0,0,6,-5.252490,0.000000,0.610865,6.616908,0.170973,50.350586,-79.014641_308.808899i,53.719444_314.198151i,0,1,0,0.00
1386782231,0,0,0,6,-5.252490,0.000000,0.610865,6.691375,0.170973,50.318012,-79.014641_308.808899i,53.719444_314.198151i,0,1,0,0.00
1386782232,0,0,0,6,-5.252490,0.000000,0.610865,6.747225,0.170973,50.291008,-79.014641_308.808899i,53.719444_314.198151i,0,1,0,0.00
1386782232,0,0,0,6,-5.252490,0.000000,0.610865,6.784459,0.170973,50.262939,-79.014641_308.808899i,53.719444_314.198151i,0,1,0,0.00
1386782232,0,0,0,6,-5.252490,0.000000,0.610865,6.812385,0.170973,50.237007,-79.014641_308.808899i,53.719444_314.198151i,0,1,0,0.00
1386782232,0,0,0,6,-5.252490,0.000000,0.610865,6.835656,0.170973,50.213104,-79.014641_308.808899i,53.719444_314.198151i,0,1,0,0.00
1386782233,0,0,0,6,-5.252490,0.000000,0.610865,6.849618,0.170973,50.189499,-79.014641_308.808899i,53.719444_314.198151i,0,1,0,0.00
1386782233,0,0,0,6,-5.252490,0.000000,0.610865,6.863581,0.170973,50.167885,-79.014641_308.808899i,53.719444_314.198151i,0,1,0,0.00
1386782233,0,0,0,6,-5.252490,0.000000,0.610865,6.872889,0.170973,50.147434,-79.014641_308.808899i,53.719444_314.198151i,0,1,0,0.00
1386782233,0,0,0,6,-5.252490,0.000000,0.610865,6.877543,0.170973,50.128841,-79.014641_308.808899i,53.719444_314.198151i,0,1,0,0.00
1386782234,0,0,0,6,-5.252490,0.000000,0.610865,6.882197,0.170973,50.109795,-79.014641_308.808899i,53.719444_314.198151i,0,1,0,0.00
1386782234,0,0,0,6,-5.252490,0.000000,0.610865,6.886852,0.170973,50.093578,-79.014641_308.808899i,53.719444_314.198151i,0,1,0,0.00
1386782234,0,0,0,6,-5.252490,0.000000,0.610865,6.886852,0.170973,50.078548,-79.014641_308.808899i,53.719444_314.198151i,0,1,0,0.00
1386782234,0,0,0,6,-5.252490,0.000000,0.610865,6.886852,0.170973,50.066013,-79.014641_308.808899i,53.719444_314.198151i,0,1,0,0.00
1386782235,0,0,0,6,-5.252490,0.000000,0.610865,6.886852,0.170973,50.053333,-79.014641_308.808899i,53.719444_314.198151i,0,1,0,0.00
1386782235,0,0,0,6,-5.252490,0.000000,0.610865,6.886852,0.170973,50.041927,-79.014641_308.808899i,53.719444_314.198151i,0,1,0,0.00
1386782235,0,0,0,6,-5.252490,0.000000,0.610865,6.886852,0.170973,50.031818,-79.014641_308.808899i,53.719444_314.198151i,0,1,0,0.00
1386782235,0,0,0,6,-5.252490,0.000000,0.610865,6.886852,0.170973,50.023041,-79.014641_308.808899i,53.719444_314.198151i,0,1,0,0.00
1386782236,0,0,0,6,-5.252490,0.000000,0.610865,6.886852,0.170973,50.014954,-79.014641_308.808899i,53.719444_314.198151i,0,1,0,0.00
1386782236,0,0,0,6,-5.252490,0.000000,0.610865,6.886852,0.170973,50.009071,-79.014641_308.808899i,53.719444_314.198151i,0,1,0,0.00
1386782236,0,0,0,6,-5.252490,0.000000,0.610865,6.886852,0.170973,50.004623,-79.014641_308.808899i,53.719444_314.198151i,0,1,0,0.00
1386782236,0,0,0,6,-5.252490,0.000000,0.610865,6.886852,0.170973,50.001419,-79.014641_308.808899i,53.719444_314.198151i,0,1,0,0.00
1386782237,0,0,0,6,-5.252490,0.000000,0.610865,6.886852,0.170973,50.000099,-79.014641_308.808899i,53.719444_314.198151i,0,1,0,0.00
1386782237,1,2,2,7353,-3.332627,0.000000,2.530727,6.886852,0.170973,50.000320,-79.014641_308.808899i,53.719444_314.198151i,0,1,0,0.00
1386782237,2,2,2,7353,-3.332627,0.000000,2.530727,6.723955,0.170973,50.000320,-79.014641_308.808899i,53.719444_314.198151i,0,1,0,0.00
1386782237,2,2,2,7353,-3.332627,0.000000,2.530727,6.561057,0.170973,50.000320,-79.014641_308.808899i,53.719444_314.198151i,0,1,0,0.00
1386782238,2,2,2,7353,-3.332627,0.000000,2.530727,6.398160,0.170973,50.000320,-79.014641_308.808899i,53.719444_314.198151i,0,1,0,0.00
1386782238,2,2,2,7353,-3.332627,0.000000,2.530727,6.235262,0.170973,50.000320,-79.014641_308.808899i,53.719444_314.198151i,0,1,0,0.00
1386782238,2,2,2,7353,-3.332627,0.000000,2.530727,6.072365,0.170973,50.000320,-79.014641_308.808899i,53.719444_314.198151i,0,1,0,0.00
1386782238,2,2,2,7353,-3.332627,0.000000,2.530727,5.909467,0.170973,50.000320,-79.014641_308.808899i,53.719444_314.198151i,0,1,0,0.00
1386782239,2,2,2,7353,-3.332627,0.000000,2.530727,5.746570,0.170973,50.000320,-79.014641_308.808899i,53.719444_314.198151i,0,1,0,0.00
1386782239,2,2,2,7353,-3.332627,0.000000,2.530727,5.611598,0.170973,50.000320,-79.014641_308.808899i,53.719444_314.198151i,0,1,0,0.00
1386782239,2,2,2,7353,-3.332627,0.000000,2.530727,5.509205,0.170973,50.000320,-79.014641_308.808899i,53.719444_314.198151i,0,1,0,0.00
1386782239,2,2,2,7353,-3.332627,0.000000,2.530727,5.434738,0.170973,50.000320,-79.014641_308.808899i,53.719444_314.198151i,0,1,0,0.00
1386782240,2,2,2,7353,-3.332627,0.000000,2.530727,5.383541,0.170973,50.000320,-79.014641_308.808899i,53.719444_314.198151i,0,1,0,0.00
1386782240,2,2,2,7353,-3.332627,0.000000,2.530727,5.346308,0.170973,50.000320,-79.014641_308.808899i,53.719444_314.198151i,0,1,0,0.00
1386782240,2,2,2,7353,-3.332627,0.000000,2.530727,5.318382,0.170973,50.000320,-79.014641_308.808899i,53.719444_314.198151i,0,1,0,0.00
1386782241,2,2,2,7353,-3.332627,0.000000,2.530727,5.295111,0.170973,50.000320,-79.014641_308.808899i,53.719444_314.198151i,0,1,0,0.00
1386782241,2,2,2,7353,-3.332627,0.000000,2.530727,5.281148,0.170973,50.000320,-79.014641_308.808899i,53.719444_314.198151i,0,1,0,0.00
1386782241,2,2,2,7353,-3.332627,0.000000,2.530727,5.267186,0.170973,50.000320,-79.014641_308.808899i,53.719444_314.198151i,0,1,0,0.00
1386782241,2,2,2,7353,-3.332627,0.000000,2.530727,5.257877,0.170973,50.000320,-79.014641_308.808899i,53.719444_314.198151i,0,1,0,0.00
1386782242,2,2,2,7353,-3.332627,0.000000,2.530727,5.253223,0.170973,50.000320,-79.014641_308.808899i,53.719444_314.198151i,0,1,0,0.00
1386782242,2,2,2,7353,-3.332627,0.000000,2.530727,5.248569,0.170973,50.000320,-79.014641_308.808899i,53.719444_314.198151i,0,1,0,0.00
1386782242,2,2,2,7353,-3.332627,0.000000,2.530727,5.243915,0.170973,50.000320,-79.014641_308.808899i,53.719444_314.198151i,0,1,0,0.00
1386782242,2,2,2,7353,-3.332627,0.000000,2.530727,5.243915,0.170973,50.000320,-79.014641_308.808899i,53.719444_314.198151i,0,1,0,0.00
1386782243,2,2,2,7353,-3.332627,0.000000,2.530727,5.243915,0.170973,50.000320,-79.014641_308.808899i,53.719444_314.198151i,0,1,0,0.00
1386782243,2,2,2,7353,-3.332627,0.000000,2.530727,5.243915,0.170973,50.000320,-79.014641_308.808899i,53.719444_314.198151i,0,1,0,0.00
1386782243,2,2,2,7353,-3.332627,0.000000,2.530727,5.243915,0.170973,50.000320,-79.014641_308.808899i,53.719444_314.198151i,0,1,0,0.00
1386782243,2,2,2,7353,-3.332627,0.000000,2.530727,5.243915,0.170973,50.000320,-79.014641_308.808899i,53.719444_314.198151i,0,1,0,0.00
1386782244,2,2,2,7353,-3.332627,0.000000,2.530727,5.081017,0.170973,50.000320,-79.014641_308.808899i,53.719444_314.198151i,0,1,0,0.00
1386782244,2,2,2,7353,-3.332627,0.000000,2.530727,4.918120,0.170973,50.000320,-79.014641_308.808899i,53.719444_314.198151i,0,1,0,0.00
1386782244,2,2,2,7353,-3.332627,0.000000,2.530727,4.755223,0.170973,50.000320,-79.014641_308.808899i,53.719444_314.198151i,0,1,0,0.00
1386782244,2,2,2,7353,-3.332627,0.000000,2.530727,4.606288,0.170973,50.000320,-79.014641_308.808899i,53.719444_314.198151i,0,1,0,0.00
1386782245,2,2,2,7353,-3.332627,0.000000,2.530727,4.494587,0.170973,50.000320,-79.014641_308.808899i,53.719444_314.198151i,0,1,0,0.00
1386782245,2,2,2,7353,-3.332627,0.000000,2.530727,4.410811,0.170973,50.000320,-79.014641_308.808899i,53.719444_314.198151i,0,1,0,0.00
1386782245,2,2,2,7353,-3.332627,0.000000,2.530727,4.350307,0.170973,50.000320,-79.014641_308.808899i,53.719444_314.198151i,0,1,0,0.00
1386782245,2,2,0,7353,-3.332627,0.000000,2.530727,4.308419,0.170973,50.000320,-79.014641_308.808899i,53.719444_314.198151i,0,1,0,0.00
1386782246,0,0,0,4,-3.332627,0.000000,2.530727,4.145521,0.170973,50.221886,-79.014641_308.808899i,53.719444_314.198151i,0,1,0,0.00
1386782246,0,0,0,4,-3.332627,0.000000,2.530727,3.982624,0.170973,50.203453,-79.014641_308.808899i,53.719444_314.198151i,0,1,0,0.00
1386782246,0,0,0,4,-3.332627,0.000000,2.530727,3.819726,0.170973,50.180714,-79.014641_308.808899i,53.719444_314.198151i,0,1,0,0.00
1386782246,0,0,0,4,-3.332627,0.000000,2.530727,3.656829,0.170973,50.158741,-79.014641_308.808899i,53.719444_314.198151i,0,1,0,0.00
1386782247,0,0,0,4,-3.332627,0.000000,2.530727,3.493932,0.170973,50.137569,-79.014641_308.808899i,53.719444_314.198151i,0,1,0,0.00
1386782247,0,0,0,4,-3.332627,0.000000,2.530727,3.331034,0.170973,50.116360,-79.014641_308.808899i,53.719444_314.198151i,0,1,0,0.00
1386782247,0,0,0,4,-3.332627,0.000000,2.530727,3.168137,0.170973,50.097271,-79.014641_308.808899i,53.719444_314.198151i,0,1,0,0.00
1386782247,0,0,0,4,-3.332627,0.000000,2.530727,3.005240,0.170973,50.080593,-79.014641_308.808899i,53.719444_314.198151i,0,1,0,0.00
1386782248,0,0,0,4,-3.332627,0.000000,2.530727,2.879576,0.170973,50.065441,-79.014641_308.808899i,53.719444_314.198151i,0,1,0,0.00
1386782248,0,0,0,4,-3.332627,0.000000,2.530727,2.786492,0.170973,50.051834,-79.014641_308.808899i,53.719444_314.198151i,0,1,0,0.00
1386782248,0,0,0,4,-3.332627,0.000000,2.530727,2.716678,0.170973,50.040558,-79.014641_308.808899i,53.719444_314.198151i,0,1,0,0.00
1386782248,0,0,0,4,-3.332627,0.000000,2.530727,2.665482,0.170973,50.030617,-79.014641_308.808899i,53.719444_314.198151i,0,1,0,0.00
1386782249,0,0,0,4,-3.332627,0.000000,2.530727,2.628249,0.170973,50.022270,-79.014641_308.808899i,53.719444_314.198151i,0,1,0,0.00
1386782249,0,0,0,4,-3.332627,0.000000,2.530727,2.600323,0.170973,50.015022,-79.014641_308.808899i,53.719444_314.198151i,0,1,0,0.00
1386782249,0,0,0,4,-3.332627,0.000000,2.530727,2.581706,0.170973,50.009171,-79.014641_308.808899i,53.719444_314.198151i,0,1,0,0.00
1386782249,0,0,0,4,-3.332627,0.000000,2.530727,2.567744,0.170973,50.004848,-79.014641_308.808899i,53.719444_314.198151i,0,1,0,0.00
1386782250,0,0,0,4,-3.332627,0.000000,2.530727,2.558436,0.170973,50.001884,-79.014641_308.808899i,53.719444_314.198151i,0,1,0,0.00
1386782250,0,0,0,4,-3.332627,0.000000,2.530727,2.549127,0.170973,50.000263,-79.014641_308.808899i,53.719444_314.198151i,0,1,0,0.00
1386782250,0,0,0,4,-3.332627,0.000000,2.530727,2.544473,0.170973,50.000107,-79.014641_308.808899i,53.719444_314.198151i,0,1,0,0.00
1386782250,0,0,0,4,-3.332627,0.000000,2.530727,2.539819,0.170973,50.001362,-79.014641_308.808899i,53.719444_314.198151i,0,1,0,0.00
1386782251,0,0,0,4,-3.332627,0.000000,2.530727,2.535165,0.170973,50.004162,-79.014641_308.808899i,53.719444_314.198151i,0,1,0,0.00
1386782251,0,0,0,4,-3.332627,0.000000,2.530727,2.535165,0.170973,50.008350,-79.014641_308.808899i,53.719444_314.198151i,0,1,0,0.00
1386782251,0,0,0,4,-3.332627,0.000000,2.530727,2.535165,0.170973,50.014015,-79.014641_308.808899i,53.719444_314.198151i,0,1,0,0.00
1386782251,0,0,0,4,-3.332627,0.000000,2.530727,2.535165,0.170973,50.021175,-79.014641_308.808899i,53.719444_314.198151i,0,1,0,0.00
1386782252,0,0,0,4,-3.332627,0.000000,2.530727,2.535165,0.170973,50.030148,-79.014641_308.808899i,53.719444_314.198151i,0,1,0,0.00
1386782252,0,0,0,4,-3.332627,0.000000,2.530727,2.535165,0.170973,50.040409,-79.014641_308.808899i,53.719444_314.198151i,0,1,0,0.00
1386782252,0,0,0,4,-3.332627,0.000000,2.530727,2.535165,0.170973,50.052227,-79.014641_308.808899i,53.719444_314.198151i,0,1,0,0.00
1386782252,0,0,0,4,-3.332627,0.000000,2.530727,2.535165,0.170973,50.065628,-79.014641_308.808899i,53.719444_314.198151i,0,1,0,0.00
1386782253,0,0,0,4,-3.332627,0.000000,2.530727,2.535165,0.170973,50.080631,-79.014641_308.808899i,53.719444_314.198151i,0,1,0,0.00
1386782253,0,0,0,4,-3.332627,0.000000,2.530727,2.535165,0.170973,50.097256,-79.014641_308.808899i,53.719444_314.198151i,0,1,0,0.00
1386782253,0,0,0,4,-3.332627,0.000000,2.530727,2.535165,0.170973,50.115524,-79.014641_308.808899i,53.719444_314.198151i,0,1,0,0.00
1386782253,0,0,0,4,-3.332627,0.000000,2.530727,2.535165,0.170973,50.136112,-79.014641_308.808899i,53.719444_314.198151i,0,1,0,0.00
1386782254,0,0,0,4,-3.332627,0.000000,2.530727,2.535165,0.170973,50.157787,-79.014641_308.808899i,53.719444_314.198151i,0,1,0,0.00
1386782254,0,0,0,4,-3.332627,0.000000,2.530727,2.535165,0.170973,50.181175,-79.014641_308.808899i,53.719444_314.198151i,0,1,0,0.00
1386782254,0,0,0,4,-3.332627,0.000000,2.530727,2.535165,0.170973,50.206299,-79.014641_308.808899i,53.719444_314.198151i,0,1,0,0.00
1386782254,0,0,0,4,-3.332627,0.000000,2.530727,2.535165,0.170973,50.233177,-79.014641_308.808899i,53.719444_314.198151i,0,1,0,0.00
1386782255,0,0,0,4,-3.332627,0.000000,2.530727,2.535165,0.170973,50.261833,-79.014641_308.808899i,53.719444_314.198151i,0,1,0,0.00
1386782255,0,0,0,4,-3.332627,0.000000,2.530727,2.535165,0.170973,50.292290,-79.014641_308.808899i,53.719444_314.198151i,0,1,0,0.00
1386782255,0,0,0,4,-3.332627,0.000000,2.530727,2.535165,0.170973,50.325611,-79.014641_308.808899i,53.719444_314.198151i,0,1,0,0.00
1386782255,0,0,0,4,-3.332627,0.000000,2.530727,2.535165,0.170973,50.359798,-79.014641_308.808899i,53.719444_314.198151i,0,1,0,0.00
1386782256,0,0,0,4,-3.332627,0.000000,2.530727,2.535165,0.170973,50.395855,-79.014641_308.808899i,53.719444_314.198151i,0,1,0,0.00
1386782256,0,0,0,4,-3.332627,0.000000,2.530727,2.535165,0.170973,50.433807,-79.014641_308.808899i,53.719444_314.198151i,0,1,0,0.00
1386782256,0,0,0,4,-3.332627,0.000000,2.530727,2.535165,0.170973,50.473675,-79.014641_308.808899i,53.719444_314.198151i,0,1,0,0.00
1386782256,0,0,0,4,-3.332627,0.000000,2.530727,2.535165,0.170973,50.515484,-79.014641_308.808899i,53.719444_314.198151i,0,1,0,0.00
1386782257,0,0,0,4,-3.332627,0.000000,2.530727,2.535165,0.170973,50.559258,-79.014641_308.808899i,53.719444_314.198151i,0,1,0,0.00
1386782257,0,0,0,4,-3.332627,0.000000,2.530727,2.535165,0.170973,50.606480,-79.014641_308.808899i,53.719444_314.198151i,0,1,0,0.00
1386782257,0,0,0,4,-3.332627,0.000000,2.530727,2.535165,0.170973,50.654316,-79.014641_308.808899i,53.719444_314.198151i,0,1,0,0.00
1386782257,0,0,0,4,-3.332627,0.000000,2.530727,2.535165,0.170973,50.704189,-79.014641_308.808899i,53.719444_314.198151i,0,1,0,0.00
1386782258,0,0,0,4,-3.332627,0.000000,2.530727,2.535165,0.170973,50.756123,-79.014641_308.808899i,53.719444_314.198151i,0,1,0,0.00
1386782258,0,0,0,4,-3.332627,0.000000,2.530727,2.535165,0.170973,50.810139,-79.014641_308.808899i,53.719444_314.198151i,0,1,0,0.00
1386782258,0,0,0,4,-3.332627,0.000000,2.530727,2.535165,0.170973,50.866264,-79.014641_308.808899i,53.719444_314.198151i,0,1,0,0.00
1386782258,0,0,0,4,-3.332627,0.000000,2.530727,2.535165,0.170973,50.924522,-79.014641_308.808899i,53.719444_314.198151i,0,1,0,0.00
1386782259,0,0,0,4,-3.332627,0.000000,2.530727,2.535165,0.170973,50.986858,-79.014641_308.808899i,53.719444_314.198151i,0,1,0,0.00
1386782259,0,0,0,4,-3.332627,0.000000,2.530727,2.535165,0.170973,51.049522,-79.014641_308.808899i,53.719444_314.198151i,0,1,0,0.00
1386782259,0,0,0,4,-3.332627,0.000000,2.530727,2.535165,0.170973,51.114399,-79.014641_308.808899i,53.719444_314.198151i,0,1,0,0.00
1386782259,0,0,0,4,-3.332627,0.000000,2.530727,2.535165,0.170973,51.181503,-79.014641_308.808899i,53.719444_314.198151i,0,1,0,0.00
1386782260,0,0,0,4,-3.332627,0.000000,2.530727,2.535165,0.170973,51.250862,-79.014641_308.808899i,53.719444_314.198151i,0,1,0,0.00
1386782260,0,0,0,4,-3.332627,0.000000,2.530727,2.535165,0.170973,51.322506,-79.014641_308.808899i,53.719444_314.198151i,0,1,0,0.00
1386782260,0,0,0,4,-3.332627,0.000000,2.530727,2.535165,0.170973,51.396454,-79.014641_308.808899i,53.719444_314.198151i,0,1,0,0.00
1386782260,0,0,0,4,-3.332627,0.000000,2.530727,2.535165,0.170973,51.475159,-79.014641_308.808899i,53.719444_314.198151i,0,1,0,0.00
1386782261,0,0,0,4,-3.332627,0.000000,2.530727,2.535165,0.170973,51.553867,-79.014641_308.808899i,53.719444_314.198151i,0,1,0,0.00
1386782261,0,0,0,4,-3.332627,0.000000,2.530727,2.535165,0.170973,51.634960,-79.014641_308.808899i,53.719444_314.198151i,0,1,0,0.00
1386782261,0,0,0,4,-3.332627,0.000000,2.530727,2.535165,0.170973,51.718460,-79.014641_308.808899i,53.719444_314.198151i,0,1,0,0.00
1386782261,0,0,0,4,-3.332627,0.000000,2.530727,2.535165,0.170973,51.804394,-79.014641_308.808899i,53.719444_314.198151i,0,1,0,0.00
1386782262,0,0,0,4,-3.332627,0.000000,2.530727,2.535165,0.170973,51.892784,-79.014641_308.808899i,53.719444_314.198151i,0,1,0,0.00
1386782262,0,0,0,4,-3.332627,0.000000,2.530727,2.535165,0.170973,51.983662,-79.014641_308.808899i,53.719444_314.198151i,0,1,0,0.00
1386782262,0,0,0,4,-3.332627,0.000000,2.530727,2.535165,0.170973,52.080002,-79.014641_308.808899i,53.719444_314.198151i,0,1,0,0.00
1386782262,0,0,0,4,-3.332627,0.000000,2.530727,2.535165,0.170973,52.176003,-79.014641_308.808899i,53.719444_314.198151i,0,1,0,0.00
1386782263,0,0,0,4,-3.332627,0.000000,2.530727,2.535165,0.170973,52.274559,-79.014641_308.808899i,53.719444_314.198151i,0,1,0,0.00
1386782263,0,0,0,4,-3.332627,0.000000,2.530727,2.535165,0.170973,52.375706,-79.014641_308.808899i,53.719444_314.198151i,0,1,0,0.00
1386782263,0,0,0,4,-3.332627,0.000000,2.530727,2.535165,0.170973,52.479465,-79.014641_308.808899i,53.719444_314.198151i,0,1,0,0.00
1386782263,0,0,0,4,-3.332627,0.000000,2.530727,2.535165,0.170973,52.585861,-79.014641_308.808899i,53.719444_314.198151i,0,1,0,0.00
1386782264,0,0,0,4,-3.332627,0.000000,2.530727,2.535165,0.170973,52.694920,-79.014641_308.808899i,53.719444_314.198151i,0,1,0,0.00
1386782264,0,0,0,4,-3.332627,0.000000,2.530727,2.535165,0.170973,52.810204,-79.014641_308.808899i,53.719444_314.198151i,0,1,0,0.00
1386782264,0,0,0,4,-3.332627,0.000000,2.530727,2.535165,0.170973,52.924755,-79.014641_308.808899i,53.719444_314.198151i,0,1,0,0.00
1386782264,1,1,1,7353,-5.252490,0.000000,0.610865,2.535165,0.170973,53.042046,-79.014641_308.808899i,53.719444_314.198151i,0,1,0,0.00
1386782265,1,1,1,7353,-5.252490,0.000000,0.610865,2.698063,0.170973,53.042046,-79.014641_308.808899i,53.719444_314.198151i,0,1,0,0.00
1386782265,1,1,1,7353,-5.252490,0.000000,0.610865,2.860960,0.170973,53.042046,-79.014641_308.808899i,53.719444_314.198151i,0,1,0,0.00
1386782265,1,1,1,7353,-5.252490,0.000000,0.610865,3.023857,0.170973,53.042046,-79.014641_308.808899i,53.719444_314.198151i,0,1,0,0.00
1386782265,1,1,1,7353,-5.252490,0.000000,0.610865,3.186754,0.170973,53.042046,-79.014641_308.808899i,53.719444_314.198151i,0,1,0,0.00
1386782266,1,1,1,7353,-5.252490,0.000000,0.610865,3.349652,0.170973,53.042046,-79.014641_308.808899i,53.719444_314.198151i,0,1,0,0.00
1386782266,1,1,1,7353,-5.252490,0.000000,0.610865,3.512549,0.170973,53.042046,-79.014641_308.808899i,53.719444_314.198151i,0,1,0,0.00
1386782266,1,1,1,7353,-5.252490,0.000000,0.610865,3.675447,0.170973,53.042046,-79.014641_308.808899i,53.719444_314.198151i,0,1,0,0.00
1386782266,1,1,1,7353,-5.252490,0.000000,0.610865,3.810419,0.170973,53.042046,-79.014641_308.808899i,53.719444_314.198151i,0,1,0,0.00
1386782267,1,1,1,7353,-5.252490,0.000000,0.610865,3.912812,0.170973,53.042046,-79.014641_308.808899i,53.719444_314.198151i,0,1,0,0.00
1386782267,1,1,1,7353,-5.252490,0.000000,0.610865,3.987279,0.170973,53.042046,-79.014641_308.808899i,53.719444_314.198151i,0,1,0,0.00
1386782267,1,1,1,7353,-5.252490,0.000000,0.610865,4.043129,0.170973,53.042046,-79.014641_308.808899i,53.719444_314.198151i,0,1,0,0.00
1386782267,1,1,1,7353,-5.252490,0.000000,0.610865,4.080363,0.170973,53.042046,-79.014641_308.808899i,53.719444_314.198151i,0,1,0,0.00
1386782268,1,1,1,7353,-5.252490,0.000000,0.610865,4.108288,0.170973,53.042046,-79.014641_308.808899i,53.719444_314.198151i,0,1,0,0.00
1386782268,1,1,1,7353,-5.252490,0.000000,0.610865,4.131559,0.170973,53.042046,-79.014641_308.808899i,53.719444_314.198151i,0,1,0,0.00
1386782268,1,1,1,7353,-5.252490,0.000000,0.610865,4.145522,0.170973,53.042046,-79.014641_308.808899i,53.719444_314.198151i,0,1,0,0.00
1386782269,1,1,1,7353,-5.252490,0.000000,0.610865,4.154830,0.170973,53.042046,-79.014641_308.808899i,53.719444_314.198151i,0,1,0,0.00
1386782269,1,1,1,7353,-5.252490,0.000000,0.610865,4.164139,0.170973,53.042046,-79.014641_308.808899i,53.719444_314.198151i,0,1,0,0.00
1386782269,1,1,1,7353,-5.252490,0.000000,0.610865,4.168793,0.170973,53.042046,-79.014641_308.808899i,53.719444_314.198151i,0,1,0,0.00
1386782269,1,1,1,7353,-5.252490,0.000000,0.610865,4.173448,0.170973,53.042046,-79.014641_308.808899i,53.719444_314.198151i,0,1,0,0.00
1386782270,1,1,1,7353,-5.252490,0.000000,0.610865,4.178102,0.170973,53.042046,-79.014641_308.808899i,53.719444_314.198151i,0,1,0,0.00
1386782270,1,1,1,7353,-5.252490,0.000000,0.610865,4.182756,0.170973,53.042046,-79.014641_308.808899i,53.719444_314.198151i,0,1,0,0.00
1386782270,1,1,1,7353,-5.252490,0.000000,0.610865,4.182756,0.170973,53.042046,-79.014641_308.808899i,53.719444_314.198151i,0,1,0,0.00
1386782270,1,1,1,7353,-5.252490,0.000000,0.610865,4.182756,0.170973,53.042046,-79.014641_308.808899i,53.719444_314.198151i,0,1,0,0.00
1386782271,1,1,1,7353,-5.252490,0.000000,0.610865,4.182756,0.170973,53.042046,-79.014641_308.808899i,53.719444_314.198151i,0,1,0,0.00
1386782271,1,1,1,7353,-5.252490,0.000000,0.610865,4.345653,0.170973,53.042046,-79.014641_308.808899i,53.719444_314.198151i,0,1,0,0.00
1386782271,1,1,1,7353,-5.252490,0.000000,0.610865,4.508550,0.170973,53.042046,-79.014641_308.808899i,53.719444_314.198151i,0,1,0,0.00
1386782271,1,1,1,7353,-5.252490,0.000000,0.610865,4.671448,0.170973,53.042046,-79.014641_308.808899i,53.719444_314.198151i,0,1,0,0.00
1386782272,1,1,1,7353,-5.252490,0.000000,0.610865,4.820383,0.170973,53.042046,-79.014641_308.808899i,53.719444_314.198151i,0,1,0,0.00
1386782272,1,1,1,7353,-5.252490,0.000000,0.610865,4.932084,0.170973,53.042046,-79.014641_308.808899i,53.719444_314.198151i,0,1,0,0.00
1386782272,1,1,1,7353,-5.252490,0.000000,0.610865,5.011205,0.170973,53.042046,-79.014641_308.808899i,53.719444_314.198151i,0,1,0,0.00
1386782272,1,1,1,7353,-5.252490,0.000000,0.610865,5.071710,0.170973,53.042046,-79.014641_308.808899i,53.719444_314.198151i,0,1,0,0.00
1386782273,1,1,0,7353,-5.252490,0.000000,0.610865,5.113598,0.170973,53.042046,-79.014641_308.808899i,53.719444_314.198151i,0,1,0,0.00
1386782273,0,0,0,6,-5.252490,0.000000,0.610865,5.276495,0.170973,53.773678,-79.014641_308.808899i,53.719444_314.198151i,0,1,0,0.00
1386782273,0,0,0,6,-5.252490,0.000000,0.610865,5.439393,0.170973,53.668320,-79.014641_308.808899i,53.719444_314.198151i,0,1,0,0.00
1386782273,0,0,0,6,-5.252490,0.000000,0.610865,5.602290,0.170973,53.561543,-79.014641_308.808899i,53.719444_314.198151i,0,1,0,0.00
1386782274,0,0,0,6,-5.252490,0.000000,0.610865,5.765188,0.170973,53.452145,-79.014641_308.808899i,53.719444_314.198151i,0,1,0,0.00
1386782274,0,0,0,6,-5.252490,0.000000,0.610865,5.928085,0.170973,53.341476,-79.014641_308.808899i,53.719444_314.198151i,0,1,0,0.00
1386782274,0,0,0,6,-5.252490,0.000000,0.610865,6.090982,0.170973,53.234650,-79.014641_308.808899i,53.719444_314.198151i,0,1,0,0.00
1386782274,0,0,0,6,-5.252490,0.000000,0.610865,6.253880,0.170973,53.134407,-79.014641_308.808899i,53.719444_314.198151i,0,1,0,0.00
1386782275,0,0,0,6,-5.252490,0.000000,0.610865,6.416777,0.170973,53.041904,-79.014641_308.808899i,53.719444_314.198151i,0,1,0,0.00
1386782275,0,0,0,6,-5.252490,0.000000,0.610865,6.542441,0.170973,52.958153,-79.014641_308.808899i,53.719444_314.198151i,0,1,0,0.00
1386782275,0,0,0,6,-5.252490,0.000000,0.610865,6.635525,0.170973,52.879478,-79.014641_308.808899i,53.719444_314.198151i,0,1,0,0.00
1386782275,0,0,0,6,-5.252490,0.000000,0.610865,6.705338,0.170973,52.804394,-79.014641_308.808899i,53.719444_314.198151i,0,1,0,0.00
1386782276,0,0,0,6,-5.252490,0.000000,0.610865,6.756535,0.170973,52.737827,-79.014641_308.808899i,53.719444_314.198151i,0,1,0,0.00
1386782276,0,0,0,6,-5.252490,0.000000,0.610865,6.793768,0.170973,52.669674,-79.014641_308.808899i,53.719444_314.198151i,0,1,0,0.00
1386782276,0,0,0,6,-5.252490,0.000000,0.610865,6.821694,0.170973,52.604855,-79.014641_308.808899i,53.719444_314.198151i,0,1,0,0.00
1386782276,0,0,0,6,-5.252490,0.000000,0.610865,6.840311,0.170973,52.543293,-79.014641_308.808899i,53.719444_314.198151i,0,1,0,0.00
1386782277,0,0,0,6,-5.252490,0.000000,0.610865,6.854273,0.170973,52.482021,-79.014641_308.808899i,53.719444_314.198151i,0,1,0,0.00
1386782277,0,0,0,6,-5.252490,0.000000,0.610865,6.863582,0.170973,52.426201,-79.014641_308.808899i,53.719444_314.198151i,0,1,0,0.00
1386782277,0,0,0,6,-5.252490,0.000000,0.610865,6.872890,0.170973,52.368404,-79.014641_308.808899i,53.719444_314.198151i,0,1,0,0.00
1386782277,0,0,0,6,-5.252490,0.000000,0.610865,6.877544,0.170973,52.308052,-79.014641_308.808899i,53.719444_314.198151i,0,1,0,0.00
1386782278,0,0,0,6,-5.252490,0.000000,0.610865,6.882198,0.170973,52.250828,-79.014641_308.808899i,53.719444_314.198151i,0,1,0,0.00
1386782278,0,0,0,6,-5.252490,0.000000,0.610865,6.886853,0.170973,52.193890,-79.014641_308.808899i,53.719444_314.198151i,0,1,0,0.00
1386782278,0,0,0,6,-5.252490,0.000000,0.610865,6.886853,0.170973,52.134739,-79.014641_308.808899i,53.719444_314.198151i,0,1,0,0.00
1386782278,0,0,0,6,-5.252490,0.000000,0.610865,6.886853,0.170973,52.078377,-79.014641_308.808899i,53.719444_314.198151i,0,1,0,0.00
1386782279,0,0,0,6,-5.252490,0.000000,0.610865,6.886853,0.170973,52.022343,-79.014641_308.808899i,53.719444_314.198151i,0,1,0,0.00
1386782279,0,0,0,6,-5.252490,0.000000,0.610865,6.886853,0.170973,51.969296,-79.014641_308.808899i,53.719444_314.198151i,0,1,0,0.00
1386782279,0,0,0,6,-5.252490,0.000000,0.610865,6.886853,0.170973,51.914001,-79.014641_308.808899i,53.719444_314.198151i,0,1,0,0.00
1386782279,0,0,0,6,-5.252490,0.000000,0.610865,6.886853,0.170973,51.856495,-79.014641_308.808899i,53.719444_314.198151i,0,1,0,0.00
1386782280,0,0,0,6,-5.252490,0.000000,0.610865,6.886853,0.170973,51.801979,-79.014641_308.808899i,53.719444_314.198151i,0,1,0,0.00
1386782280,0,0,0,6,-5.252490,0.000000,0.610865,6.886853,0.170973,51.747864,-79.014641_308.808899i,53.719444_314.198151i,0,1,0,0.00
1386782280,0,0,0,6,-5.252490,0.000000,0.610865,6.886853,0.170973,51.691334,-79.014641_308.808899i,53.719444_314.198151i,0,1,0,0.00
1386782280,0,0,0,6,-5.252490,0.000000,0.610865,6.886853,0.170973,51.638023,-79.014641_308.808899i,53.719444_314.198151i,0,1,0,0.00
1386782281,0,0,0,6,-5.252490,0.000000,0.610865,6.886853,0.170973,51.585159,-79.014641_308.808899i,53.719444_314.198151i,0,1,0,0.00
1386782281,0,0,0,6,-5.252490,0.000000,0.610865,6.886853,0.170973,51.529842,-79.014641_308.808899i,53.719444_314.198151i,0,1,0,0.00
1386782281,0,0,0,6,-5.252490,0.000000,0.610865,6.886853,0.170973,51.477890,-79.014641_308.808899i,53.719444_314.198151i,0,1,0,0.00
1386782281,0,0,0,6,-5.252490,0.000000,0.610865,6.886853,0.170973,51.426437,-79.014641_308.808899i,53.719444_314.198151i,0,1,0,0.00
1386782282,0,0,0,6,-5.252490,0.000000,0.610865,6.886853,0.170973,51.372501,-79.014641_308.808899i,53.719444_314.198151i,0,1,0,0.00
1386782282,0,0,0,6,-5.252490,0.000000,0.610865,6.886853,0.170973,51.322075,-79.014641_308.808899i,53.719444_314.198151i,0,1,0,0.00
1386782282,0,0,0,6,-5.252490,0.000000,0.610865,6.886853,0.170973,51.272202,-79.014641_308.808899i,53.719444_314.198151i,0,1,0,0.00
1386782282,0,0,0,6,-5.252490,0.000000,0.610865,6.886853,0.170973,51.225945,-79.014641_308.808899i,53.719444_314.198151i,0,1,0,0.00
1386782283,0,0,0,6,-5.252490,0.000000,0.610865,6.886853,0.170973,51.177242,-79.014641_308.808899i,53.719444_314.198151i,0,1,0,0.00
1386782283,0,0,0,6,-5.252490,0.000000,0.610865,6.886853,0.170973,51.129150,-79.014641_308.808899i,53.719444_314.198151i,0,1,0,0.00
1386782283,0,0,0,6,-5.252490,0.000000,0.610865,6.886853,0.170973,51.081684,-79.014641_308.808899i,53.719444_314.198151i,0,1,0,0.00
1386782283,0,0,0,6,-5.252490,0.000000,0.610865,6.886853,0.170973,51.034866,-79.014641_308.808899i,53.719444_314.198151i,0,1,0,0.00
1386782284,0,0,0,6,-5.252490,0.000000,0.610865,6.886853,0.170973,50.985638,-79.014641_308.808899i,53.719444_314.198151i,0,1,0,0.00
1386782284,0,0,0,6,-5.252490,0.000000,0.610865,6.886853,0.170973,50.940182,-79.014641_308.808899i,53.719444_314.198151i,0,1,0,0.00
1386782284,0,0,0,6,-5.252490,0.000000,0.610865,6.886853,0.170973,50.895443,-79.014641_308.808899i,53.719444_314.198151i,0,1,0,0.00
1386782284,0,0,0,6,-5.252490,0.000000,0.610865,6.886853,0.170973,50.848370,-79.014641_308.808899i,53.719444_314.198151i,0,1,0,0.00
1386782285,0,0,0,6,-5.252490,0.000000,0.610865,6.886853,0.170973,50.805141,-79.014641_308.808899i,53.719444_314.198151i,0,1,0,0.00
1386782285,0,0,0,6,-5.252490,0.000000,0.610865,6.886853,0.170973,50.762707,-79.014641_308.808899i,53.719444_314.198151i,0,1,0,0.00
1386782285,0,0,0,6,-5.252490,0.000000,0.610865,6.886853,0.170973,50.718048,-79.014641_308.808899i,53.719444_314.198151i,0,1,0,0.00
1386782285,0,0,0,6,-5.252490,0.000000,0.610865,6.886853,0.170973,50.677288,-79.014641_308.808899i,53.719444_314.198151i,0,1,0,0.00
1386782286,0,0,0,6,-5.252490,0.000000,0.610865,6.886853,0.170973,50.637394,-79.014641_308.808899i,53.719444_314.198151i,0,1,0,0.00
1386782286,0,0,0,6,-5.252490,0.000000,0.610865,6.886853,0.170973,50.601357,-79.014641_308.808899i,53.719444_314.198151i,0,1,0,0.00
1386782286,0,0,0,6,-5.252490,0.000000,0.610865,6.886853,0.170973,50.563248,-79.014641_308.808899i,53.719444_314.198151i,0,1,0,0.00
1386782286,0,0,0,6,-5.252490,0.000000,0.610865,6.886853,0.170973,50.526089,-79.014641_308.808899i,53.719444_314.198151i,0,1,0,0.00
1386782287,0,0,0,6,-5.252490,0.000000,0.610865,6.886853,0.170973,50.488472,-79.014641_308.808899i,53.719444_314.198151i,0,1,0,0.00
1386782287,0,0,0,6,-5.252490,0.000000,0.610865,6.886853,0.170973,50.453339,-79.014641_308.808899i,53.719444_314.198151i,0,1,0,0.00
1386782287,0,0,0,6,-5.252490,0.000000,0.610865,6.886853,0.170973,50.416496,-79.014641_308.808899i,53.719444_314.198151i,0,1,0,0.00
1386782287,0,0,0,6,-5.252490,0.000000,0.610865,6.886853,0.170973,50.383514,-79.014641_308.808899i,53.719444_314.198151i,0,1,0,0.00
1386782288,0,0,0,6,-5.252490,0.000000,0.610865,6.886853,0.170973,50.351639,-79.014641_308.808899i,53.719444_314.198151i,0,1,0,0.00
1386782288,0,0,0,6,-5.252490,0.000000,0.610865,6.886853,0.170973,50.318329,-79.014641_308.808899i,53.719444_314.198151i,0,1,0,0.00
1386782288,0,0,0,6,-5.252490,0.000000,0.610865,6.886853,0.170973,50.288818,-79.014641_308.808899i,53.719444_314.198151i,0,1,0,0.00
1386782288,0,0,0,6,-5.252490,0.000000,0.610865,6.886853,0.170973,50.260513,-79.014641_308.808899i,53.719444_314.198151i,0,1,0,0.00
1386782289,0,0,0,6,-5.252490,0.000000,0.610865,6.886853,0.170973,50.231117,-79.014641_308.808899i,53.719444_314.198151i,0,1,0,0.00
1386782289,0,0,0,6,-5.252490,0.000000,0.610865,6.886853,0.170973,50.205414,-79.014641_308.808899i,53.719444_314.198151i,0,1,0,0.00
1386782289,0,0,0,6,-5.252490,0.000000,0.610865,6.886853,0.170973,50.181026,-79.014641_308.808899i,53.719444_314.198151i,0,1,0,0.00
1386782289,0,0,0,6,-5.252490,0.000000,0.610865,6.886853,0.170973,50.160038,-79.014641_308.808899i,53.719444_314.198151i,0,1,0,0.00
1386782290,0,0,0,6,-5.252490,0.000000,0.610865,6.886853,0.170973,50.138287,-79.014641_308.808899i,53.719444_314.198151i,0,1,0,0.00
1386782290,0,0,0,6,-5.252490,0.000000,0.610865,6.886853,0.170973,50.117958,-79.014641_308.808899i,53.719444_314.198151i,0,1,0,0.00
1386782290,0,0,0,6,-5.252490,0.000000,0.610865,6.886853,0.170973,50.099091,-79.014641_308.808899i,53.719444_314.198151i,0,1,0,0.00
1386782290,0,0,0,6,-5.252490,0.000000,0.610865,6.886853,0.170973,50.081726,-79.014641_308.808899i,53.719444_314.198151i,0,1,0,0.00
1386782291,0,0,0,6,-5.252490,0.000000,0.610865,6.886853,0.170973,50.064465,-79.014641_308.808899i,53.719444_314.198151i,0,1,0,0.00
1386782291,0,0,0,6,-5.252490,0.000000,0.610865,6.886853,0.170973,50.050373,-79.014641_308.808899i,53.719444_314.198151i,0,1,0,0.00
1386782291,0,0,0,6,-5.252490,0.000000,0.610865,6.886853,0.170973,50.037918,-79.014641_308.808899i,53.719444_314.198151i,0,1,0,0.00
1386782291,0,0,0,6,-5.252490,0.000000,0.610865,6.886853,0.170973,50.026165,-79.014641_308.808899i,53.719444_314.198151i,0,1,0,0.00
1386782292,0,0,0,6,-5.252490,0.000000,0.610865,6.886853,0.170973,50.017284,-79.014641_308.808899i,53.719444_314.198151i,0,1,0,0.00
1386782292,0,0,0,6,-5.252490,0.000000,0.610865,6.886853,0.170973,50.010189,-79.014641_308.808899i,53.719444_314.198151i,0,1,0,0.00
1386782292,0,0,0,6,-5.252490,0.000000,0.610865,6.886853,0.170973,50.004482,-79.014641_308.808899i,53.719444_314.198151i,0,1,0,0.00
1386782292,0,0,0,6,-5.252490,0.000000,0.610865,6.886853,0.170973,50.001282,-79.014641_308.808899i,53.719444_314.198151i,0,1,0,0.00
1386782293,0,0,0,6,-5.252490,0.000000,0.610865,6.886853,0.170973,50.000019,-79.014641_308.808899i,53.719444_314.198151i,0,1,0,0.00
1386782293,0,0,0,6,-5.252490,0.000000,0.610865,6.886853,0.170973,50.000938,-79.014641_308.808899i,53.719444_314.198151i,0,1,0,0.00
1386782293,0,0,0,6,-5.252490,0.000000,0.610865,6.886853,0.170973,50.003925,-79.014641_308.808899i,53.719444_314.198151i,0,1,0,0.00
1386782293,0,0,0,6,-5.252490,0.000000,0.610865,6.886853,0.170973,50.009018,-79.014641_308.808899i,53.719444_314.198151i,0,1,0,0.00
1386782294,0,0,0,6,-5.252490,0.000000,0.610865,6.886853,0.170973,50.015366,-79.014641_308.808899i,53.719444_314.198151i,0,1,0,0.00
1386782294,1,2,2,7353,-3.332627,0.000000,2.530727,6.886853,0.170973,50.024910,-79.014641_308.808899i,53.719444_314.198151i,0,1,0,0.00
1386782294,2,2,2,7353,-3.332627,0.000000,2.530727,6.723955,0.170973,50.024910,-79.014641_308.808899i,53.719444_314.198151i,0,1,0,0.00
1386782294,2,2,2,7353,-3.332627,0.000000,2.530727,6.561058,0.170973,50.024910,-79.014641_308.808899i,53.719444_314.198151i,0,1,0,0.00
1386782295,2,2,2,7353,-3.332627,0.000000,2.530727,6.398160,0.170973,50.024910,-79.014641_308.808899i,53.719444_314.198151i,0,1,0,0.00
1386782295,2,2,2,7353,-3.332627,0.000000,2.530727,6.235263,0.170973,50.024910,-79.014641_308.808899i,53.719444_314.198151i,0,1,0,0.00
1386782295,2,2,2,7353,-3.332627,0.000000,2.530727,6.072366,0.170973,50.024910,-79.014641_308.808899i,53.719444_314.198151i,0,1,0,0.00
1386782295,2,2,2,7353,-3.332627,0.000000,2.530727,5.909468,0.170973,50.024910,-79.014641_308.808899i,53.719444_314.198151i,0,1,0,0.00
1386782296,2,2,2,7353,-3.332627,0.000000,2.530727,5.746571,0.170973,50.024910,-79.014641_308.808899i,53.719444_314.198151i,0,1,0,0.00
1386782296,2,2,2,7353,-3.332627,0.000000,2.530727,5.611598,0.170973,50.024910,-79.014641_308.808899i,53.719444_314.198151i,0,1,0,0.00
1386782296,2,2,2,7353,-3.332627,0.000000,2.530727,5.509206,0.170973,50.024910,-79.014641_308.808899i,53.719444_314.198151i,0,1,0,0.00
1386782297,2,2,2,7353,-3.332627,0.000000,2.530727,5.434739,0.170973,50.024910,-79.014641_308.808899i,53.719444_314.198151i,0,1,0,0.00
1386782297,2,2,2,7353,-3.332627,0.000000,2.530727,5.383542,0.170973,50.024910,-79.014641_308.808899i,53.719444_314.198151i,0,1,0,0.00
1386782297,2,2,2,7353,-3.332627,0.000000,2.530727,5.346308,0.170973,50.024910,-79.014641_308.808899i,53.719444_314.198151i,0,1,0,0.00
1386782297,2,2,2,7353,-3.332627,0.000000,2.530727,5.318383,0.170973,50.024910,-79.014641_308.808899i,53.719444_314.198151i,0,1,0,0.00
1386782298,2,2,2,7353,-3.332627,0.000000,2.530727,5.295112,0.170973,50.024910,-79.014641_308.808899i,53.719444_314.198151i,0,1,0,0.00
1386782298,2,2,2,7353,-3.332627,0.000000,2.530727,5.281149,0.170973,50.024910,-79.014641_308.808899i,53.719444_314.198151i,0,1,0,0.00
1386782298,2,2,2,7353,-3.332627,0.000000,2.530727,5.267187,0.170973,50.024910,-79.014641_308.808899i,53.719444_314.198151i,0,1,0,0.00
1386782298,2,2,2,7353,-3.332627,0.000000,2.530727,5.257878,0.170973,50.024910,-79.014641_308.808899i,53.719444_314.198151i,0,1,0,0.00
1386782299,2,2,2,7353,-3.332627,0.000000,2.530727,5.253224,0.170973,50.024910,-79.014641_308.808899i,53.719444_314.198151i,0,1,0,0.00
1386782299,2,2,2,7353,-3.332627,0.000000,2.530727,5.248569,0.170973,50.024910,-79.014641_308.808899i,53.719444_314.198151i,0,1,0,0.00
1386782299,2,2,2,7353,-3.332627,0.000000,2.530727,5.243916,0.170973,50.024910,-79.014641_308.808899i,53.719444_314.198151i,0,1,0,0.00
1386782299,2,2,2,7353,-3.332627,0.000000,2.530727,5.243916,0.170973,50.024910,-79.014641_308.808899i,53.719444_314.198151i,0,1,0,0.00
1386782300,2,2,2,7353,-3.332627,0.000000,2.530727,5.243916,0.170973,50.024910,-79.014641_308.808899i,53.719444_314.198151i,0,1,0,0.00
1386782300,2,2,2,7353,-3.332627,0.000000,2.530727,5.243916,0.170973,50.024910,-79.014641_308.808899i,53.719444_314.198151i,0,1,0,0.00
1386782300,2,2,2,7353,-3.332627,0.000000,2.530727,5.243916,0.170973,50.024910,-79.014641_308.808899i,53.719444_314.198151i,0,1,0,0.00
1386782300,2,2,2,7353,-3.332627,0.000000,2.530727,5.243916,0.170973,50.024910,-79.014641_308.808899i,53.719444_314.198151i,0,1,0,0.00
1386782301,2,2,2,7353,-3.332627,0.000000,2.530727,5.081018,0.170973,50.024910,-79.014641_308.808899i,53.719444_314.198151i,0,1,0,0.00
1386782301,2,2,2,7353,-3.332627,0.000000,2.530727,4.918121,0.170973,50.024910,-79.014641_308.808899i,53.719444_314.198151i,0,1,0,0.00
1386782301,2,2,2,7353,-3.332627,0.000000,2.530727,4.755224,0.170973,50.024910,-79.014641_308.808899i,53.719444_314.198151i,0,1,0,0.00
1386782301,2,2,2,7353,-3.332627,0.000000,2.530727,4.606288,0.170973,50.024910,-79.014641_308.808899i,53.719444_314.198151i,0,1,0,0.00
1386782302,2,2,2,7353,-3.332627,0.000000,2.530727,4.494588,0.170973,50.024910,-79.014641_308.808899i,53.719444_314.198151i,0,1,0,0.00
1386782302,2,2,2,7353,-3.332627,0.000000,2.530727,4.410812,0.170973,50.024910,-79.014641_308.808899i,53.719444_314.198151i,0,1,0,0.00
1386782302,2,2,2,7353,-3.332627,0.000000,2.530727,4.350307,0.170973,50.024910,-79.014641_308.808899i,53.719444_314.198151i,0,1,0,0.00
1386782302,2,2,0,7353,-3.332627,0.000000,2.530727,4.308419,0.170973,50.024910,-79.014641_308.808899i,53.719444_314.198151i,0,1,0,0.00
1386782303,0,0,0,4,-3.332627,0.000000,2.530727,4.145522,0.170973,50.416092,-79.014641_308.808899i,53.719444_314.198151i,0,1,0,0.00
1386782303,0,0,0,4,-3.332627,0.000000,2.530727,3.982625,0.170973,50.386684,-79.014641_308.808899i,53.719444_314.198151i,0,1,0,0.00
1386782303,0,0,0,4,-3.332627,0.000000,2.530727,3.819727,0.170973,50.349190,-79.014641_308.808899i,53.719444_314.198151i,0,1,0,0.00
1386782303,0,0,0,4,-3.332627,0.000000,2.530727,3.656830,0.170973,50.313038,-79.014641_308.808899i,53.719444_314.198151i,0,1,0,0.00
1386782304,0,0,0,4,-3.332627,0.000000,2.530727,3.493933,0.170973,50.279995,-79.014641_308.808899i,53.719444_314.198151i,0,1,0,0.00
1386782304,0,0,0,4,-3.332627,0.000000,2.530727,3.331035,0.170973,50.245445,-79.014641_308.808899i,53.719444_314.198151i,0,1,0,0.00
1386782304,0,0,0,4,-3.332627,0.000000,2.530727,3.168138,0.170973,50.214767,-79.014641_308.808899i,53.719444_314.198151i,0,1,0,0.00
1386782304,0,0,0,4,-3.332627,0.000000,2.530727,3.005241,0.170973,50.187519,-79.014641_308.808899i,53.719444_314.198151i,0,1,0,0.00
1386782305,0,0,0,4,-3.332627,0.000000,2.530727,2.879577,0.170973,50.160637,-79.014641_308.808899i,53.719444_314.198151i,0,1,0,0.00
1386782305,0,0,0,4,-3.332627,0.000000,2.530727,2.786493,0.170973,50.135757,-79.014641_308.808899i,53.719444_314.198151i,0,1,0,0.00
1386782305,0,0,0,4,-3.332627,0.000000,2.530727,2.716680,0.170973,50.113495,-79.014641_308.808899i,53.719444_314.198151i,0,1,0,0.00
1386782305,0,0,0,4,-3.332627,0.000000,2.530727,2.665484,0.170973,50.096584,-79.014641_308.808899i,53.719444_314.198151i,0,1,0,0.00
1386782306,0,0,0,4,-3.332627,0.000000,2.530727,2.628250,0.170973,50.079102,-79.014641_308.808899i,53.719444_314.198151i,0,1,0,0.00
1386782306,0,0,0,4,-3.332627,0.000000,2.530727,2.600324,0.170973,50.063732,-79.014641_308.808899i,53.719444_314.198151i,0,1,0,0.00
1386782306,0,0,0,4,-3.332627,0.000000,2.530727,2.581707,0.170973,50.049953,-79.014641_308.808899i,53.719444_314.198151i,0,1,0,0.00
1386782306,0,0,0,4,-3.332627,0.000000,2.530727,2.567745,0.170973,50.037434,-79.014641_308.808899i,53.719444_314.198151i,0,1,0,0.00
1386782307,0,0,0,4,-3.332627,0.000000,2.530727,2.558437,0.170973,50.026962,-79.014641_308.808899i,53.719444_314.198151i,0,1,0,0.00
1386782307,0,0,0,4,-3.332627,0.000000,2.530727,2.549128,0.170973,50.018162,-79.014641_308.808899i,53.719444_314.198151i,0,1,0,0.00
1386782307,0,0,0,4,-3.332627,0.000000,2.530727,2.544474,0.170973,50.010864,-79.014641_308.808899i,53.719444_314.198151i,0,1,0,0.00
1386782307,0,0,0,4,-3.332627,0.000000,2.530727,2.539820,0.170973,50.005547,-79.014641_308.808899i,53.719444_314.198151i,0,1,0,0.00
1386782308,0,0,0,4,-3.332627,0.000000,2.530727,2.535166,0.170973,50.001984,-79.014641_308.808899i,53.719444_314.198151i,0,1,0,0.00
1386782308,0,0,0,4,-3.332627,0.000000,2.530727,2.535166,0.170973,50.000210,-79.014641_308.808899i,53.719444_314.198151i,0,1,0,0.00
1386782308,0,0,0,4,-3.332627,0.000000,2.530727,2.535166,0.170973,50.000248,-79.014641_308.808899i,53.719444_314.198151i,0,1,0,0.00
1386782308,0,0,0,4,-3.332627,0.000000,2.530727,2.535166,0.170973,50.002136,-79.014641_308.808899i,53.719444_314.198151i,0,1,0,0.00
1386782309,0,0,0,4,-3.332627,0.000000,2.530727,2.535166,0.170973,50.005898,-79.014641_308.808899i,53.719444_314.198151i,0,1,0,0.00
1386782309,0,0,0,4,-3.332627,0.000000,2.530727,2.535166,0.170973,50.011776,-79.014641_308.808899i,53.719444_314.198151i,0,1,0,0.00
1386782309,0,0,0,4,-3.332627,0.000000,2.530727,2.535166,0.170973,50.019440,-79.014641_308.808899i,53.719444_314.198151i,0,1,0,0.00
1386782309,0,0,0,4,-3.332627,0.000000,2.530727,2.535166,0.170973,50.029076,-79.014641_308.808899i,53.719444_314.198151i,0,1,0,0.00
1386782310,0,0,0,4,-3.332627,0.000000,2.530727,2.535166,0.170973,50.040707,-79.014641_308.808899i,53.719444_314.198151i,0,1,0,0.00
1386782310,0,0,0,4,-3.332627,0.000000,2.530727,2.535166,0.170973,50.054829,-79.014641_308.808899i,53.719444_314.198151i,0,1,0,0.00
1386782310,0,0,0,4,-3.332627,0.000000,2.530727,2.535166,0.170973,50.070618,-79.014641_308.808899i,53.719444_314.198151i,0,1,0,0.00
1386782310,0,0,0,4,-3.332627,0.000000,2.530727,2.535166,0.170973,50.088505,-79.014641_308.808899i,53.719444_314.198151i,0,1,0,0.00
1386782311,0,0,0,4,-3.332627,0.000000,2.530727,2.535166,0.170973,50.109177,-79.014641_308.808899i,53.719444_314.198151i,0,1,0,0.00
1386782311,0,0,0,4,-3.332627,0.000000,2.530727,2.535166,0.170973,50.131413,-79.014641_308.808899i,53.719444_314.198151i,0,1,0,0.00
1386782311,0,0,0,4,-3.332627,0.000000,2.530727,2.535166,0.170973,50.155846,-79.014641_308.808899i,53.719444_314.198151i,0,1,0,0.00
1386782311,0,0,0,4,-3.332627,0.000000,2.530727,2.535166,0.170973,50.182503,-79.014641_308.808899i,53.719444_314.198151i,0,1,0,0.00
1386782312,0,0,0,4,-3.332627,0.000000,2.530727,2.535166,0.170973,50.212360,-79.014641_308.808899i,53.719444_314.198151i,0,1,0,0.00
1386782312,0,0,0,4,-3.332627,0.000000,2.530727,2.535166,0.170973,50.243637,-79.014641_308.808899i,53.719444_314.198151i,0,1,0,0.00
1386782312,0,0,0,4,-3.332627,0.000000,2.530727,2.535166,0.170973,50.277245,-79.014641_308.808899i,53.719444_314.198151i,0,1,0,0.00
1386782312,0,0,0,4,-3.332627,0.000000,2.530727,2.535166,0.170973,50.313213,-79.014641_308.808899i,53.719444_314.198151i,0,1,0,0.00
1386782313,0,0,0,4,-3.332627,0.000000,2.530727,2.535166,0.170973,50.351574,-79.014641_308.808899i,53.719444_314.198151i,0,1,0,0.00
1386782313,0,0,0,4,-3.332627,0.000000,2.530727,2.535166,0.170973,50.392361,-79.014641_308.808899i,53.719444_314.198151i,0,1,0,0.00
1386782313,0,0,0,4,-3.332627,0.000000,2.530727,2.535166,0.170973,50.435616,-79.014641_308.808899i,53.719444_314.198151i,0,1,0,0.00
1386782313,0,0,0,4,-3.332627,0.000000,2.530727,2.535166,0.170973,50.482838,-79.014641_308.808899i,53.719444_314.198151i,0,1,0,0.00
1386782314,0,0,0,4,-3.332627,0.000000,2.530727,2.535166,0.170973,50.531197,-79.014641_308.808899i,53.719444_314.198151i,0,1,0,0.00
1386782314,0,0,0,4,-3.332627,0.000000,2.530727,2.535166,0.170973,50.582130,-79.014641_308.808899i,53.719444_314.198151i,0,1,0,0.00
1386782314,0,0,0,4,-3.332627,0.000000,2.530727,2.535166,0.170973,50.635666,-79.014641_308.808899i,53.719444_314.198151i,0,1,0,0.00
1386782314,0,0,0,4,-3.332627,0.000000,2.530727,2.535166,0.170973,50.691837,-79.014641_308.808899i,53.719444_314.198151i,0,1,0,0.00
1386782315,0,0,0,4,-3.332627,0.000000,2.530727,2.535166,0.170973,50.750687,-79.014641_308.808899i,53.719444_314.198151i,0,1,0,0.00
1386782315,0,0,0,4,-3.332627,0.000000,2.530727,2.535166,0.170973,50.812248,-79.014641_308.808899i,53.719444_314.198151i,0,1,0,0.00
1386782315,0,0,0,4,-3.332627,0.000000,2.530727,2.535166,0.170973,50.878609,-79.014641_308.808899i,53.719444_314.198151i,0,1,0,0.00
1386782315,0,0,0,4,-3.332627,0.000000,2.530727,2.535166,0.170973,50.945786,-79.014641_308.808899i,53.719444_314.198151i,0,1,0,0.00
1386782316,0,0,0,4,-3.332627,0.000000,2.530727,2.535166,0.170973,51.015781,-79.014641_308.808899i,53.719444_314.198151i,0,1,0,0.00
1386782316,0,0,0,4,-3.332627,0.000000,2.530727,2.535166,0.170973,51.088634,-79.014641_308.808899i,53.719444_314.198151i,0,1,0,0.00
1386782316,0,0,0,4,-3.332627,0.000000,2.530727,2.535166,0.170973,51.164383,-79.014641_308.808899i,53.719444_314.198151i,0,1,0,0.00
1386782316,0,0,0,4,-3.332627,0.000000,2.530727,2.535166,0.170973,51.243061,-79.014641_308.808899i,53.719444_314.198151i,0,1,0,0.00
1386782317,0,0,0,4,-3.332627,0.000000,2.530727,2.535166,0.170973,51.324703,-79.014641_308.808899i,53.719444_314.198151i,0,1,0,0.00
1386782317,0,0,0,4,-3.332627,0.000000,2.530727,2.535166,0.170973,51.412045,-79.014641_308.808899i,53.719444_314.198151i,0,1,0,0.00
1386782317,0,0,0,4,-3.332627,0.000000,2.530727,2.535166,0.170973,51.499828,-79.014641_308.808899i,53.719444_314.198151i,0,1,0,0.00
1386782317,0,0,0,4,-3.332627,0.000000,2.530727,2.535166,0.170973,51.590694,-79.014641_308.808899i,53.719444_314.198151i,0,1,0,0.00
1386782318,0,0,0,4,-3.332627,0.000000,2.530727,2.535166,0.170973,51.684673,-79.014641_308.808899i,53.719444_314.198151i,0,1,0,0.00
1386782318,0,0,0,4,-3.332627,0.000000,2.530727,2.535166,0.170973,51.781807,-79.014641_308.808899i,53.719444_314.198151i,0,1,0,0.00
1386782318,0,0,0,4,-3.332627,0.000000,2.530727,2.535166,0.170973,51.882133,-79.014641_308.808899i,53.719444_314.198151i,0,1,0,0.00
1386782318,0,0,0,4,-3.332627,0.000000,2.530727,2.535166,0.170973,51.985691,-79.014641_308.808899i,53.719444_314.198151i,0,1,0,0.00
1386782319,0,0,0,4,-3.332627,0.000000,2.530727,2.535166,0.170973,52.095909,-79.014641_308.808899i,53.719444_314.198151i,0,1,0,0.00
1386782319,0,0,0,4,-3.332627,0.000000,2.530727,2.535166,0.170973,52.206139,-79.014641_308.808899i,53.719444_314.198151i,0,1,0,0.00
1386782319,0,0,0,4,-3.332627,0.000000,2.530727,2.535166,0.170973,52.319721,-79.014641_308.808899i,53.719444_314.198151i,0,1,0,0.00
1386782319,0,0,0,4,-3.332627,0.000000,2.530727,2.535166,0.170973,52.436680,-79.014641_308.808899i,53.719444_314.198151i,0,1,0,0.00
1386782320,0,0,0,4,-3.332627,0.000000,2.530727,2.535166,0.170973,52.557060,-79.014641_308.808899i,53.719444_314.198151i,0,1,0,0.00
1386782320,0,0,0,4,-3.332627,0.000000,2.530727,2.535166,0.170973,52.680904,-79.014641_308.808899i,53.719444_314.198151i,0,1,0,0.00
1386782320,0,0,0,4,-3.332627,0.000000,2.530727,2.535166,0.170973,52.808243,-79.014641_308.808899i,53.719444_314.198151i,0,1,0,0.00
1386782320,0,0,0,4,-3.332627,0.000000,2.530727,2.535166,0.170973,52.943264,-79.014641_308.808899i,53.719444_314.198151i,0,1,0,0.00
1386782321,0,0,0,4,-3.332627,0.000000,2.530727,2.535166,0.170973,53.077827,-79.014641_308.808899i,53.719444_314.198151i,0,1,0,0.00
1386782321,0,0,0,4,-3.332627,0.000000,2.530727,2.535166,0.170973,53.216003,-79.014641_308.808899i,53.719444_314.198151i,0,1,0,0.00
1386782321,0,0,0,4,-3.332627,0.000000,2.530727,2.535166,0.170973,53.357834,-79.014641_308.808899i,53.719444_314.198151i,0,1,0,0.00
1386782321,0,0,0,4,-3.332627,0.000000,2.530727,2.535166,0.170973,53.503353,-79.014641_308.808899i,53.719444_314.198151i,0,1,0,0.00
1386782322,1,1,1,7353,-5.252490,0.000000,0.610865,2.535166,0.170973,53.652603,-79.014641_308.808899i,53.719444_314.198151i,0,1,0,0.00
1386782322,1,1,1,7353,-5.252490,0.000000,0.610865,2.698064,0.170973,53.652603,-79.014641_308.808899i,53.719444_314.198151i,0,1,0,0.00
1386782322,1,1,1,7353,-5.252490,0.000000,0.610865,2.860961,0.170973,53.652603,-79.014641_308.808899i,53.719444_314.198151i,0,1,0,0.00
1386782323,1,1,1,7353,-5.252490,0.000000,0.610865,3.023858,0.170973,53.652603,-79.014641_308.808899i,53.719444_314.198151i,0,1,0,0.00
1386782323,1,1,1,7353,-5.252490,0.000000,0.610865,3.186756,0.170973,53.652603,-79.014641_308.808899i,53.719444_314.198151i,0,1,0,0.00
1386782323,1,1,1,7353,-5.252490,0.000000,0.610865,3.349653,0.170973,53.652603,-79.014641_308.808899i,53.719444_314.198151i,0,1,0,0.00
1386782323,1,1,1,7353,-5.252490,0.000000,0.610865,3.512550,0.170973,53.652603,-79.014641_308.808899i,53.719444_314.198151i,0,1,0,0.00
1386782324,1,1,1,7353,-5.252490,0.000000,0.610865,3.675448,0.170973,53.652603,-79.014641_308.808899i,53.719444_314.198151i,0,1,0,0.00
1386782324,1,1,1,7353,-5.252490,0.000000,0.610865,3.810420,0.170973,53.652603,-79.014641_308.808899i,53.719444_314.198151i,0,1,0,0.00
1386782324,1,1,1,7353,-5.252490,0.000000,0.610865,3.912812,0.170973,53.652603,-79.014641_308.808899i,53.719444_314.198151i,0,1,0,0.00
1386782324,1,1,1,7353,-5.252490,0.000000,0.610865,3.987280,0.170973,53.652603,-79.014641_308.808899i,53.719444_314.198151i,0,1,0,0.00
1386782325,1,1,1,7353,-5.252490,0.000000,0.610865,4.043130,0.170973,53.652603,-79.014641_308.808899i,53.719444_314.198151i,0,1,0,0.00
1386782325,1,1,1,7353,-5.252490,0.000000,0.610865,4.080364,0.170973,53.652603,-79.014641_308.808899i,53.719444_314.198151i,0,1,0,0.00
1386782325,1,1,1,7353,-5.252490,0.000000,0.610865,4.108290,0.170973,53.652603,-79.014641_308.808899i,53.719444_314.198151i,0,1,0,0.00
1386782325,1,1,1,7353,-5.252490,0.000000,0.610865,4.131560,0.170973,53.652603,-79.014641_308.808899i,53.719444_314.198151i,0,1,0,0.00
1386782326,1,1,1,7353,-5.252490,0.000000,0.610865,4.145523,0.170973,53.652603,-79.014641_308.808899i,53.719444_314.198151i,0,1,0,0.00
1386782326,1,1,1,7353,-5.252490,0.000000,0.610865,4.154832,0.170973,53.652603,-79.014641_308.808899i,53.719444_314.198151i,0,1,0,0.00
1386782326,1,1,1,7353,-5.252490,0.000000,0.610865,4.164140,0.170973,53.652603,-79.014641_308.808899i,53.719444_314.198151i,0,1,0,0.00
1386782326,1,1,1,7353,-5.252490,0.000000,0.610865,4.168794,0.170973,53.652603,-79.014641_308.808899i,53.719444_314.198151i,0,1,0,0.00
1386782327,1,1,1,7353,-5.252490,0.000000,0.610865,4.173449,0.170973,53.652603,-79.014641_308.808899i,53.719444_314.198151i,0,1,0,0.00
1386782327,1,1,1,7353,-5.252490,0.000000,0.610865,4.178102,0.170973,53.652603,-79.014641_308.808899i,53.719444_314.198151i,0,1,0,0.00
1386782327,1,1,1,7353,-5.252490,0.000000,0.610865,4.182757,0.170973,53.652603,-79.014641_308.808899i,53.719444_314.198151i,0,1,0,0.00
1386782327,1,1,1,7353,-5.252490,0.000000,0.610865,4.182757,0.170973,53.652603,-79.014641_308.808899i,53.719444_314.198151i,0,1,0,0.00
1386782328,1,1,1,7353,-5.252490,0.000000,0.610865,4.182757,0.170973,53.652603,-79.014641_308.808899i,53.719444_314.198151i,0,1,0,0.00
1386782328,1,1,1,7353,-5.252490,0.000000,0.610865,4.182757,0.170973,53.652603,-79.014641_308.808899i,53.719444_314.198151i,0,1,0,0.00
1386782328,1,1,1,7353,-5.252490,0.000000,0.610865,4.182757,0.170973,53.652603,-79.014641_308.808899i,53.719444_314.198151i,0,1,0,0.00
1386782328,1,1,1,7353,-5.252490,0.000000,0.610865,4.345654,0.170973,53.652603,-79.014641_308.808899i,53.719444_314.198151i,0,1,0,0.00
1386782329,1,1,1,7353,-5.252490,0.000000,0.610865,4.508552,0.170973,53.652603,-79.014641_308.808899i,53.719444_314.198151i,0,1,0,0.00
1386782329,1,1,1,7353,-5.252490,0.000000,0.610865,4.671449,0.170973,53.652603,-79.014641_308.808899i,53.719444_314.198151i,0,1,0,0.00
1386782329,1,1,1,7353,-5.252490,0.000000,0.610865,4.820384,0.170973,53.652603,-79.014641_308.808899i,53.719444_314.198151i,0,1,0,0.00
1386782329,1,1,1,7353,-5.252490,0.000000,0.610865,4.932085,0.170973,53.652603,-79.014641_308.808899i,53.719444_314.198151i,0,1,0,0.00
1386782330,1,1,1,7353,-5.252490,0.000000,0.610865,5.011206,0.170973,53.652603,-79.014641_308.808899i,53.719444_314.198151i,0,1,0,0.00
1386782330,1,1,1,7353,-5.252490,0.000000,0.610865,5.071711,0.170973,53.652603,-79.014641_308.808899i,53.719444_314.198151i,0,1,0,0.00
1386782330,1,1,0,7353,-5.252490,0.000000,0.610865,5.113599,0.170973,53.652603,-79.014641_308.808899i,53.719444_314.198151i,0,1,0,0.00
1386782330,0,0,0,6,-5.252490,0.000000,0.610865,5.276496,0.170973,54.457844,-79.014641_308.808899i,53.719444_314.198151i,0,1,0,0.00
1386782331,0,0,0,6,-5.252490,0.000000,0.610865,5.439394,0.170973,54.327675,-79.014641_308.808899i,53.719444_314.198151i,0,1,0,0.00
1386782331,0,0,0,6,-5.252490,0.000000,0.610865,5.602291,0.170973,54.195560,-79.014641_308.808899i,53.719444_314.198151i,0,1,0,0.00
1386782331,0,0,0,6,-5.252490,0.000000,0.610865,5.765189,0.170973,54.057957,-79.014641_308.808899i,53.719444_314.198151i,0,1,0,0.00
1386782331,0,0,0,6,-5.252490,0.000000,0.610865,5.928086,0.170973,53.921436,-79.014641_308.808899i,53.719444_314.198151i,0,1,0,0.00
1386782332,0,0,0,6,-5.252490,0.000000,0.610865,6.090983,0.170973,53.791378,-79.014641_308.808899i,53.719444_314.198151i,0,1,0,0.00
1386782332,0,0,0,6,-5.252490,0.000000,0.610865,6.253881,0.170973,53.670170,-79.014641_308.808899i,53.719444_314.198151i,0,1,0,0.00
1386782332,0,0,0,6,-5.252490,0.000000,0.610865,6.416778,0.170973,53.557011,-79.014641_308.808899i,53.719444_314.198151i,0,1,0,0.00
1386782332,0,0,0,6,-5.252490,0.000000,0.610865,6.542442,0.170973,53.458080,-79.014641_308.808899i,53.719444_314.198151i,0,1,0,0.00
1386782333,0,0,0,6,-5.252490,0.000000,0.610865,6.635526,0.170973,53.362442,-79.014641_308.808899i,53.719444_314.198151i,0,1,0,0.00
1386782333,0,0,0,6,-5.252490,0.000000,0.610865,6.705339,0.170973,53.273365,-79.014641_308.808899i,53.719444_314.198151i,0,1,0,0.00
1386782333,0,0,0,6,-5.252490,0.000000,0.610865,6.756536,0.170973,53.188477,-79.014641_308.808899i,53.719444_314.198151i,0,1,0,0.00
1386782333,0,0,0,6,-5.252490,0.000000,0.610865,6.793769,0.170973,53.113247,-79.014641_308.808899i,53.719444_314.198151i,0,1,0,0.00
1386782334,0,0,0,6,-5.252490,0.000000,0.610865,6.821695,0.170973,53.036507,-79.014641_308.808899i,53.719444_314.198151i,0,1,0,0.00
1386782334,0,0,0,6,-5.252490,0.000000,0.610865,6.840312,0.170973,52.963673,-79.014641_308.808899i,53.719444_314.198151i,0,1,0,0.00
1386782334,0,0,0,6,-5.252490,0.000000,0.610865,6.854274,0.170973,52.891121,-79.014641_308.808899i,53.719444_314.198151i,0,1,0,0.00
1386782334,0,0,0,6,-5.252490,0.000000,0.610865,6.863583,0.170973,52.822380,-79.014641_308.808899i,53.719444_314.198151i,0,1,0,0.00
1386782335,0,0,0,6,-5.252490,0.000000,0.610865,6.872891,0.170973,52.756187,-79.014641_308.808899i,53.719444_314.198151i,0,1,0,0.00
1386782335,0,0,0,6,-5.252490,0.000000,0.610865,6.877545,0.170973,52.684582,-79.014641_308.808899i,53.719444_314.198151i,0,1,0,0.00
1386782335,0,0,0,6,-5.252490,0.000000,0.610865,6.882199,0.170973,52.616730,-79.014641_308.808899i,53.719444_314.198151i,0,1,0,0.00
1386782335,0,0,0,6,-5.252490,0.000000,0.610865,6.886854,0.170973,52.549171,-79.014641_308.808899i,53.719444_314.198151i,0,1,0,0.00
1386782336,0,0,0,6,-5.252490,0.000000,0.610865,6.886854,0.170973,52.481926,-79.014641_308.808899i,53.719444_314.198151i,0,1,0,0.00
1386782336,0,0,0,6,-5.252490,0.000000,0.610865,6.886854,0.170973,52.412354,-79.014641_308.808899i,53.719444_314.198151i,0,1,0,0.00
1386782336,0,0,0,6,-5.252490,0.000000,0.610865,6.886854,0.170973,52.345707,-79.014641_308.808899i,53.719444_314.198151i,0,1,0,0.00
1386782336,0,0,0,6,-5.252490,0.000000,0.610865,6.886854,0.170973,52.279419,-79.014641_308.808899i,53.719444_314.198151i,0,1,0,0.00
1386782337,0,0,0,6,-5.252490,0.000000,0.610865,6.886854,0.170973,52.210670,-79.014641_308.808899i,53.719444_314.198151i,0,1,0,0.00
1386782337,0,0,0,6,-5.252490,0.000000,0.610865,6.886854,0.170973,52.145103,-79.014641_308.808899i,53.719444_314.198151i,0,1,0,0.00
1386782337,0,0,0,6,-5.252490,0.000000,0.610865,6.886854,0.170973,52.079952,-79.014641_308.808899i,53.719444_314.198151i,0,1,0,0.00
1386782337,0,0,0,6,-5.252490,0.000000,0.610865,6.886854,0.170973,52.012222,-79.014641_308.808899i,53.719444_314.198151i,0,1,0,0.00
1386782338,0,0,0,6,-5.252490,0.000000,0.610865,6.886854,0.170973,51.947914,-79.014641_308.808899i,53.719444_314.198151i,0,1,0,0.00
1386782338,0,0,0,6,-5.252490,0.000000,0.610865,6.886854,0.170973,51.884090,-79.014641_308.808899i,53.719444_314.198151i,0,1,0,0.00
1386782338,0,0,0,6,-5.252490,0.000000,0.610865,6.886854,0.170973,51.823940,-79.014641_308.808899i,53.719444_314.198151i,0,1,0,0.00
1386782338,0,0,0,6,-5.252490,0.000000,0.610865,6.886854,0.170973,51.761196,-79.014641_308.808899i,53.719444_314.198151i,0,1,0,0.00
1386782339,0,0,0,6,-5.252490,0.000000,0.610865,6.886854,0.170973,51.698994,-79.014641_308.808899i,53.719444_314.198151i,0,1,0,0.00
1386782339,0,0,0,6,-5.252490,0.000000,0.610865,6.886854,0.170973,51.637360,-79.014641_308.808899i,53.719444_314.198151i,0,1,0,0.00
1386782339,0,0,0,6,-5.252490,0.000000,0.610865,6.886854,0.170973,51.576324,-79.014641_308.808899i,53.719444_314.198151i,0,1,0,0.00
1386782339,0,0,0,6,-5.252490,0.000000,0.610865,6.886854,0.170973,51.512524,-79.014641_308.808899i,53.719444_314.198151i,0,1,0,0.00
1386782340,0,0,0,6,-5.252490,0.000000,0.610865,6.886854,0.170973,51.450027,-79.014641_308.808899i,53.719444_314.198151i,0,1,0,0.00
1386782340,0,0,0,6,-5.252490,0.000000,0.610865,6.886854,0.170973,51.390945,-79.014641_308.808899i,53.719444_314.198151i,0,1,0,0.00
1386782340,0,0,0,6,-5.252490,0.000000,0.610865,6.886854,0.170973,51.329082,-79.014641_308.808899i,53.719444_314.198151i,0,1,0,0.00
1386782340,0,0,0,6,-5.252490,0.000000,0.610865,6.886854,0.170973,51.271412,-79.014641_308.808899i,53.719444_314.198151i,0,1,0,0.00
1386782341,0,0,0,6,-5.252490,0.000000,0.610865,6.886854,0.170973,51.214500,-79.014641_308.808899i,53.719444_314.198151i,0,1,0,0.00
1386782341,0,0,0,6,-5.252490,0.000000,0.610865,6.886854,0.170973,51.154839,-79.014641_308.808899i,53.719444_314.198151i,0,1,0,0.00
1386782341,0,0,0,6,-5.252490,0.000000,0.610865,6.886854,0.170973,51.099533,-79.014641_308.808899i,53.719444_314.198151i,0,1,0,0.00
1386782341,0,0,0,6,-5.252490,0.000000,0.610865,6.886854,0.170973,51.045086,-79.014641_308.808899i,53.719444_314.198151i,0,1,0,0.00
1386782342,0,0,0,6,-5.252490,0.000000,0.610865,6.886854,0.170973,50.995098,-79.014641_308.808899i,53.719444_314.198151i,0,1,0,0.00
1386782342,0,0,0,6,-5.252490,0.000000,0.610865,6.886854,0.170973,50.942471,-79.014641_308.808899i,53.719444_314.198151i,0,1,0,0.00
1386782342,0,0,0,6,-5.252490,0.000000,0.610865,6.886854,0.170973,50.890793,-79.014641_308.808899i,53.719444_314.198151i,0,1,0,0.00
1386782342,0,0,0,6,-5.252490,0.000000,0.610865,6.886854,0.170973,50.840107,-79.014641_308.808899i,53.719444_314.198151i,0,1,0,0.00
1386782343,0,0,0,6,-5.252490,0.000000,0.610865,6.886854,0.170973,50.790451,-79.014641_308.808899i,53.719444_314.198151i,0,1,0,0.00
1386782343,0,0,0,6,-5.252490,0.000000,0.610865,6.886854,0.170973,50.738342,-79.014641_308.808899i,53.719444_314.198151i,0,1,0,0.00
1386782343,0,0,0,6,-5.252490,0.000000,0.610865,6.886854,0.170973,50.690876,-79.014641_308.808899i,53.719444_314.198151i,0,1,0,0.00
1386782343,0,0,0,6,-5.252490,0.000000,0.610865,6.886854,0.170973,50.644554,-79.014641_308.808899i,53.719444_314.198151i,0,1,0,0.00
1386782344,0,0,0,6,-5.252490,0.000000,0.610865,6.886854,0.170973,50.596008,-79.014641_308.808899i,53.719444_314.198151i,0,1,0,0.00
1386782344,0,0,0,6,-5.252490,0.000000,0.610865,6.886854,0.170973,50.552147,-79.014641_308.808899i,53.719444_314.198151i,0,1,0,0.00
1386782344,0,0,0,6,-5.252490,0.000000,0.610865,6.886854,0.170973,50.509567,-79.014641_308.808899i,53.719444_314.198151i,0,1,0,0.00
1386782344,0,0,0,6,-5.252490,0.000000,0.610865,6.886854,0.170973,50.465050,-79.014641_308.808899i,53.719444_314.198151i,0,1,0,0.00
1386782345,0,0,0,6,-5.252490,0.000000,0.610865,6.886854,0.170973,50.425224,-79.014641_308.808899i,53.719444_314.198151i,0,1,0,0.00
1386782345,0,0,0,6,-5.252490,0.000000,0.610865,6.886854,0.170973,50.386822,-79.014641_308.808899i,53.719444_314.198151i,0,1,0,0.00
1386782345,0,0,0,6,-5.252490,0.000000,0.610865,6.886854,0.170973,50.346851,-79.014641_308.808899i,53.719444_314.198151i,0,1,0,0.00
1386782345,0,0,0,6,-5.252490,0.000000,0.610865,6.886854,0.170973,50.311531,-79.014641_308.808899i,53.719444_314.198151i,0,1,0,0.00
1386782346,0,0,0,6,-5.252490,0.000000,0.610865,6.886854,0.170973,50.277790,-79.014641_308.808899i,53.719444_314.198151i,0,1,0,0.00
1386782346,0,0,0,6,-5.252490,0.000000,0.610865,6.886854,0.170973,50.248425,-79.014641_308.808899i,53.719444_314.198151i,0,1,0,0.00
1386782346,0,0,0,6,-5.252490,0.000000,0.610865,6.886854,0.170973,50.217884,-79.014641_308.808899i,53.719444_314.198151i,0,1,0,0.00
1386782346,0,0,0,0,-5.252490,0.000000,0.610865,6.886854,0.170973,50.217884,-79.014641_308.808899i,53.719444_314.198151i,0,1,0,0.00
1386782347,0,0,0,0,-5.252490,0.000000,0.610865,6.886854,0.170973,50.217884,-79.014641_308.808899i,53.719444_314.198151i,0,1,0,0.00
1386782347,0,0,0,0,-5.252490,0.000000,0.610865,6.886854,0.170973,50.217884,-79.014641_308.808899i,53.719444_314.198151i,0,1,0,0.00
1386782347,0,0,0,0,-5.252490,0.000000,0.610865,6.886854,0.170973,50.217884,-79.014641_308.808899i,53.719444_314.198151i,0,1,0,0.00
1386782347,0,0,0,0,-5.252490,0.000000,0.610865,6.886854,0.170973,50.217884,-79.014641_308.808899i,53.719444_314.198151i,0,1,0,0.00
1386782348,0,0,0,0,-5.252490,0.000000,0.610865,6.886854,0.170973,50.217884,-79.014641_308.808899i,53.719444_314.198151i,0,1,0,0.00
1386782348,0,0,0,0,-5.252490,0.000000,0.610865,6.886854,0.170973,50.217884,-79.014641_308.808899i,53.719444_314.198151i,0,1,0,0.00
