MCU_timestamp,sig1,sig2,sig3,fa_debug,theta_d1,theta_d,theta_d1_b,theta_b,a_x,b_x,X_b,X_T_b,sail_hc_periods,sail_hc_direction,sail_hc_val,sail_hc_MEAN_V
1386950004,0,0,0,0,0.000000,0.000000,0.000000,0.000000,0.000000,0.000000,0.000000_0.000000i,0.000000_0.000000i,0,1,0,0.00
1386950004,1,0,0,2,-6.601587,0.000000,-0.738233,5.765172,-1.099078,-74.296227,610.056580_-201.084869i,475.114685_-432.284851i,0,1,0,0.00
1386950004,1,0,0,2,-6.602573,0.000000,-0.739218,5.704667,-1.099078,-74.215858,610.056580_-201.084869i,475.114685_-432.284851i,0,1,0,0.00
1386950004,1,0,0,2,-6.602906,0.000000,-0.739552,5.662779,-1.099078,-74.188728,610.056580_-201.084869i,475.114685_-432.284851i,0,1,0,0.00
1386950005,1,0,0,2,-6.603242,0.000000,-0.739887,5.630199,-1.099078,-74.161453,610.056580_-201.084869i,475.114685_-432.284851i,0,1,0,0.00
1386950005,1,0,0,2,-6.603549,0.000000,-0.740195,5.606928,-1.099078,-74.136490,610.056580_-201.084869i,475.114685_-432.284851i,0,1,0,0.00
1386950005,1,0,0,2,-6.603889,0.000000,-0.740534,5.588312,-1.099078,-74.108940,610.056580_-201.084869i,475.114685_-432.284851i,0,1,0,0.00
1386950005,1,0,0,2,-6.603564,0.000000,-0.740210,5.574349,-1.099078,-74.135269,610.056580_-201.084869i,475.114685_-432.284851i,0,1,0,0.00
1386950006,1,0,0,2,-6.603876,0.000000,-0.740521,5.565040,-1.099078,-74.110016,610.056580_-201.084869i,475.114685_-432.284851i,0,1,0,0.00
1386950006,1,0,0,2,-6.604220,0.000000,-0.740865,5.560386,-1.099078,-74.082146,610.056580_-201.084869i,475.114685_-432.284851i,0,1,0,0.00
1386950006,1,0,0,2,-6.604535,0.000000,-0.741180,5.555732,-1.099078,-74.056625,610.056580_-201.084869i,475.114685_-432.284851i,0,1,0,0.00
1386950006,1,0,0,2,-6.604208,0.000000,-0.740854,5.551077,-1.099078,-74.083061,610.056580_-201.084869i,475.114685_-432.284851i,0,1,0,0.00
1386950007,1,0,0,2,-6.603911,0.000000,-0.740556,5.546423,-1.099078,-74.107185,610.056580_-201.084869i,475.114685_-432.284851i,0,1,0,0.00
1386950007,1,0,0,2,-6.604228,0.000000,-0.740873,5.546423,-1.099078,-74.081467,610.056580_-201.084869i,475.114685_-432.284851i,0,1,0,0.00
1386950007,1,0,0,2,-6.604548,0.000000,-0.741193,5.546423,-1.099078,-74.055611,610.056580_-201.084869i,475.114685_-432.284851i,0,1,0,0.00
1386950007,1,0,0,2,-6.604869,0.000000,-0.741514,5.546423,-1.099078,-74.029617,610.056580_-201.084869i,475.114685_-432.284851i,0,1,0,0.00
1386950008,1,0,0,2,-6.604538,0.000000,-0.741183,5.546423,-1.099078,-74.056366,610.056580_-201.084869i,475.114685_-432.284851i,0,1,0,0.00
1386950008,1,0,0,2,-6.604205,0.000000,-0.740850,5.546423,-1.099078,-74.083328,610.056580_-201.084869i,475.114685_-432.284851i,0,1,0,0.00
1386950008,1,0,0,2,-6.604528,0.000000,-0.741174,5.546423,-1.099078,-74.057137,610.056580_-201.084869i,475.114685_-432.284851i,0,1,0,0.00
1386950008,1,0,0,2,-6.604854,0.000000,-0.741500,5.546423,-1.099078,-74.030807,610.056580_-201.084869i,475.114685_-432.284851i,0,1,0,0.00
1386950009,1,0,0,2,-6.604519,0.000000,-0.741164,5.546423,-1.099078,-74.057915,610.056580_-201.084869i,475.114685_-432.284851i,0,1,0,0.00
1386950009,1,0,0,2,-6.604182,0.000000,-0.740827,5.546423,-1.099078,-74.085236,610.056580_-201.084869i,475.114685_-432.284851i,0,1,0,0.00
1386950009,1,0,0,2,-6.604509,0.000000,-0.741155,5.546423,-1.099078,-74.058701,610.056580_-201.084869i,475.114685_-432.284851i,0,1,0,0.00
1386950009,1,0,0,2,-6.604839,0.000000,-0.741484,5.546423,-1.099078,-74.032021,610.056580_-201.084869i,475.114685_-432.284851i,0,1,0,0.00
1386950010,1,0,0,2,-6.605171,0.000000,-0.741816,5.546423,-1.099078,-74.005203,610.056580_-201.084869i,475.114685_-432.284851i,0,1,0,0.00
1386950010,1,0,0,2,-6.604864,0.000000,-0.741509,5.546423,-1.099078,-74.030022,610.056580_-201.084869i,475.114685_-432.284851i,0,1,0,0.00
1386950010,1,0,0,2,-6.604522,0.000000,-0.741167,5.546423,-1.099078,-74.057678,610.056580_-201.084869i,475.114685_-432.284851i,0,1,0,0.00
1386950011,1,0,0,2,-6.604856,0.000000,-0.741502,5.546423,-1.099078,-74.030632,610.056580_-201.084869i,475.114685_-432.284851i,0,1,0,0.00
1386950011,1,0,0,2,-6.605193,0.000000,-0.741838,5.546423,-1.099078,-74.003441,610.056580_-201.084869i,475.114685_-432.284851i,0,1,0,0.00
1386950011,1,0,0,2,-6.604849,0.000000,-0.741494,5.546423,-1.099078,-74.031250,610.056580_-201.084869i,475.114685_-432.284851i,0,1,0,0.00
1386950011,1,0,0,2,-6.604502,0.000000,-0.741147,5.546423,-1.099078,-74.059288,610.056580_-201.084869i,475.114685_-432.284851i,0,1,0,0.00
1386950012,1,0,0,2,-6.604841,0.000000,-0.741486,5.546423,-1.099078,-74.031883,610.056580_-201.084869i,475.114685_-432.284851i,0,1,0,0.00
1386950012,1,0,0,2,-6.605182,0.000000,-0.741827,5.546423,-1.099078,-74.004318,610.056580_-201.084869i,475.114685_-432.284851i,0,1,0,0.00
1386950012,1,0,0,2,-6.605525,0.000000,-0.742171,5.546423,-1.099078,-73.976593,610.056580_-201.084869i,475.114685_-432.284851i,0,1,0,0.00
1386950012,1,0,0,2,-6.605176,0.000000,-0.741822,5.546423,-1.099078,-74.004761,610.056580_-201.084869i,475.114685_-432.284851i,0,1,0,0.00
1386950013,1,0,0,2,-6.604825,0.000000,-0.741470,5.546423,-1.099078,-74.033165,610.056580_-201.084869i,475.114685_-432.284851i,0,1,0,0.00
1386950013,1,0,0,2,-6.605171,0.000000,-0.741816,5.546423,-1.099078,-74.005219,610.056580_-201.084869i,475.114685_-432.284851i,0,1,0,0.00
1386950013,1,0,0,2,-6.605519,0.000000,-0.742164,5.546423,-1.099078,-73.977112,610.056580_-201.084869i,475.114685_-432.284851i,0,1,0,0.00
1386950013,1,0,0,2,-6.605199,0.000000,-0.741845,5.546423,-1.099078,-74.002930,610.056580_-201.084869i,475.114685_-432.284851i,0,1,0,0.00
1386950014,1,0,0,2,-6.604843,0.000000,-0.741488,5.546423,-1.099078,-74.031731,610.056580_-201.084869i,475.114685_-432.284851i,0,1,0,0.00
1386950014,1,0,0,2,-6.605194,0.000000,-0.741839,5.546423,-1.099078,-74.003380,610.056580_-201.084869i,475.114685_-432.284851i,0,1,0,0.00
1386950014,1,0,0,2,-6.605547,0.000000,-0.742192,5.546423,-1.099078,-73.974869,610.056580_-201.084869i,475.114685_-432.284851i,0,1,0,0.00
1386950014,1,0,0,2,-6.605188,0.000000,-0.741833,5.546423,-1.099078,-74.003830,610.056580_-201.084869i,475.114685_-432.284851i,0,1,0,0.00
1386950015,1,0,0,2,-6.604826,0.000000,-0.741472,5.546423,-1.099078,-74.033043,610.056580_-201.084869i,475.114685_-432.284851i,0,1,0,0.00
1386950015,1,0,0,2,-6.605182,0.000000,-0.741828,5.546423,-1.099078,-74.004295,610.056580_-201.084869i,475.114685_-432.284851i,0,1,0,0.00
1386950015,1,0,0,2,-6.605541,0.000000,-0.742186,5.546423,-1.099078,-73.975380,610.056580_-201.084869i,475.114685_-432.284851i,0,1,0,0.00
1386950015,1,0,0,2,-6.605902,0.000000,-0.742547,5.546423,-1.099078,-73.946289,610.056580_-201.084869i,475.114685_-432.284851i,0,1,0,0.00
1386950016,1,0,0,2,-6.605537,0.000000,-0.742183,5.546423,-1.099078,-73.975632,610.056580_-201.084869i,475.114685_-432.284851i,0,1,0,0.00
1386950016,1,0,0,2,-6.605171,0.000000,-0.741816,5.546423,-1.099078,-74.005241,610.056580_-201.084869i,475.114685_-432.284851i,0,1,0,0.00
1386950016,1,0,0,2,-6.605534,0.000000,-0.742180,5.546423,-1.099078,-73.975899,610.056580_-201.084869i,475.114685_-432.284851i,0,1,0,0.00
1386950016,1,0,0,2,-6.605900,0.000000,-0.742546,5.546423,-1.099078,-73.946388,610.056580_-201.084869i,475.114685_-432.284851i,0,1,0,0.00
1386950017,1,0,0,2,-6.605567,0.000000,-0.742212,5.546423,-1.099078,-73.973289,610.056580_-201.084869i,475.114685_-432.284851i,0,1,0,0.00
1386950017,1,0,0,2,-6.605195,0.000000,-0.741840,5.546423,-1.099078,-74.003319,610.056580_-201.084869i,475.114685_-432.284851i,0,1,0,0.00
1386950017,1,0,0,2,-6.605564,0.000000,-0.742209,5.546423,-1.099078,-73.973541,610.056580_-201.084869i,475.114685_-432.284851i,0,1,0,0.00
1386950017,1,0,0,2,-6.605935,0.000000,-0.742580,5.546423,-1.099078,-73.943573,610.056580_-201.084869i,475.114685_-432.284851i,0,1,0,0.00
1386950018,1,0,0,2,-6.606309,0.000000,-0.742955,5.546423,-1.099078,-73.913429,610.056580_-201.084869i,475.114685_-432.284851i,0,1,0,0.00
1386950018,1,0,0,2,-6.605935,0.000000,-0.742580,5.546423,-1.099078,-73.943604,610.056580_-201.084869i,475.114685_-432.284851i,0,1,0,0.00
1386950018,1,0,0,2,-6.605557,0.000000,-0.742202,5.546423,-1.099078,-73.974045,610.056580_-201.084869i,475.114685_-432.284851i,0,1,0,0.00
1386950018,1,0,0,2,-6.605935,0.000000,-0.742580,5.546423,-1.099078,-73.943634,610.056580_-201.084869i,475.114685_-432.284851i,0,1,0,0.00
1386950019,1,0,0,2,-6.606315,0.000000,-0.742960,5.546423,-1.099078,-73.913033,610.056580_-201.084869i,475.114685_-432.284851i,0,1,0,0.00
1386950019,1,0,0,2,-6.605934,0.000000,-0.742579,5.546423,-1.099078,-73.943665,610.056580_-201.084869i,475.114685_-432.284851i,0,1,0,0.00
1386950019,1,0,0,2,-6.605551,0.000000,-0.742196,5.546423,-1.099078,-73.974571,610.056580_-201.084869i,475.114685_-432.284851i,0,1,0,0.00
1386950019,1,0,0,2,-6.605934,0.000000,-0.742579,5.546423,-1.099078,-73.943695,610.056580_-201.084869i,475.114685_-432.284851i,0,1,0,0.00
1386950020,1,0,0,2,-6.606319,0.000000,-0.742965,5.546423,-1.099078,-73.912628,610.056580_-201.084869i,475.114685_-432.284851i,0,1,0,0.00
1386950020,1,0,0,2,-6.606746,0.000000,-0.743391,5.546423,-1.099078,-73.878342,610.056580_-201.084869i,475.114685_-432.284851i,0,1,0,0.00
1386950020,1,0,0,2,-6.606360,0.000000,-0.743005,5.546423,-1.099078,-73.909386,610.056580_-201.084869i,475.114685_-432.284851i,0,1,0,0.00
1386950020,1,0,0,2,-6.605971,0.000000,-0.742616,5.546423,-1.099078,-73.940712,610.056580_-201.084869i,475.114685_-432.284851i,0,1,0,0.00
1386950021,1,0,0,2,-6.606363,0.000000,-0.743008,5.546423,-1.099078,-73.909142,610.056580_-201.084869i,475.114685_-432.284851i,0,1,0,0.00
1386950021,1,0,0,2,-6.606758,0.000000,-0.743403,5.546423,-1.099078,-73.877380,610.056580_-201.084869i,475.114685_-432.284851i,0,1,0,0.00
1386950021,1,0,0,2,-6.606366,0.000000,-0.743011,5.546423,-1.099078,-73.908905,610.056580_-201.084869i,475.114685_-432.284851i,0,1,0,0.00
1386950021,1,0,0,2,-6.605970,0.000000,-0.742616,5.546423,-1.099078,-73.940727,610.056580_-201.084869i,475.114685_-432.284851i,0,1,0,0.00
1386950022,1,0,0,2,-6.606369,0.000000,-0.743014,5.546423,-1.099078,-73.908661,610.056580_-201.084869i,475.114685_-432.284851i,0,1,0,0.00
1386950022,1,0,0,2,-6.606771,0.000000,-0.743416,5.546423,-1.099078,-73.876381,610.056580_-201.084869i,475.114685_-432.284851i,0,1,0,0.00
1386950022,1,0,0,2,-6.607175,0.000000,-0.743820,5.546423,-1.099078,-73.843903,610.056580_-201.084869i,475.114685_-432.284851i,0,1,0,0.00
1386950022,1,0,0,2,-6.606777,0.000000,-0.743422,5.546423,-1.099078,-73.875877,610.056580_-201.084869i,475.114685_-432.284851i,0,1,0,0.00
1386950023,1,0,0,2,-6.606375,0.000000,-0.743020,5.546423,-1.099078,-73.908165,610.056580_-201.084869i,475.114685_-432.284851i,0,1,0,0.00
1386950023,1,0,0,2,-6.606783,0.000000,-0.743428,5.546423,-1.099078,-73.875359,610.056580_-201.084869i,475.114685_-432.284851i,0,1,0,0.00
1386950023,1,0,0,2,-6.607234,0.000000,-0.743879,5.546423,-1.099078,-73.839165,610.056580_-201.084869i,475.114685_-432.284851i,0,1,0,0.00
1386950023,1,0,0,2,-6.606829,0.000000,-0.743475,5.546423,-1.099078,-73.871643,610.056580_-201.084869i,475.114685_-432.284851i,0,1,0,0.00
1386950024,1,0,0,2,-6.606421,0.000000,-0.743067,5.546423,-1.099078,-73.904434,610.056580_-201.084869i,475.114685_-432.284851i,0,1,0,0.00
1386950024,1,0,0,2,-6.606876,0.000000,-0.743522,5.546423,-1.099078,-73.867859,610.056580_-201.084869i,475.114685_-432.284851i,0,1,0,0.00
1386950024,1,0,0,2,-6.607295,0.000000,-0.743940,5.546423,-1.099078,-73.834267,610.056580_-201.084869i,475.114685_-432.284851i,0,1,0,0.00
1386950024,1,0,0,2,-6.606884,0.000000,-0.743529,5.546423,-1.099078,-73.867264,610.056580_-201.084869i,475.114685_-432.284851i,0,1,0,0.00
1386950025,1,0,0,2,-6.606469,0.000000,-0.743115,5.546423,-1.099078,-73.900589,610.056580_-201.084869i,475.114685_-432.284851i,0,1,0,0.00
1386950025,1,0,0,2,-6.606891,0.000000,-0.743537,5.546423,-1.099078,-73.866653,610.056580_-201.084869i,475.114685_-432.284851i,0,1,0,0.00
1386950025,1,0,0,2,-6.607317,0.000000,-0.743962,5.546423,-1.099078,-73.832497,610.056580_-201.084869i,475.114685_-432.284851i,0,1,0,0.00
1386950025,1,0,0,2,-6.607746,0.000000,-0.744391,5.546423,-1.099078,-73.798103,610.056580_-201.084869i,475.114685_-432.284851i,0,1,0,0.00
1386950026,1,0,0,2,-6.607328,0.000000,-0.743973,5.546423,-1.099078,-73.831589,610.056580_-201.084869i,475.114685_-432.284851i,0,1,0,0.00
1386950026,1,0,0,2,-6.606907,0.000000,-0.743552,5.546423,-1.099078,-73.865410,610.056580_-201.084869i,475.114685_-432.284851i,0,1,0,0.00
1386950026,1,0,0,2,-6.607340,0.000000,-0.743985,5.546423,-1.099078,-73.830666,610.056580_-201.084869i,475.114685_-432.284851i,0,1,0,0.00
1386950026,1,0,0,2,-6.607818,0.000000,-0.744463,5.546423,-1.099078,-73.792320,610.056580_-201.084869i,475.114685_-432.284851i,0,1,0,0.00
1386950027,1,0,0,2,-6.607393,0.000000,-0.744039,5.546423,-1.099078,-73.826355,610.056580_-201.084869i,475.114685_-432.284851i,0,1,0,0.00
1386950027,1,0,0,2,-6.606965,0.000000,-0.743610,5.546423,-1.099078,-73.860741,610.056580_-201.084869i,475.114685_-432.284851i,0,1,0,0.00
1386950027,1,0,0,2,-6.607406,0.000000,-0.744051,5.546423,-1.099078,-73.825371,610.056580_-201.084869i,475.114685_-432.284851i,0,1,0,0.00
1386950027,1,0,0,2,-6.607850,0.000000,-0.744495,5.546423,-1.099078,-73.789757,610.056580_-201.084869i,475.114685_-432.284851i,0,1,0,0.00
1386950028,1,0,0,2,-6.608298,0.000000,-0.744944,5.546423,-1.099078,-73.753883,610.056580_-201.084869i,475.114685_-432.284851i,0,1,0,0.00
1386950028,1,0,0,2,-6.607867,0.000000,-0.744512,5.546423,-1.099078,-73.788437,610.056580_-201.084869i,475.114685_-432.284851i,0,1,0,0.00
1386950028,1,0,0,2,-6.607431,0.000000,-0.744076,5.546423,-1.099078,-73.823349,610.056580_-201.084869i,475.114685_-432.284851i,0,1,0,0.00
1386950028,1,0,0,2,-6.607883,0.000000,-0.744529,5.546423,-1.099078,-73.787094,610.056580_-201.084869i,475.114685_-432.284851i,0,1,0,0.00
1386950029,1,0,0,2,-6.608340,0.000000,-0.744985,5.546423,-1.099078,-73.750572,610.056580_-201.084869i,475.114685_-432.284851i,0,1,0,0.00
1386950029,1,0,0,2,-6.607901,0.000000,-0.744546,5.546423,-1.099078,-73.785728,610.056580_-201.084869i,475.114685_-432.284851i,0,1,0,0.00
1386950029,1,0,0,2,-6.607457,0.000000,-0.744102,5.546423,-1.099078,-73.821259,610.056580_-201.084869i,475.114685_-432.284851i,0,1,0,0.00
1386950029,1,0,0,2,-6.607918,0.000000,-0.744563,5.546423,-1.099078,-73.784332,610.056580_-201.084869i,475.114685_-432.284851i,0,1,0,0.00
1386950030,1,0,0,2,-6.608427,0.000000,-0.745072,5.546423,-1.099078,-73.743584,610.056580_-201.084869i,475.114685_-432.284851i,0,1,0,0.00
1386950030,1,0,0,2,-6.608896,0.000000,-0.745542,5.546423,-1.099078,-73.706108,610.056580_-201.084869i,475.114685_-432.284851i,0,1,0,0.00
1386950030,1,0,0,2,-6.608449,0.000000,-0.745095,5.541769,-1.099078,-73.741791,610.056580_-201.084869i,475.114685_-432.284851i,0,1,0,0.00
1386950030,1,0,0,2,-6.608044,0.000000,-0.744689,5.541769,-1.099078,-73.774261,610.056580_-201.084869i,475.114685_-432.284851i,0,1,0,0.00
1386950031,1,0,0,2,-6.608518,0.000000,-0.745163,5.541769,-1.099078,-73.736343,610.056580_-201.084869i,475.114685_-432.284851i,0,1,0,0.00
1386950031,1,0,0,2,-6.608996,0.000000,-0.745641,5.541769,-1.099078,-73.698135,610.056580_-201.084869i,475.114685_-432.284851i,0,1,0,0.00
1386950031,1,0,0,2,-6.608541,0.000000,-0.745187,5.541769,-1.099078,-73.734444,610.056580_-201.084869i,475.114685_-432.284851i,0,1,0,0.00
1386950031,1,0,0,2,-6.608082,0.000000,-0.744728,5.541769,-1.099078,-73.771156,610.056580_-201.084869i,475.114685_-432.284851i,0,1,0,0.00
1386950032,1,0,0,2,-6.608566,0.000000,-0.745211,5.541769,-1.099078,-73.732513,610.056580_-201.084869i,475.114685_-432.284851i,0,1,0,0.00
1386950032,1,0,0,2,-6.609054,0.000000,-0.745699,5.541769,-1.099078,-73.693573,610.056580_-201.084869i,475.114685_-432.284851i,0,1,0,0.00
1386950032,1,0,0,2,-6.608590,0.000000,-0.745236,5.541769,-1.099078,-73.730545,610.056580_-201.084869i,475.114685_-432.284851i,0,1,0,0.00
1386950032,1,0,0,2,-6.608123,0.000000,-0.744768,5.541769,-1.099078,-73.767944,610.056580_-201.084869i,475.114685_-432.284851i,0,1,0,0.00
1386950033,1,0,0,2,-6.608615,0.000000,-0.745261,5.541769,-1.099078,-73.728539,610.056580_-201.084869i,475.114685_-432.284851i,0,1,0,0.00
1386950033,1,0,0,2,-6.609113,0.000000,-0.745758,5.541769,-1.099078,-73.688835,610.056580_-201.084869i,475.114685_-432.284851i,0,1,0,0.00
1386950033,1,0,0,2,-6.609615,0.000000,-0.746260,5.541769,-1.099078,-73.648811,610.056580_-201.084869i,475.114685_-432.284851i,0,1,0,0.00
1386950033,1,0,0,2,-6.609143,0.000000,-0.745789,5.541769,-1.099078,-73.686394,610.056580_-201.084869i,475.114685_-432.284851i,0,1,0,0.00
1386950034,1,0,0,2,-6.608715,0.000000,-0.745360,5.541769,-1.099078,-73.720573,610.056580_-201.084869i,475.114685_-432.284851i,0,1,0,0.00
1386950034,1,0,0,2,-6.609223,0.000000,-0.745868,5.541769,-1.099078,-73.680054,610.056580_-201.084869i,475.114685_-432.284851i,0,1,0,0.00
1386950034,1,0,0,2,-6.609735,0.000000,-0.746381,5.541769,-1.099078,-73.639206,610.056580_-201.084869i,475.114685_-432.284851i,0,1,0,0.00
1386950034,1,0,0,2,-6.609255,0.000000,-0.745900,5.541769,-1.099078,-73.677475,610.056580_-201.084869i,475.114685_-432.284851i,0,1,0,0.00
1386950035,1,0,0,2,-6.608770,0.000000,-0.745415,5.541769,-1.099078,-73.716202,610.056580_-201.084869i,475.114685_-432.284851i,0,1,0,0.00
1386950035,1,0,0,2,-6.609288,0.000000,-0.745933,5.541769,-1.099078,-73.674850,610.056580_-201.084869i,475.114685_-432.284851i,0,1,0,0.00
1386950035,1,0,0,2,-6.609811,0.000000,-0.746457,5.541769,-1.099078,-73.633163,610.056580_-201.084869i,475.114685_-432.284851i,0,1,0,0.00
1386950035,1,0,0,2,-6.610340,0.000000,-0.746985,5.541769,-1.099078,-73.591133,610.056580_-201.084869i,475.114685_-432.284851i,0,1,0,0.00
1386950036,1,0,0,2,-6.609850,0.000000,-0.746496,5.541769,-1.099078,-73.630051,610.056580_-201.084869i,475.114685_-432.284851i,0,1,0,0.00
1386950036,1,0,0,2,-6.609356,0.000000,-0.746001,5.541769,-1.099078,-73.669441,610.056580_-201.084869i,475.114685_-432.284851i,0,1,0,0.00
1386950036,1,0,0,2,-6.609890,0.000000,-0.746536,5.541769,-1.099078,-73.626877,610.056580_-201.084869i,475.114685_-432.284851i,0,1,0,0.00
1386950036,1,0,0,2,-6.610430,0.000000,-0.747075,5.541769,-1.099078,-73.583954,610.056580_-201.084869i,475.114685_-432.284851i,0,1,0,0.00
1386950037,1,0,0,2,-6.609931,0.000000,-0.746576,5.541769,-1.099078,-73.623627,610.056580_-201.084869i,475.114685_-432.284851i,0,1,0,0.00
1386950037,1,0,0,2,-6.609478,0.000000,-0.746123,5.541769,-1.099078,-73.659698,610.056580_-201.084869i,475.114685_-432.284851i,0,1,0,0.00
1386950037,1,0,0,2,-6.610024,0.000000,-0.746670,5.541769,-1.099078,-73.616196,610.056580_-201.084869i,475.114685_-432.284851i,0,1,0,0.00
1386950037,1,0,0,2,-6.610577,0.000000,-0.747222,5.541769,-1.099078,-73.572327,610.056580_-201.084869i,475.114685_-432.284851i,0,1,0,0.00
1386950038,1,0,0,2,-6.611134,0.000000,-0.747779,5.541769,-1.099078,-73.528084,610.056580_-201.084869i,475.114685_-432.284851i,0,1,0,0.00
1386950038,1,0,0,2,-6.610626,0.000000,-0.747271,5.541769,-1.099078,-73.568420,610.056580_-201.084869i,475.114685_-432.284851i,0,1,0,0.00
1386950038,1,0,0,2,-6.610112,0.000000,-0.746757,5.541769,-1.099078,-73.609276,610.056580_-201.084869i,475.114685_-432.284851i,0,1,0,0.00
1386950039,1,0,0,2,-6.610676,0.000000,-0.747321,5.541769,-1.099078,-73.564430,610.056580_-201.084869i,475.114685_-432.284851i,0,1,0,0.00
1386950039,1,0,0,2,-6.611246,0.000000,-0.747892,5.541769,-1.099078,-73.519196,610.056580_-201.084869i,475.114685_-432.284851i,0,1,0,0.00
1386950039,1,0,0,2,-6.610727,0.000000,-0.747373,5.541769,-1.099078,-73.560356,610.056580_-201.084869i,475.114685_-432.284851i,0,1,0,0.00
1386950039,1,0,0,2,-6.610202,0.000000,-0.746848,5.541769,-1.099078,-73.602051,610.056580_-201.084869i,475.114685_-432.284851i,0,1,0,0.00
1386950040,1,0,0,2,-6.610780,0.000000,-0.747425,5.541769,-1.099078,-73.556190,610.056580_-201.084869i,475.114685_-432.284851i,0,1,0,0.00
1386950040,1,0,0,2,-6.611363,0.000000,-0.748009,5.541769,-1.099078,-73.509911,610.056580_-201.084869i,475.114685_-432.284851i,0,1,0,0.00
1386950040,1,0,0,2,-6.611953,0.000000,-0.748599,5.541769,-1.099078,-73.463226,610.056580_-201.084869i,475.114685_-432.284851i,0,1,0,0.00
1386950040,1,0,0,2,-6.611479,0.000000,-0.748125,5.541769,-1.099078,-73.500725,610.056580_-201.084869i,475.114685_-432.284851i,0,1,0,0.00
1386950041,1,0,0,2,-6.610944,0.000000,-0.747589,5.541769,-1.099078,-73.543152,610.056580_-201.084869i,475.114685_-432.284851i,0,1,0,0.00
1386950041,1,0,0,2,-6.611542,0.000000,-0.748187,5.541769,-1.099078,-73.495773,610.056580_-201.084869i,475.114685_-432.284851i,0,1,0,0.00
1386950041,1,0,0,2,-6.612146,0.000000,-0.748792,5.541769,-1.099078,-73.447952,610.056580_-201.084869i,475.114685_-432.284851i,0,1,0,0.00
1386950041,1,0,0,2,-6.611606,0.000000,-0.748251,5.541769,-1.099078,-73.490707,610.056580_-201.084869i,475.114685_-432.284851i,0,1,0,0.00
1386950042,1,0,0,2,-6.611059,0.000000,-0.747704,5.541769,-1.099078,-73.534042,610.056580_-201.084869i,475.114685_-432.284851i,0,1,0,0.00
1386950042,1,0,0,2,-6.611671,0.000000,-0.748317,5.541769,-1.099078,-73.485519,610.056580_-201.084869i,475.114685_-432.284851i,0,1,0,0.00
1386950042,1,0,0,2,-6.612291,0.000000,-0.748936,5.541769,-1.099078,-73.436554,610.056580_-201.084869i,475.114685_-432.284851i,0,1,0,0.00
1386950042,1,0,0,2,-6.611738,0.000000,-0.748384,5.541769,-1.099078,-73.480217,610.056580_-201.084869i,475.114685_-432.284851i,0,1,0,0.00
1386950043,1,0,0,2,-6.611179,0.000000,-0.747825,5.541769,-1.099078,-73.524506,610.056580_-201.084869i,475.114685_-432.284851i,0,1,0,0.00
1386950043,1,0,0,2,-6.611807,0.000000,-0.748452,5.541769,-1.099078,-73.474792,610.056580_-201.084869i,475.114685_-432.284851i,0,1,0,0.00
1386950043,1,0,0,2,-6.612442,0.000000,-0.749087,5.541769,-1.099078,-73.424606,610.056580_-201.084869i,475.114685_-432.284851i,0,1,0,0.00
1386950043,1,0,0,2,-6.613084,0.000000,-0.749730,5.541769,-1.099078,-73.373932,610.056580_-201.084869i,475.114685_-432.284851i,0,1,0,0.00
1386950044,1,0,0,2,-6.612580,0.000000,-0.749226,5.541769,-1.099078,-73.413673,610.056580_-201.084869i,475.114685_-432.284851i,0,1,0,0.00
1386950044,1,0,0,2,-6.612010,0.000000,-0.748655,5.541769,-1.099078,-73.458771,610.056580_-201.084869i,475.114685_-432.284851i,0,1,0,0.00
1386950044,1,0,0,2,-6.612661,0.000000,-0.749307,5.541769,-1.099078,-73.407280,610.056580_-201.084869i,475.114685_-432.284851i,0,1,0,0.00
1386950044,1,0,0,2,-6.613321,0.000000,-0.749967,5.541769,-1.099078,-73.355270,610.056580_-201.084869i,475.114685_-432.284851i,0,1,0,0.00
1386950045,1,0,0,2,-6.612744,0.000000,-0.749390,5.541769,-1.099078,-73.400719,610.056580_-201.084869i,475.114685_-432.284851i,0,1,0,0.00
1386950045,1,0,0,2,-6.612161,0.000000,-0.748806,5.541769,-1.099078,-73.446838,610.056580_-201.084869i,475.114685_-432.284851i,0,1,0,0.00
1386950045,1,0,0,2,-6.612830,0.000000,-0.749475,5.541769,-1.099078,-73.394005,610.056580_-201.084869i,475.114685_-432.284851i,0,1,0,0.00
1386950045,1,0,0,2,-6.613507,0.000000,-0.750153,5.541769,-1.099078,-73.340630,610.056580_-201.084869i,475.114685_-432.284851i,0,1,0,0.00
1386950046,1,0,0,2,-6.614193,0.000000,-0.750838,5.537115,-1.099078,-73.286713,610.056580_-201.084869i,475.114685_-432.284851i,0,1,0,0.00
1386950046,1,0,0,2,-6.613604,0.000000,-0.750249,5.537115,-1.099078,-73.333031,610.056580_-201.084869i,475.114685_-432.284851i,0,1,0,0.00
1386950046,1,0,0,2,-6.613007,0.000000,-0.749652,5.537115,-1.099078,-73.380051,610.056580_-201.084869i,475.114685_-432.284851i,0,1,0,0.00
1386950046,1,0,0,2,-6.613703,0.000000,-0.750348,5.537115,-1.099078,-73.325233,610.056580_-201.084869i,475.114685_-432.284851i,0,1,0,0.00
1386950047,1,0,0,2,-6.614408,0.000000,-0.751053,5.537115,-1.099078,-73.269844,610.056580_-201.084869i,475.114685_-432.284851i,0,1,0,0.00
1386950047,1,0,0,2,-6.613805,0.000000,-0.750450,5.537115,-1.099078,-73.317238,610.056580_-201.084869i,475.114685_-432.284851i,0,1,0,0.00
1386950047,1,0,0,2,-6.613193,0.000000,-0.749838,5.537115,-1.099078,-73.365364,610.056580_-201.084869i,475.114685_-432.284851i,0,1,0,0.00
1386950047,1,0,0,2,-6.613909,0.000000,-0.750554,5.537115,-1.099078,-73.309029,610.056580_-201.084869i,475.114685_-432.284851i,0,1,0,0.00
1386950048,1,0,0,2,-6.614567,0.000000,-0.751213,5.537115,-1.099078,-73.257324,610.056580_-201.084869i,475.114685_-432.284851i,0,1,0,0.00
1386950048,1,0,0,2,-6.615302,0.000000,-0.751947,5.537115,-1.099078,-73.199799,610.056580_-201.084869i,475.114685_-432.284851i,0,1,0,0.00
1386950048,1,0,0,2,-6.614685,0.000000,-0.751330,5.537115,-1.099078,-73.248146,610.056580_-201.084869i,475.114685_-432.284851i,0,1,0,0.00
1386950048,1,0,0,2,-6.614058,0.000000,-0.750704,5.537115,-1.099078,-73.297295,610.056580_-201.084869i,475.114685_-432.284851i,0,1,0,0.00
1386950049,1,0,0,2,-6.614804,0.000000,-0.751450,5.537115,-1.099078,-73.238739,610.056580_-201.084869i,475.114685_-432.284851i,0,1,0,0.00
1386950049,1,0,0,2,-6.615561,0.000000,-0.752206,5.537115,-1.099078,-73.179535,610.056580_-201.084869i,475.114685_-432.284851i,0,1,0,0.00
1386950049,1,0,0,2,-6.614928,0.000000,-0.751573,5.537115,-1.099078,-73.229057,610.056580_-201.084869i,475.114685_-432.284851i,0,1,0,0.00
1386950049,1,0,0,2,-6.614286,0.000000,-0.750931,5.537115,-1.099078,-73.279404,610.056580_-201.084869i,475.114685_-432.284851i,0,1,0,0.00
1386950050,1,0,0,2,-6.615055,0.000000,-0.751700,5.537115,-1.099078,-73.219109,610.056580_-201.084869i,475.114685_-432.284851i,0,1,0,0.00
1386950050,1,0,0,2,-6.615834,0.000000,-0.752480,5.537115,-1.099078,-73.158127,610.056580_-201.084869i,475.114685_-432.284851i,0,1,0,0.00
1386950050,1,0,0,2,-6.615186,0.000000,-0.751831,5.537115,-1.099078,-73.208878,610.056580_-201.084869i,475.114685_-432.284851i,0,1,0,0.00
1386950050,1,0,0,2,-6.614527,0.000000,-0.751172,5.537115,-1.099078,-73.260490,610.056580_-201.084869i,475.114685_-432.284851i,0,1,0,0.00
1386950051,1,0,0,2,-6.615320,0.000000,-0.751965,5.537115,-1.099078,-73.198349,610.056580_-201.084869i,475.114685_-432.284851i,0,1,0,0.00
1386950051,1,0,0,2,-6.616125,0.000000,-0.752770,5.537115,-1.099078,-73.135475,610.056580_-201.084869i,475.114685_-432.284851i,0,1,0,0.00
1386950051,1,0,0,2,-6.616940,0.000000,-0.753586,5.537115,-1.099078,-73.071861,610.056580_-201.084869i,475.114685_-432.284851i,0,1,0,0.00
1386950051,1,0,0,2,-6.616276,0.000000,-0.752921,5.537115,-1.099078,-73.123650,610.056580_-201.084869i,475.114685_-432.284851i,0,1,0,0.00
1386950052,1,0,0,2,-6.615601,0.000000,-0.752247,5.537115,-1.099078,-73.176353,610.056580_-201.084869i,475.114685_-432.284851i,0,1,0,0.00
1386950052,1,0,0,2,-6.616432,0.000000,-0.753077,5.537115,-1.099078,-73.111473,610.056580_-201.084869i,475.114685_-432.284851i,0,1,0,0.00
1386950052,1,0,0,2,-6.617275,0.000000,-0.753920,5.537115,-1.099078,-73.045807,610.056580_-201.084869i,475.114685_-432.284851i,0,1,0,0.00
1386950052,1,0,0,2,-6.616593,0.000000,-0.753238,5.537115,-1.099078,-73.098930,610.056580_-201.084869i,475.114685_-432.284851i,0,1,0,0.00
1386950053,1,0,0,2,-6.615900,0.000000,-0.752545,5.537115,-1.099078,-73.153023,610.056580_-201.084869i,475.114685_-432.284851i,0,1,0,0.00
1386950053,1,0,0,2,-6.616759,0.000000,-0.753404,5.537115,-1.099078,-73.085999,610.056580_-201.084869i,475.114685_-432.284851i,0,1,0,0.00
1386950053,1,0,0,2,-6.617631,0.000000,-0.754276,5.537115,-1.099078,-73.018135,610.056580_-201.084869i,475.114685_-432.284851i,0,1,0,0.00
1386950053,1,0,0,2,-6.618516,0.000000,-0.755162,5.537115,-1.099078,-72.949417,610.056580_-201.084869i,475.114685_-432.284851i,0,1,0,0.00
1386950054,1,0,0,2,-6.617817,0.000000,-0.754463,5.532460,-1.099078,-73.003654,610.056580_-201.084869i,475.114685_-432.284851i,0,1,0,0.00
1386950054,1,0,0,2,-6.617106,0.000000,-0.753752,5.532460,-1.099078,-73.058907,610.056580_-201.084869i,475.114685_-432.284851i,0,1,0,0.00
1386950054,1,0,0,2,-6.618010,0.000000,-0.754655,5.532460,-1.099078,-72.988701,610.056580_-201.084869i,475.114685_-432.284851i,0,1,0,0.00
1386950054,1,0,0,2,-6.618927,0.000000,-0.755573,5.532460,-1.099078,-72.917580,610.056580_-201.084869i,475.114685_-432.284851i,0,1,0,0.00
1386950055,1,0,0,2,-6.618209,0.000000,-0.754854,5.532460,-1.099078,-72.973267,610.056580_-201.084869i,475.114685_-432.284851i,0,1,0,0.00
1386950055,1,0,0,2,-6.617478,0.000000,-0.754123,5.532460,-1.099078,-73.030037,610.056580_-201.084869i,475.114685_-432.284851i,0,1,0,0.00
1386950055,1,0,0,2,-6.618414,0.000000,-0.755060,5.532460,-1.099078,-72.957321,610.056580_-201.084869i,475.114685_-432.284851i,0,1,0,0.00
1386950055,1,0,0,2,-6.619366,0.000000,-0.756012,5.532460,-1.099078,-72.883629,610.056580_-201.084869i,475.114685_-432.284851i,0,1,0,0.00
1386950056,1,0,0,2,-6.620247,0.000000,-0.756893,5.532460,-1.099078,-72.815613,610.056580_-201.084869i,475.114685_-432.284851i,0,1,0,0.00
1386950056,1,0,0,2,-6.619510,0.000000,-0.756155,5.532460,-1.099078,-72.872528,610.056580_-201.084869i,475.114685_-432.284851i,0,1,0,0.00
1386950056,1,0,0,2,-6.618760,0.000000,-0.755405,5.532460,-1.099078,-72.930588,610.056580_-201.084869i,475.114685_-432.284851i,0,1,0,0.00
1386950056,1,0,0,2,-6.619748,0.000000,-0.756393,5.532460,-1.099078,-72.854187,610.056580_-201.084869i,475.114685_-432.284851i,0,1,0,0.00
1386950057,1,0,0,2,-6.620752,0.000000,-0.757398,5.532460,-1.099078,-72.776733,610.056580_-201.084869i,475.114685_-432.284851i,0,1,0,0.00
1386950057,1,0,0,2,-6.619993,0.000000,-0.756639,5.532460,-1.099078,-72.835220,610.056580_-201.084869i,475.114685_-432.284851i,0,1,0,0.00
1386950057,1,0,0,2,-6.619220,0.000000,-0.755865,5.532460,-1.099078,-72.894943,610.056580_-201.084869i,475.114685_-432.284851i,0,1,0,0.00
1386950057,1,0,0,2,-6.620248,0.000000,-0.756893,5.532460,-1.099078,-72.815590,610.056580_-201.084869i,475.114685_-432.284851i,0,1,0,0.00
1386950058,1,0,0,2,-6.621294,0.000000,-0.757939,5.532460,-1.099078,-72.735062,610.056580_-201.084869i,475.114685_-432.284851i,0,1,0,0.00
1386950058,1,0,0,2,-6.622359,0.000000,-0.759004,5.532460,-1.099078,-72.653366,610.056580_-201.084869i,475.114685_-432.284851i,0,1,0,0.00
1386950058,1,0,0,2,-6.621580,0.000000,-0.758226,5.532460,-1.099078,-72.713089,610.056580_-201.084869i,475.114685_-432.284851i,0,1,0,0.00
1386950058,1,0,0,2,-6.620786,0.000000,-0.757432,5.532460,-1.099078,-72.774117,610.056580_-201.084869i,475.114685_-432.284851i,0,1,0,0.00
1386950059,1,0,0,2,-6.621877,0.000000,-0.758523,5.532460,-1.099078,-72.690285,610.056580_-201.084869i,475.114685_-432.284851i,0,1,0,0.00
1386950059,1,0,0,2,-6.622989,0.000000,-0.759634,5.532460,-1.099078,-72.605194,610.056580_-201.084869i,475.114685_-432.284851i,0,1,0,0.00
1386950059,1,0,0,2,-6.622186,0.000000,-0.758831,5.527806,-1.099078,-72.666634,610.056580_-201.084869i,475.114685_-432.284851i,0,1,0,0.00
1386950059,1,0,0,2,-6.621367,0.000000,-0.758012,5.527806,-1.099078,-72.729462,610.056580_-201.084869i,475.114685_-432.284851i,0,1,0,0.00
1386950060,1,0,0,2,-6.622406,0.000000,-0.759051,5.527806,-1.099078,-72.649788,610.056580_-201.084869i,475.114685_-432.284851i,0,1,0,0.00
1386950060,1,0,0,2,-6.623566,0.000000,-0.760211,5.527806,-1.099078,-72.561081,610.056580_-201.084869i,475.114685_-432.284851i,0,1,0,0.00
1386950060,1,0,0,2,-6.622737,0.000000,-0.759383,5.527806,-1.099078,-72.624397,610.056580_-201.084869i,475.114685_-432.284851i,0,1,0,0.00
1386950060,1,0,0,2,-6.621891,0.000000,-0.758536,5.527806,-1.099078,-72.689240,610.056580_-201.084869i,475.114685_-432.284851i,0,1,0,0.00
1386950061,1,0,0,2,-6.623083,0.000000,-0.759728,5.527806,-1.099078,-72.598007,610.056580_-201.084869i,475.114685_-432.284851i,0,1,0,0.00
1386950061,1,0,0,2,-6.624298,0.000000,-0.760943,5.527806,-1.099078,-72.505287,610.056580_-201.084869i,475.114685_-432.284851i,0,1,0,0.00
1386950061,1,0,0,2,-6.625538,0.000000,-0.762183,5.527806,-1.099078,-72.411049,610.056580_-201.084869i,475.114685_-432.284851i,0,1,0,0.00
1386950061,1,0,0,2,-6.624687,0.000000,-0.761333,5.527806,-1.099078,-72.475662,610.056580_-201.084869i,475.114685_-432.284851i,0,1,0,0.00
1386950062,1,0,0,2,-6.623817,0.000000,-0.760463,5.527806,-1.099078,-72.541901,610.056580_-201.084869i,475.114685_-432.284851i,0,1,0,0.00
1386950062,1,0,0,2,-6.625093,0.000000,-0.761739,5.527806,-1.099078,-72.444794,610.056580_-201.084869i,475.114685_-432.284851i,0,1,0,0.00
1386950062,1,0,0,2,-6.626396,0.000000,-0.763042,5.527806,-1.099078,-72.346024,610.056580_-201.084869i,475.114685_-432.284851i,0,1,0,0.00
1386950062,1,0,0,2,-6.625518,0.000000,-0.762163,5.527806,-1.099078,-72.412590,610.056580_-201.084869i,475.114685_-432.284851i,0,1,0,0.00
1386950063,1,0,0,2,-6.624619,0.000000,-0.761264,5.527806,-1.099078,-72.480888,610.056580_-201.084869i,475.114685_-432.284851i,0,1,0,0.00
1386950063,1,0,0,2,-6.625844,0.000000,-0.762490,5.527806,-1.099078,-72.387810,610.056580_-201.084869i,475.114685_-432.284851i,0,1,0,0.00
1386950063,1,0,0,2,-6.627215,0.000000,-0.763860,5.527806,-1.099078,-72.284164,610.056580_-201.084869i,475.114685_-432.284851i,0,1,0,0.00
1386950063,1,0,0,2,-6.628616,0.000000,-0.765262,5.527806,-1.099078,-72.178635,610.056580_-201.084869i,475.114685_-432.284851i,0,1,0,0.00
1386950064,1,0,0,2,-6.627593,0.000000,-0.764238,5.523152,-1.099078,-72.255699,610.056580_-201.084869i,475.114685_-432.284851i,0,1,0,0.00
1386950064,1,0,0,2,-6.626666,0.000000,-0.763312,5.523152,-1.099078,-72.325615,610.056580_-201.084869i,475.114685_-432.284851i,0,1,0,0.00
1386950064,1,0,0,2,-6.628112,0.000000,-0.764757,5.523152,-1.099078,-72.216576,610.056580_-201.084869i,475.114685_-432.284851i,0,1,0,0.00
1386950064,1,0,0,2,-6.629465,0.000000,-0.766110,5.523152,-1.099078,-72.114937,610.056580_-201.084869i,475.114685_-432.284851i,0,1,0,0.00
1386950065,1,0,0,2,-6.628530,0.000000,-0.765175,5.523152,-1.099078,-72.185173,610.056580_-201.084869i,475.114685_-432.284851i,0,1,0,0.00
1386950065,1,0,0,2,-6.627570,0.000000,-0.764215,5.523152,-1.099078,-72.257423,610.056580_-201.084869i,475.114685_-432.284851i,0,1,0,0.00
1386950065,1,0,0,2,-6.628968,0.000000,-0.765613,5.523152,-1.099078,-72.152252,610.056580_-201.084869i,475.114685_-432.284851i,0,1,0,0.00
1386950065,1,0,0,2,-6.630532,0.000000,-0.767178,5.523152,-1.099078,-72.035080,610.056580_-201.084869i,475.114685_-432.284851i,0,1,0,0.00
1386950066,1,0,0,2,-6.629563,0.000000,-0.766208,5.523152,-1.099078,-72.107620,610.056580_-201.084869i,475.114685_-432.284851i,0,1,0,0.00
1386950066,1,0,0,2,-6.628567,0.000000,-0.765212,5.523152,-1.099078,-72.182350,610.056580_-201.084869i,475.114685_-432.284851i,0,1,0,0.00
1386950066,1,0,0,2,-6.630189,0.000000,-0.766835,5.523152,-1.099078,-72.060707,610.056580_-201.084869i,475.114685_-432.284851i,0,1,0,0.00
1386950067,1,0,0,2,-6.631854,0.000000,-0.768499,5.523152,-1.099078,-71.936546,610.056580_-201.084869i,475.114685_-432.284851i,0,1,0,0.00
1386950067,1,0,0,2,-6.633562,0.000000,-0.770208,5.523152,-1.099078,-71.809753,610.056580_-201.084869i,475.114685_-432.284851i,0,1,0,0.00
1386950067,1,0,0,2,-6.632570,0.000000,-0.769215,5.518497,-1.099078,-71.883331,610.056580_-201.084869i,475.114685_-432.284851i,0,1,0,0.00
1386950067,1,0,0,2,-6.631548,0.000000,-0.768194,5.518497,-1.099078,-71.959290,610.056580_-201.084869i,475.114685_-432.284851i,0,1,0,0.00
1386950068,1,0,0,2,-6.633326,0.000000,-0.769971,5.518497,-1.099078,-71.827232,610.056580_-201.084869i,475.114685_-432.284851i,0,1,0,0.00
1386950068,1,0,0,2,-6.635002,0.000000,-0.771647,5.518497,-1.099078,-71.703430,610.056580_-201.084869i,475.114685_-432.284851i,0,1,0,0.00
1386950068,1,0,0,2,-6.633973,0.000000,-0.770618,5.518497,-1.099078,-71.779366,610.056580_-201.084869i,475.114685_-432.284851i,0,1,0,0.00
1386950068,1,0,0,2,-6.632913,0.000000,-0.769558,5.518497,-1.099078,-71.857857,610.056580_-201.084869i,475.114685_-432.284851i,0,1,0,0.00
1386950069,1,0,0,2,-6.634658,0.000000,-0.771304,5.518497,-1.099078,-71.728760,610.056580_-201.084869i,475.114685_-432.284851i,0,1,0,0.00
1386950069,1,0,0,2,-6.636615,0.000000,-0.773261,5.518497,-1.099078,-71.584801,610.056580_-201.084869i,475.114685_-432.284851i,0,1,0,0.00
1386950069,1,0,0,2,-6.638631,0.000000,-0.775276,5.518497,-1.099078,-71.437401,610.056580_-201.084869i,475.114685_-432.284851i,0,1,0,0.00
1386950069,1,0,0,2,-6.637414,0.000000,-0.774060,5.513843,-1.099078,-71.526260,610.056580_-201.084869i,475.114685_-432.284851i,0,1,0,0.00
1386950070,1,0,0,2,-6.636328,0.000000,-0.772973,5.513843,-1.099078,-71.605865,610.056580_-201.084869i,475.114685_-432.284851i,0,1,0,0.00
1386950070,1,0,0,2,-6.638438,0.000000,-0.775083,5.513843,-1.099078,-71.451477,610.056580_-201.084869i,475.114685_-432.284851i,0,1,0,0.00
1386950070,1,0,0,2,-6.640438,0.000000,-0.777083,5.513843,-1.099078,-71.306053,610.056580_-201.084869i,475.114685_-432.284851i,0,1,0,0.00
1386950070,1,0,0,2,-6.639351,0.000000,-0.775996,5.513843,-1.099078,-71.384987,610.056580_-201.084869i,475.114685_-432.284851i,0,1,0,0.00
1386950071,1,0,0,2,-6.638225,0.000000,-0.774870,5.513843,-1.099078,-71.467018,610.056580_-201.084869i,475.114685_-432.284851i,0,1,0,0.00
1386950071,1,0,0,2,-6.640326,0.000000,-0.776971,5.513843,-1.099078,-71.314148,610.056580_-201.084869i,475.114685_-432.284851i,0,1,0,0.00
1386950071,1,0,0,2,-6.642687,0.000000,-0.779332,5.513843,-1.099078,-71.143524,610.056580_-201.084869i,475.114685_-432.284851i,0,1,0,0.00
1386950071,1,0,0,2,-6.641564,0.000000,-0.778209,5.509189,-1.099078,-71.224525,610.056580_-201.084869i,475.114685_-432.284851i,0,1,0,0.00
1386950072,1,0,0,2,-6.640202,0.000000,-0.776848,5.509189,-1.099078,-71.323135,610.056580_-201.084869i,475.114685_-432.284851i,0,1,0,0.00
1386950072,1,0,0,2,-6.642694,0.000000,-0.779339,5.509189,-1.099078,-71.143059,610.056580_-201.084869i,475.114685_-432.284851i,0,1,0,0.00
1386950072,1,0,0,2,-6.645276,0.000000,-0.781921,5.509189,-1.099078,-70.957817,610.056580_-201.084869i,475.114685_-432.284851i,0,1,0,0.00
1386950072,1,0,0,2,-6.647743,0.000000,-0.784389,5.509189,-1.099078,-70.782166,610.056580_-201.084869i,475.114685_-432.284851i,0,1,0,0.00
1386950073,1,0,0,2,-6.646616,0.000000,-0.783261,5.504535,-1.099078,-70.862282,610.056580_-201.084869i,475.114685_-432.284851i,0,1,0,0.00
1386950073,1,0,0,2,-6.645440,0.000000,-0.782085,5.504535,-1.099078,-70.946091,610.056580_-201.084869i,475.114685_-432.284851i,0,1,0,0.00
1386950073,1,0,0,2,-6.648063,0.000000,-0.784709,5.504535,-1.099078,-70.759483,610.056580_-201.084869i,475.114685_-432.284851i,0,1,0,0.00
1386950073,1,0,0,2,-6.650789,0.000000,-0.787435,5.504535,-1.099078,-70.567108,610.056580_-201.084869i,475.114685_-432.284851i,0,1,0,0.00
1386950074,1,0,0,2,-6.649633,0.000000,-0.786279,5.499880,-1.099078,-70.648491,610.056580_-201.084869i,475.114685_-432.284851i,0,1,0,0.00
1386950074,1,0,0,2,-6.648186,0.000000,-0.784831,5.499880,-1.099078,-70.750793,610.056580_-201.084869i,475.114685_-432.284851i,0,1,0,0.00
1386950074,1,0,0,2,-6.651096,0.000000,-0.787741,5.499880,-1.099078,-70.545570,610.056580_-201.084869i,475.114685_-432.284851i,0,1,0,0.00
1386950074,1,0,0,2,-6.654384,0.000000,-0.791029,5.499880,-1.099078,-70.315857,610.056580_-201.084869i,475.114685_-432.284851i,0,1,0,0.00
1386950075,1,0,0,2,-6.652950,0.000000,-0.789595,5.499880,-1.099078,-70.415756,610.056580_-201.084869i,475.114685_-432.284851i,0,1,0,0.00
1386950075,1,0,0,2,-6.651446,0.000000,-0.788092,5.499880,-1.099078,-70.520981,610.056580_-201.084869i,475.114685_-432.284851i,0,1,0,0.00
1386950075,1,0,0,2,-6.650138,0.000000,-0.786784,5.499880,-1.099078,-70.612900,610.056580_-201.084869i,475.114685_-432.284851i,0,1,0,0.00
1386950075,1,0,0,2,-6.653735,0.000000,-0.790381,5.499880,-1.099078,-70.360977,610.056580_-201.084869i,475.114685_-432.284851i,0,1,0,0.00
1386950076,1,0,0,2,-6.652136,0.000000,-0.788781,5.499880,-1.099078,-70.472664,610.056580_-201.084869i,475.114685_-432.284851i,0,1,0,0.00
1386950076,1,0,0,2,-6.650743,0.000000,-0.787388,5.499880,-1.099078,-70.570412,610.056580_-201.084869i,475.114685_-432.284851i,0,1,0,0.00
1386950076,1,0,0,2,-6.654650,0.000000,-0.791295,5.499880,-1.099078,-70.297371,610.056580_-201.084869i,475.114685_-432.284851i,0,1,0,0.00
1386950076,1,0,0,2,-6.658453,0.000000,-0.795099,5.499880,-1.099078,-70.034615,610.056580_-201.084869i,475.114685_-432.284851i,0,1,0,0.00
1386950077,1,0,0,2,-6.657131,0.000000,-0.793777,5.495226,-1.099078,-70.125595,610.056580_-201.084869i,475.114685_-432.284851i,0,1,0,0.00
1386950077,1,0,0,2,-6.655727,0.000000,-0.792372,5.495226,-1.099078,-70.222633,610.056580_-201.084869i,475.114685_-432.284851i,0,1,0,0.00
1386950077,1,0,0,2,-6.653895,0.000000,-0.790540,5.495226,-1.099078,-70.349854,610.056580_-201.084869i,475.114685_-432.284851i,0,1,0,0.00
1386950077,1,0,0,2,-6.658511,0.000000,-0.795156,5.495226,-1.099078,-70.030685,610.056580_-201.084869i,475.114685_-432.284851i,0,1,0,0.00
1386950078,1,0,0,2,-6.657016,0.000000,-0.793661,5.495226,-1.099078,-70.133583,610.056580_-201.084869i,475.114685_-432.284851i,0,1,0,0.00
1386950078,1,0,0,2,-6.655042,0.000000,-0.791687,5.495226,-1.099078,-70.270164,610.056580_-201.084869i,475.114685_-432.284851i,0,1,0,0.00
1386950078,1,0,0,2,-6.660179,0.000000,-0.796824,5.495226,-1.099078,-69.916405,610.056580_-201.084869i,475.114685_-432.284851i,0,1,0,0.00
1386950078,1,0,0,2,-6.665671,0.000000,-0.802316,5.490572,-1.099078,-69.544136,610.056580_-201.084869i,475.114685_-432.284851i,0,1,0,0.00
1386950079,1,0,0,2,-6.663807,0.000000,-0.800452,5.485918,-1.099078,-69.669807,610.056580_-201.084869i,475.114685_-432.284851i,0,1,0,0.00
1386950079,1,0,0,2,-6.662237,0.000000,-0.798882,5.485918,-1.099078,-69.776192,610.056580_-201.084869i,475.114685_-432.284851i,0,1,0,0.00
1386950079,1,0,0,2,-6.668476,0.000000,-0.805121,5.485918,-1.099078,-69.356361,610.056580_-201.084869i,475.114685_-432.284851i,0,1,0,0.00
1386950079,1,0,0,2,-6.674725,0.000000,-0.811370,5.485918,-1.099078,-68.943527,610.056580_-201.084869i,475.114685_-432.284851i,0,1,0,0.00
1386950080,1,0,0,2,-6.672941,0.000000,-0.809587,5.481263,-1.099078,-69.060577,610.056580_-201.084869i,475.114685_-432.284851i,0,1,0,0.00
1386950080,1,0,0,2,-6.671522,0.000000,-0.808168,5.481263,-1.099078,-69.154144,610.056580_-201.084869i,475.114685_-432.284851i,0,1,0,0.00
1386950080,1,0,0,2,-6.669406,0.000000,-0.806051,5.481263,-1.099078,-69.294403,610.056580_-201.084869i,475.114685_-432.284851i,0,1,0,0.00
1386950080,1,0,0,2,-6.676956,0.000000,-0.813601,5.481263,-1.099078,-68.797997,610.056580_-201.084869i,475.114685_-432.284851i,0,1,0,0.00
1386950081,1,0,0,2,-6.675534,0.000000,-0.812180,5.476609,-1.099078,-68.890610,610.056580_-201.084869i,475.114685_-432.284851i,0,1,0,0.00
1386950081,1,0,0,2,-6.673291,0.000000,-0.809936,5.476609,-1.099078,-69.037575,610.056580_-201.084869i,475.114685_-432.284851i,0,1,0,0.00
1386950081,1,0,0,2,-6.682387,0.000000,-0.819033,5.476609,-1.099078,-68.447609,610.056580_-201.084869i,475.114685_-432.284851i,0,1,0,0.00
1386950081,1,0,0,2,-6.692542,0.000000,-0.829188,5.471955,-1.099078,-67.807381,610.056580_-201.084869i,475.114685_-432.284851i,0,1,0,0.00
1386950082,1,0,0,2,-6.691020,0.000000,-0.827665,5.467300,-1.099078,-67.902153,610.056580_-201.084869i,475.114685_-432.284851i,0,1,0,0.00
1386950082,1,0,0,2,-6.689276,0.000000,-0.825921,5.462646,-1.099078,-68.011261,610.056580_-201.084869i,475.114685_-432.284851i,0,1,0,0.00
1386950082,1,0,0,2,-6.687261,0.000000,-0.823906,5.462646,-1.099078,-68.137978,610.056580_-201.084869i,475.114685_-432.284851i,0,1,0,0.00
1386950082,1,0,0,2,-6.684901,0.000000,-0.821547,5.462646,-1.099078,-68.287338,610.056580_-201.084869i,475.114685_-432.284851i,0,1,0,0.00
1386950083,1,0,0,2,-6.682105,0.000000,-0.818750,5.462646,-1.099078,-68.465691,610.056580_-201.084869i,475.114685_-432.284851i,0,1,0,0.00
1386950083,1,0,0,2,-6.678738,0.000000,-0.815384,5.462646,-1.099078,-68.682388,610.056580_-201.084869i,475.114685_-432.284851i,0,1,0,0.00
1386950083,1,0,0,2,-6.696442,0.000000,-0.833087,5.462646,-1.099078,-67.566551,610.056580_-201.084869i,475.114685_-432.284851i,0,1,0,0.00
1386950083,1,0,0,2,-6.694076,0.000000,-0.830721,5.457992,-1.099078,-67.712341,610.056580_-201.084869i,475.114685_-432.284851i,0,1,0,0.00
1386950084,1,0,0,2,-6.691019,0.000000,-0.827664,5.457992,-1.099078,-67.902245,610.056580_-201.084869i,475.114685_-432.284851i,0,1,0,0.00
1386950084,1,0,0,2,-6.686922,0.000000,-0.823567,5.457992,-1.099078,-68.159386,610.056580_-201.084869i,475.114685_-432.284851i,0,1,0,0.00
1386950084,1,0,0,2,-6.681138,0.000000,-0.817783,5.457992,-1.099078,-68.527756,610.056580_-201.084869i,475.114685_-432.284851i,0,1,0,0.00
1386950084,1,0,0,2,-6.672356,0.000000,-0.809002,5.457992,-1.099078,-69.099106,610.056580_-201.084869i,475.114685_-432.284851i,0,1,0,0.00
1386950085,1,0,0,2,-6.657455,0.000000,-0.794101,5.462646,-1.099078,-70.103256,610.056580_-201.084869i,475.114685_-432.284851i,0,1,0,0.00
1386950085,1,0,0,2,-6.728067,0.000000,-0.864713,5.471955,-1.099078,-65.710899,610.056580_-201.084869i,475.114685_-432.284851i,0,1,0,0.00
1386950085,1,0,0,2,-6.158246,0.000000,-0.294891,5.457992,-3.345038,-172.036606,237.105026_30.838646i,229.084366_-68.484825i,0,1,0,0.00
1386950085,1,0,0,2,-6.155503,0.000000,-0.292148,5.597619,-3.345038,-173.605026,237.105026_30.838646i,229.084366_-68.484825i,0,1,0,0.00
1386950086,1,0,0,2,-6.152684,0.000000,-0.289329,5.704665,-3.345038,-175.248260,237.105026_30.838646i,229.084366_-68.484825i,0,1,0,0.00
1386950086,1,0,0,2,-6.149786,0.000000,-0.286431,5.783787,-3.345038,-176.972214,237.105026_30.838646i,229.084366_-68.484825i,0,1,0,0.00
1386950086,1,0,0,2,-6.148634,0.000000,-0.285280,5.839637,-3.345038,-177.666626,237.105026_30.838646i,229.084366_-68.484825i,0,1,0,0.00
1386950086,1,0,0,2,-6.149311,0.000000,-0.285956,5.881525,-3.345038,-177.257782,237.105026_30.838646i,229.084366_-68.484825i,0,1,0,0.00
1386950087,1,0,0,2,-6.148136,0.000000,-0.284781,5.914105,-3.345038,-177.969238,237.105026_30.838646i,229.084366_-68.484825i,0,1,0,0.00
1386950087,1,0,0,2,-6.146940,0.000000,-0.283585,5.937376,-3.345038,-178.699356,237.105026_30.838646i,229.084366_-68.484825i,0,1,0,0.00
1386950087,1,0,0,2,-6.145723,0.000000,-0.282368,5.955993,-3.345038,-179.448883,237.105026_30.838646i,229.084366_-68.484825i,0,1,0,0.00
1386950087,1,0,0,2,-6.144522,0.000000,-0.281167,5.969955,-3.345038,-180.194977,237.105026_30.838646i,229.084366_-68.484825i,0,1,0,0.00
1386950088,1,0,0,2,-6.143261,0.000000,-0.279907,5.979264,-3.345038,-180.985046,237.105026_30.838646i,229.084366_-68.484825i,0,1,0,0.00
1386950088,1,0,0,2,-6.141978,0.000000,-0.278623,5.983918,-3.345038,-181.796967,237.105026_30.838646i,229.084366_-68.484825i,0,1,0,0.00
1386950088,1,0,0,2,-6.140710,0.000000,-0.277356,5.988572,-3.345038,-182.606018,237.105026_30.838646i,229.084366_-68.484825i,0,1,0,0.00
1386950088,1,0,0,2,-6.139421,0.000000,-0.276066,5.993227,-3.345038,-183.437347,237.105026_30.838646i,229.084366_-68.484825i,0,1,0,0.00
1386950089,1,0,0,2,-6.138066,0.000000,-0.274711,5.997881,-3.345038,-184.318985,237.105026_30.838646i,229.084366_-68.484825i,0,1,0,0.00
1386950089,1,0,0,2,-6.136727,0.000000,-0.273373,6.002535,-3.345038,-185.198502,237.105026_30.838646i,229.084366_-68.484825i,0,1,0,0.00
1386950089,1,0,0,2,-6.135365,0.000000,-0.272010,6.002535,-3.345038,-186.103302,237.105026_30.838646i,229.084366_-68.484825i,0,1,0,0.00
1386950089,1,0,0,2,-6.133933,0.000000,-0.270578,6.002535,-3.345038,-187.063980,237.105026_30.838646i,229.084366_-68.484825i,0,1,0,0.00
1386950090,1,0,0,2,-6.132473,0.000000,-0.269118,6.007189,-3.345038,-188.053986,237.105026_30.838646i,229.084366_-68.484825i,0,1,0,0.00
1386950090,1,0,0,2,-6.131030,0.000000,-0.267675,6.007189,-3.345038,-189.043259,237.105026_30.838646i,229.084366_-68.484825i,0,1,0,0.00
1386950090,1,0,0,2,-6.129559,0.000000,-0.266204,6.007189,-3.345038,-190.062698,237.105026_30.838646i,229.084366_-68.484825i,0,1,0,0.00
1386950090,1,0,0,2,-6.128012,0.000000,-0.264658,6.011844,-3.345038,-191.147034,237.105026_30.838646i,229.084366_-68.484825i,0,1,0,0.00
1386950091,1,0,0,2,-6.126483,0.000000,-0.263128,6.011844,-3.345038,-192.232117,237.105026_30.838646i,229.084366_-68.484825i,0,1,0,0.00
1386950091,1,0,0,2,-6.124923,0.000000,-0.261568,6.011844,-3.345038,-193.351837,237.105026_30.838646i,229.084366_-68.484825i,0,1,0,0.00
1386950091,1,0,0,2,-6.123333,0.000000,-0.259978,6.016498,-3.345038,-194.507874,237.105026_30.838646i,229.084366_-68.484825i,0,1,0,0.00
1386950091,1,0,0,2,-6.121658,0.000000,-0.258304,6.016498,-3.345038,-195.739975,237.105026_30.838646i,229.084366_-68.484825i,0,1,0,0.00
1386950092,1,0,0,2,-6.120002,0.000000,-0.256647,6.016498,-3.345038,-196.975449,237.105026_30.838646i,229.084366_-68.484825i,0,1,0,0.00
1386950092,1,0,0,2,-6.118311,0.000000,-0.254956,6.021152,-3.345038,-198.253036,237.105026_30.838646i,229.084366_-68.484825i,0,1,0,0.00
1386950093,1,0,0,2,-6.116530,0.000000,-0.253176,6.021152,-3.345038,-199.616989,237.105026_30.838646i,229.084366_-68.484825i,0,1,0,0.00
1386950093,1,0,0,2,-6.114767,0.000000,-0.251413,6.025806,-3.345038,-200.987000,237.105026_30.838646i,229.084366_-68.484825i,0,1,0,0.00
1386950093,1,0,0,2,-6.112967,0.000000,-0.249612,6.025806,-3.345038,-202.406235,237.105026_30.838646i,229.084366_-68.484825i,0,1,0,0.00
1386950093,1,0,0,2,-6.111127,0.000000,-0.247773,6.025806,-3.345038,-203.877380,237.105026_30.838646i,229.084366_-68.484825i,0,1,0,0.00
1386950094,1,0,0,2,-6.109190,0.000000,-0.245835,6.030461,-3.345038,-205.451904,237.105026_30.838646i,229.084366_-68.484825i,0,1,0,0.00
1386950094,1,0,0,2,-6.107268,0.000000,-0.243913,6.030461,-3.345038,-207.037567,237.105026_30.838646i,229.084366_-68.484825i,0,1,0,0.00
1386950094,1,0,0,2,-6.105304,0.000000,-0.241950,6.035115,-3.345038,-208.684555,237.105026_30.838646i,229.084366_-68.484825i,0,1,0,0.00
1386950094,1,0,0,2,-6.103233,0.000000,-0.239879,6.035115,-3.345038,-210.451080,237.105026_30.838646i,229.084366_-68.484825i,0,1,0,0.00
1386950095,1,0,0,2,-6.101179,0.000000,-0.237825,6.035115,-3.345038,-212.234070,237.105026_30.838646i,229.084366_-68.484825i,0,1,0,0.00
1386950095,1,0,0,2,-6.099078,0.000000,-0.235723,6.039769,-3.345038,-214.090225,237.105026_30.838646i,229.084366_-68.484825i,0,1,0,0.00
1386950095,1,0,0,2,-6.096928,0.000000,-0.233574,6.039769,-3.345038,-216.024155,237.105026_30.838646i,229.084366_-68.484825i,0,1,0,0.00
1386950095,1,0,0,2,-6.094728,0.000000,-0.231374,6.044424,-3.345038,-218.040787,237.105026_30.838646i,229.084366_-68.484825i,0,1,0,0.00
1386950096,1,0,0,2,-6.092477,0.000000,-0.229122,6.044424,-3.345038,-220.145538,237.105026_30.838646i,229.084366_-68.484825i,0,1,0,0.00
1386950096,1,0,0,2,-6.090171,0.000000,-0.226816,6.049078,-3.345038,-222.344238,237.105026_30.838646i,229.084366_-68.484825i,0,1,0,0.00
1386950096,1,0,0,2,-6.087735,0.000000,-0.224380,6.049078,-3.345038,-224.716888,237.105026_30.838646i,229.084366_-68.484825i,0,1,0,0.00
1386950096,1,0,0,2,-6.085314,0.000000,-0.221959,6.053732,-3.345038,-227.126801,237.105026_30.838646i,229.084366_-68.484825i,0,1,0,0.00
1386950097,1,0,0,2,-6.082833,0.000000,-0.219479,6.053732,-3.345038,-229.652023,237.105026_30.838646i,229.084366_-68.484825i,0,1,0,0.00
1386950097,1,0,0,2,-6.080290,0.000000,-0.216936,6.058386,-3.345038,-232.300903,237.105026_30.838646i,229.084366_-68.484825i,0,1,0,0.00
1386950097,1,0,0,2,-6.077683,0.000000,-0.214328,6.058386,-3.345038,-235.082748,237.105026_30.838646i,229.084366_-68.484825i,0,1,0,0.00
1386950097,1,0,0,2,-6.075008,0.000000,-0.211654,6.063041,-3.345038,-238.007782,237.105026_30.838646i,229.084366_-68.484825i,0,1,0,0.00
1386950098,1,0,0,2,-6.072265,0.000000,-0.208910,6.063041,-3.345038,-241.087204,237.105026_30.838646i,229.084366_-68.484825i,0,1,0,0.00
1386950098,1,0,0,2,-6.069449,0.000000,-0.206094,6.067695,-3.345038,-244.333557,237.105026_30.838646i,229.084366_-68.484825i,0,1,0,0.00
1386950098,1,0,0,2,-6.066558,0.000000,-0.203203,6.072349,-3.345038,-247.760651,237.105026_30.838646i,229.084366_-68.484825i,0,1,0,0.00
1386950098,1,0,0,2,-6.063589,0.000000,-0.200234,6.072349,-3.345038,-251.383987,237.105026_30.838646i,229.084366_-68.484825i,0,1,0,0.00
