MCU_timestamp,sig1,sig2,sig3,fa_debug,theta_d1,theta_d,theta_d1_b,theta_b,a_x,b_x,X_b,X_T_b,sail_hc_periods,sail_hc_direction,sail_hc_val,sail_hc_MEAN_V,act_history,jibe_status
1387092166,1,0,0,18,-1.570796,0.000000,-1.047198,-1.052296,-0.447401,-54.776085,-627803.187500_-6079067.000000i,2495840.000000_-5578528.000000i,0,1,0,0.00,0.48,1
1387092166,0,0,0,16,-1.570796,0.000000,-1.047198,-1.052296,-0.447401,-54.776085,-627803.187500_-6079067.000000i,2495840.000000_-5578528.000000i,0,1,0,0.00,0.65,1
1387092166,0,0,0,16,-1.570796,0.000000,-1.047198,-1.052296,-0.447401,-54.776085,-627803.187500_-6079067.000000i,2495840.000000_-5578528.000000i,0,1,0,0.00,0.83,1
1387092167,0,0,0,16,-1.570796,0.000000,-1.047198,-1.052296,-0.447401,-54.776085,-627803.187500_-6079067.000000i,2495840.000000_-5578528.000000i,0,1,0,0.00,1.00,1
1387092167,0,0,0,16,-1.570796,0.000000,-1.047198,-1.052296,-0.447401,-54.776085,-627803.187500_-6079067.000000i,2495840.000000_-5578528.000000i,0,1,0,0.00,1.17,1
1387092167,0,0,0,16,-1.570796,0.000000,-1.047198,-1.052296,-0.447401,-54.776085,-627803.187500_-6079067.000000i,2495840.000000_-5578528.000000i,0,1,0,0.00,1.35,1
1387092167,0,0,0,16,-1.570796,0.000000,-1.047198,-1.052296,-0.447401,-54.776085,-627803.187500_-6079067.000000i,2495840.000000_-5578528.000000i,0,1,0,0.00,1.52,1
1387092168,0,0,0,16,-1.570796,0.000000,-1.047198,-1.052296,-0.447401,-54.776085,-627803.187500_-6079067.000000i,2495840.000000_-5578528.000000i,0,1,0,0.00,1.70,1
1387092168,0,0,0,16,-1.570796,0.000000,-1.047198,-1.052296,-0.447401,-54.776085,-627803.187500_-6079067.000000i,2495840.000000_-5578528.000000i,0,1,0,0.00,1.87,1
1387092168,0,0,0,16,-1.570796,0.000000,-1.047198,-1.052296,-0.447401,-54.776085,-627803.187500_-6079067.000000i,2495840.000000_-5578528.000000i,0,1,0,0.00,2.05,1
1387092168,0,0,0,16,-1.570796,0.000000,-1.047198,-1.052296,-0.447401,-54.776085,-627803.187500_-6079067.000000i,2495840.000000_-5578528.000000i,0,1,0,0.00,2.22,1
1387092169,0,0,0,16,-1.570796,0.000000,-1.047198,-1.052296,-0.447401,-54.776085,-627803.187500_-6079067.000000i,2495840.000000_-5578528.000000i,0,1,0,0.00,2.40,1
1387092169,0,0,0,16,-1.570796,0.000000,-1.047198,-1.052296,-0.447401,-54.776085,-627803.187500_-6079067.000000i,2495840.000000_-5578528.000000i,0,1,0,0.00,2.57,1
1387092169,0,0,0,16,-1.570796,0.000000,-1.047198,-1.052296,-0.447401,-54.776085,-627803.187500_-6079067.000000i,2495840.000000_-5578528.000000i,0,1,0,0.00,2.75,1
1387092169,0,0,0,16,-1.570796,0.000000,-1.047198,-1.052296,-0.447401,-54.776085,-627803.187500_-6079067.000000i,2495840.000000_-5578528.000000i,0,1,0,0.00,2.92,1
1387092170,0,0,0,16,-1.570796,0.000000,-1.047198,-1.052296,-0.447401,-54.776085,-627803.187500_-6079067.000000i,2495840.000000_-5578528.000000i,0,1,0,0.00,3.10,1
1387092170,0,0,0,16,-1.570796,0.000000,-1.047198,-1.052296,-0.447401,-54.776085,-627803.187500_-6079067.000000i,2495840.000000_-5578528.000000i,0,1,0,0.00,3.27,1
1387092170,0,0,0,16,-1.570796,0.000000,-1.047198,-1.052296,-0.447401,-54.776085,-627803.187500_-6079067.000000i,2495840.000000_-5578528.000000i,0,1,0,0.00,3.45,1
1387092170,0,0,0,16,-1.570796,0.000000,-1.047198,-1.052296,-0.447401,-54.776085,-627803.187500_-6079067.000000i,2495840.000000_-5578528.000000i,0,1,0,0.00,3.62,1
1387092171,0,0,0,16,-1.570796,0.000000,-1.047198,-1.052296,-0.447401,-54.776085,-627803.187500_-6079067.000000i,2495840.000000_-5578528.000000i,0,1,0,0.00,3.80,1
1387092171,0,0,0,16,-1.570796,0.000000,-1.047198,-1.052296,-0.447401,-54.776085,-627803.187500_-6079067.000000i,2495840.000000_-5578528.000000i,0,1,0,0.00,3.97,1
1387092171,0,0,0,16,-1.570796,0.000000,-1.047198,-1.052296,-0.447401,-54.776085,-627803.187500_-6079067.000000i,2495840.000000_-5578528.000000i,0,1,0,0.00,4.15,1
1387092171,0,0,0,16,-1.570796,0.000000,-1.047198,-1.052296,-0.447401,-54.776085,-627803.187500_-6079067.000000i,2495840.000000_-5578528.000000i,0,1,0,0.00,4.32,1
1387092172,0,0,0,16,-1.570796,0.000000,-1.047198,-1.052296,-0.447401,-54.776085,-627803.187500_-6079067.000000i,2495840.000000_-5578528.000000i,0,1,0,0.00,4.50,1
1387092172,0,0,0,16,-1.570796,0.000000,-1.047198,-1.052296,-0.447401,-54.776085,-627803.187500_-6079067.000000i,2495840.000000_-5578528.000000i,0,1,0,0.00,4.68,1
1387092172,0,0,0,16,-1.570796,0.000000,-1.047198,-1.052296,-0.447401,-54.776085,-627803.187500_-6079067.000000i,2495840.000000_-5578528.000000i,0,1,0,0.00,4.85,1
1387092172,0,0,0,16,-1.570796,0.000000,-1.047198,-1.052296,-0.447401,-54.776085,-627803.187500_-6079067.000000i,2495840.000000_-5578528.000000i,0,1,0,0.00,5.03,1
1387092173,0,0,0,16,-1.570796,0.000000,-1.047198,-1.052296,-0.447401,-54.776085,-627803.187500_-6079067.000000i,2495840.000000_-5578528.000000i,0,1,0,0.00,5.20,1
1387092173,0,0,0,16,-1.570796,0.000000,-1.047198,-1.052296,-0.447401,-54.776085,-627803.187500_-6079067.000000i,2495840.000000_-5578528.000000i,0,1,0,0.00,5.38,1
1387092173,0,0,0,16,-1.570796,0.000000,-1.047198,-1.052296,-0.447401,-54.776085,-627803.187500_-6079067.000000i,2495840.000000_-5578528.000000i,0,1,0,0.00,5.55,1
1387092173,0,0,0,16,-1.570796,0.000000,-1.047198,-1.052296,-0.447401,-54.776085,-627803.187500_-6079067.000000i,2495840.000000_-5578528.000000i,0,1,0,0.00,5.73,1
1387092174,0,0,0,16,-1.570796,0.000000,-1.047198,-1.052296,-0.447401,-54.776085,-627803.187500_-6079067.000000i,2495840.000000_-5578528.000000i,0,1,0,0.00,5.90,1
1387092174,0,0,0,16,-1.570796,0.000000,-1.047198,-1.052296,-0.447401,-54.776085,-627803.187500_-6079067.000000i,2495840.000000_-5578528.000000i,0,1,0,0.00,6.08,1
1387092174,0,0,0,16,-1.570796,0.000000,-1.047198,-1.052296,-0.447401,-54.776085,-627803.187500_-6079067.000000i,2495840.000000_-5578528.000000i,0,1,0,0.00,6.25,1
1387092174,0,0,0,16,-1.570796,0.000000,-1.047198,-1.052296,-0.447401,-54.776085,-627803.187500_-6079067.000000i,2495840.000000_-5578528.000000i,0,1,0,0.00,6.43,1
1387092175,0,0,0,16,-1.570796,0.000000,-1.047198,-1.052296,-0.447401,-54.776085,-627803.187500_-6079067.000000i,2495840.000000_-5578528.000000i,0,1,0,0.00,6.60,1
1387092175,0,0,0,16,-1.570796,0.000000,-1.047198,-1.052296,-0.447401,-54.776085,-627803.187500_-6079067.000000i,2495840.000000_-5578528.000000i,0,1,0,0.00,6.78,1
1387092175,0,0,0,16,-1.570796,0.000000,-1.047198,-1.052296,-0.447401,-54.776085,-627803.187500_-6079067.000000i,2495840.000000_-5578528.000000i,0,1,0,0.00,6.95,1
1387092175,0,0,0,16,-1.570796,0.000000,-1.047198,-1.052296,-0.447401,-54.776085,-627803.187500_-6079067.000000i,2495840.000000_-5578528.000000i,0,1,0,0.00,7.13,1
1387092176,0,0,0,16,-1.570796,0.000000,-1.047198,-1.052296,-0.447401,-54.776085,-627803.187500_-6079067.000000i,2495840.000000_-5578528.000000i,0,1,0,0.00,7.30,1
1387092176,0,0,0,16,-1.570796,0.000000,-1.047198,-1.052296,-0.447401,-54.776085,-627803.187500_-6079067.000000i,2495840.000000_-5578528.000000i,0,1,0,0.00,7.48,1
1387092176,0,0,0,16,-1.570796,0.000000,-1.047198,-1.052296,-0.447401,-54.776085,-627803.187500_-6079067.000000i,2495840.000000_-5578528.000000i,0,1,0,0.00,7.65,1
1387092177,0,0,0,16,-1.570796,0.000000,-1.047198,-1.052296,-0.447401,-54.776085,-627803.187500_-6079067.000000i,2495840.000000_-5578528.000000i,0,1,0,0.00,7.83,1
1387092177,0,0,0,16,-1.570796,0.000000,-1.047198,-1.052296,-0.447401,-54.776085,-627803.187500_-6079067.000000i,2495840.000000_-5578528.000000i,0,1,0,0.00,8.00,1
1387092177,0,0,0,16,-1.570796,0.000000,-1.047198,-1.052296,-0.447401,-54.776085,-627803.187500_-6079067.000000i,2495840.000000_-5578528.000000i,0,1,0,0.00,8.18,1
1387092177,0,0,0,16,-1.570796,0.000000,-1.047198,-1.052296,-0.447401,-54.776085,-627803.187500_-6079067.000000i,2495840.000000_-5578528.000000i,0,1,0,0.00,8.35,1
1387092178,0,0,0,16,-1.570796,0.000000,-1.047198,-1.052296,-0.447401,-54.776085,-627803.187500_-6079067.000000i,2495840.000000_-5578528.000000i,0,1,0,0.00,8.53,1
1387092178,0,0,0,16,-1.570796,0.000000,-1.047198,-1.052296,-0.447401,-54.776085,-627803.187500_-6079067.000000i,2495840.000000_-5578528.000000i,0,1,0,0.00,8.70,1
1387092178,0,0,0,16,-1.570796,0.000000,-1.047198,-1.052296,-0.447401,-54.776085,-627803.187500_-6079067.000000i,2495840.000000_-5578528.000000i,0,1,0,0.00,8.88,1
1387092178,0,0,0,16,-1.570796,0.000000,-1.047198,-1.052296,-0.447401,-54.776085,-627803.187500_-6079067.000000i,2495840.000000_-5578528.000000i,0,1,0,0.00,9.05,1
1387092179,0,0,0,16,-1.570796,0.000000,-1.047198,-1.052296,-0.447401,-54.776085,-627803.187500_-6079067.000000i,2495840.000000_-5578528.000000i,0,1,0,0.00,9.23,1
1387092179,0,0,0,16,-1.570796,0.000000,-1.047198,-1.052296,-0.447401,-54.776085,-627803.187500_-6079067.000000i,2495840.000000_-5578528.000000i,0,1,0,0.00,9.40,1
1387092179,0,0,0,16,-1.570796,0.000000,-1.047198,-1.052296,-0.447401,-54.776085,-627803.187500_-6079067.000000i,2495840.000000_-5578528.000000i,0,1,0,0.00,9.58,1
1387092179,0,0,0,16,-1.570796,0.000000,-1.047198,-1.052296,-0.447401,-54.776085,-627803.187500_-6079067.000000i,2495840.000000_-5578528.000000i,0,1,0,0.00,9.75,1
1387092180,0,0,0,16,-1.570796,0.000000,-1.047198,-1.052296,-0.447401,-54.776085,-627803.187500_-6079067.000000i,2495840.000000_-5578528.000000i,0,1,0,0.00,9.93,1
1387092180,0,0,0,16,-1.570796,0.000000,-1.047198,-1.052296,-0.447401,-54.776085,-627803.187500_-6079067.000000i,2495840.000000_-5578528.000000i,0,1,0,0.00,10.10,1
1387092180,0,0,0,16,-1.570796,0.000000,-1.047198,-1.052296,-0.447401,-54.776085,-627803.187500_-6079067.000000i,2495840.000000_-5578528.000000i,0,1,0,0.00,10.28,1
1387092180,0,0,0,16,-1.570796,0.000000,-1.047198,-1.052296,-0.447401,-54.776085,-627803.187500_-6079067.000000i,2495840.000000_-5578528.000000i,0,1,0,0.00,10.45,1
1387092181,0,0,0,16,-1.570796,0.000000,-1.047198,-1.052296,-0.447401,-54.776085,-627803.187500_-6079067.000000i,2495840.000000_-5578528.000000i,0,1,0,0.00,10.63,1
1387092181,0,0,0,16,-1.570796,0.000000,-1.047198,-1.052296,-0.447401,-54.776085,-627803.187500_-6079067.000000i,2495840.000000_-5578528.000000i,0,1,0,0.00,10.80,1
1387092181,0,0,0,16,-1.570796,0.000000,-1.047198,-1.052296,-0.447401,-54.776085,-627803.187500_-6079067.000000i,2495840.000000_-5578528.000000i,0,1,0,0.00,10.98,1
1387092181,0,0,0,16,-1.570796,0.000000,-1.047198,-1.052296,-0.447401,-54.776085,-627803.187500_-6079067.000000i,2495840.000000_-5578528.000000i,0,1,0,0.00,11.15,1
1387092182,0,0,0,16,-1.570796,0.000000,-1.047198,-1.052296,-0.447401,-54.776085,-627803.187500_-6079067.000000i,2495840.000000_-5578528.000000i,0,1,0,0.00,11.33,1
1387092182,0,0,0,16,-1.570796,0.000000,-1.047198,-1.052296,-0.447401,-54.776085,-627803.187500_-6079067.000000i,2495840.000000_-5578528.000000i,0,1,0,0.00,11.50,1
1387092182,0,0,0,16,-1.570796,0.000000,-1.047198,-1.052296,-0.447401,-54.776085,-627803.187500_-6079067.000000i,2495840.000000_-5578528.000000i,0,1,0,0.00,11.68,1
1387092182,0,0,0,16,-1.570796,0.000000,-1.047198,-1.052296,-0.447401,-54.776085,-627803.187500_-6079067.000000i,2495840.000000_-5578528.000000i,0,1,0,0.00,11.85,1
1387092183,0,0,0,16,-1.570796,0.000000,-1.047198,-1.052296,-0.447401,-54.776085,-627803.187500_-6079067.000000i,2495840.000000_-5578528.000000i,0,1,0,0.00,12.03,1
