MCU_timestamp,sig1,sig2,sig3,fa_debug,theta_d1,theta_d,theta_d1_b,theta_b,a_x,b_x,X_b,X_T_b,sail_hc_periods,sail_hc_direction,sail_hc_val,sail_hc_MEAN_V
1386865544,0,0,0,0,0.000000,0.000000,0.000000,0.000000,0.000000,0.000000,0.000000_0.000000i,0.000000_0.000000i,0,1,0,0.00
1386865544,0,0,0,0,0.000000,0.000000,0.000000,0.000000,0.000000,0.000000,0.000000_0.000000i,0.000000_0.000000i,0,1,0,0.00
1386865545,0,0,0,0,0.000000,0.000000,0.000000,0.000000,0.000000,0.000000,0.000000_0.000000i,0.000000_0.000000i,0,1,0,0.00
1386865545,0,0,0,0,0.000000,0.000000,0.000000,0.000000,0.000000,0.000000,0.000000_0.000000i,0.000000_0.000000i,0,1,0,0.00
1386865545,0,0,0,0,0.000000,0.000000,0.000000,0.000000,0.000000,0.000000,0.000000_0.000000i,0.000000_0.000000i,0,1,0,0.00
1386865545,0,0,0,0,0.000000,0.000000,0.000000,0.000000,0.000000,0.000000,0.000000_0.000000i,0.000000_0.000000i,0,1,0,0.00
1386865546,0,0,0,0,0.000000,0.000000,0.000000,0.000000,0.000000,0.000000,0.000000_0.000000i,0.000000_0.000000i,0,1,0,0.00
1386865546,0,0,0,0,0.000000,0.000000,0.000000,0.000000,0.000000,0.000000,0.000000_0.000000i,0.000000_0.000000i,0,1,0,0.00
1386865546,0,0,0,0,0.000000,0.000000,0.000000,0.000000,0.000000,0.000000,0.000000_0.000000i,0.000000_0.000000i,0,1,0,0.00
1386865546,0,0,0,0,0.000000,0.000000,0.000000,0.000000,0.000000,0.000000,0.000000_0.000000i,0.000000_0.000000i,0,1,0,0.00
1386865547,0,0,0,0,0.000000,0.000000,0.000000,0.000000,0.000000,0.000000,0.000000_0.000000i,0.000000_0.000000i,0,1,0,0.00
1386865547,0,0,0,0,0.000000,0.000000,0.000000,0.000000,0.000000,0.000000,0.000000_0.000000i,0.000000_0.000000i,0,1,0,0.00
1386865547,0,0,0,0,0.000000,0.000000,0.000000,0.000000,0.000000,0.000000,0.000000_0.000000i,0.000000_0.000000i,0,1,0,0.00
1386865547,0,0,0,0,0.000000,0.000000,0.000000,0.000000,0.000000,0.000000,0.000000_0.000000i,0.000000_0.000000i,0,1,0,0.00
1386865548,0,0,0,0,0.000000,0.000000,0.000000,0.000000,0.000000,0.000000,0.000000_0.000000i,0.000000_0.000000i,0,1,0,0.00
1386865548,0,0,0,0,0.000000,0.000000,0.000000,0.000000,0.000000,0.000000,0.000000_0.000000i,0.000000_0.000000i,0,1,0,0.00
1386865548,0,0,0,0,0.000000,0.000000,0.000000,0.000000,0.000000,0.000000,0.000000_0.000000i,0.000000_0.000000i,0,1,0,0.00
1386865548,0,0,0,0,0.000000,0.000000,0.000000,0.000000,0.000000,0.000000,0.000000_0.000000i,0.000000_0.000000i,0,1,0,0.00
1386865549,0,0,0,0,0.000000,0.000000,0.000000,0.000000,0.000000,0.000000,0.000000_0.000000i,0.000000_0.000000i,0,1,0,0.00
1386865549,0,0,0,0,0.000000,0.000000,0.000000,0.000000,0.000000,0.000000,0.000000_0.000000i,0.000000_0.000000i,0,1,0,0.00
1386865549,0,0,0,0,0.000000,0.000000,0.000000,0.000000,0.000000,0.000000,0.000000_0.000000i,0.000000_0.000000i,0,1,0,0.00
1386865550,0,0,0,0,0.000000,0.000000,0.000000,0.000000,0.000000,0.000000,0.000000_0.000000i,0.000000_0.000000i,0,1,0,0.00
1386865550,0,0,0,0,0.000000,0.000000,0.000000,0.000000,0.000000,0.000000,0.000000_0.000000i,0.000000_0.000000i,0,1,0,0.00
1386865550,0,0,0,0,0.000000,0.000000,0.000000,0.000000,0.000000,0.000000,0.000000_0.000000i,0.000000_0.000000i,0,1,0,0.00
1386865550,0,0,0,0,0.000000,0.000000,0.000000,0.000000,0.000000,0.000000,0.000000_0.000000i,0.000000_0.000000i,0,1,0,0.00
1386865551,0,0,0,0,0.000000,0.000000,0.000000,0.000000,0.000000,0.000000,0.000000_0.000000i,0.000000_0.000000i,0,1,0,0.00
1386865551,0,0,0,0,0.000000,0.000000,0.000000,0.000000,0.000000,0.000000,0.000000_0.000000i,0.000000_0.000000i,0,1,0,0.00
1386865551,0,0,0,0,0.000000,0.000000,0.000000,0.000000,0.000000,0.000000,0.000000_0.000000i,0.000000_0.000000i,0,1,0,0.00
1386865551,0,0,0,0,0.000000,0.000000,0.000000,0.000000,0.000000,0.000000,0.000000_0.000000i,0.000000_0.000000i,0,1,0,0.00
1386865552,0,0,0,0,0.000000,0.000000,0.000000,0.000000,0.000000,0.000000,0.000000_0.000000i,0.000000_0.000000i,0,1,0,0.00
1386865552,0,0,0,0,0.000000,0.000000,0.000000,0.000000,0.000000,0.000000,0.000000_0.000000i,0.000000_0.000000i,0,1,0,0.00
1386865552,0,0,0,0,0.000000,0.000000,0.000000,0.000000,0.000000,0.000000,0.000000_0.000000i,0.000000_0.000000i,0,1,0,0.00
1386865552,1,2,2,7353,-7.677752,0.000000,-1.814397,14.161375,0.248537,-51.521122,64.470566_-362.037262i,-88.696671_-356.875793i,0,1,0,0.00
1386865553,2,2,2,7353,-7.677752,0.000000,-1.814397,13.998477,0.248537,-51.521122,64.470566_-362.037262i,-88.696671_-356.875793i,0,1,0,0.00
1386865553,2,2,2,7353,-7.677752,0.000000,-1.814397,13.835580,0.248537,-51.521122,64.470566_-362.037262i,-88.696671_-356.875793i,0,1,0,0.00
1386865553,2,2,2,7353,-7.677752,0.000000,-1.814397,13.672683,0.248537,-51.521122,64.470566_-362.037262i,-88.696671_-356.875793i,0,1,0,0.00
1386865553,2,2,2,7353,-7.677752,0.000000,-1.814397,13.509785,0.248537,-51.521122,64.470566_-362.037262i,-88.696671_-356.875793i,0,1,0,0.00
1386865554,2,2,2,7353,-7.677752,0.000000,-1.814397,13.346887,0.248537,-51.521122,64.470566_-362.037262i,-88.696671_-356.875793i,0,1,0,0.00
1386865554,2,2,2,7353,-7.677752,0.000000,-1.814397,13.183990,0.248537,-51.521122,64.470566_-362.037262i,-88.696671_-356.875793i,0,1,0,0.00
1386865554,2,2,2,7353,-7.677752,0.000000,-1.814397,13.021092,0.248537,-51.521122,64.470566_-362.037262i,-88.696671_-356.875793i,0,1,0,0.00
1386865554,2,2,2,7353,-7.677752,0.000000,-1.814397,12.858194,0.248537,-51.521122,64.470566_-362.037262i,-88.696671_-356.875793i,0,1,0,0.00
1386865555,2,2,2,7353,-7.677752,0.000000,-1.814397,12.695296,0.248537,-51.521122,64.470566_-362.037262i,-88.696671_-356.875793i,0,1,0,0.00
1386865555,2,2,2,7353,-7.677752,0.000000,-1.814397,12.532399,0.248537,-51.521122,64.470566_-362.037262i,-88.696671_-356.875793i,0,1,0,0.00
1386865555,2,2,2,7353,-7.677752,0.000000,-1.814397,12.369502,0.248537,-51.521122,64.470566_-362.037262i,-88.696671_-356.875793i,0,1,0,0.00
1386865555,2,2,2,7353,-7.677752,0.000000,-1.814397,12.206604,0.248537,-51.521122,64.470566_-362.037262i,-88.696671_-356.875793i,0,1,0,0.00
1386865556,2,2,2,7353,-7.677752,0.000000,-1.814397,12.043706,0.248537,-51.521122,64.470566_-362.037262i,-88.696671_-356.875793i,0,1,0,0.00
1386865556,2,2,2,7353,-7.677752,0.000000,-1.814397,11.904080,0.248537,-51.521122,64.470566_-362.037262i,-88.696671_-356.875793i,0,1,0,0.00
1386865556,2,2,2,7353,-7.677752,0.000000,-1.814397,11.801687,0.248537,-51.521122,64.470566_-362.037262i,-88.696671_-356.875793i,0,1,0,0.00
1386865556,2,2,2,7353,-7.677752,0.000000,-1.814397,11.727220,0.248537,-51.521122,64.470566_-362.037262i,-88.696671_-356.875793i,0,1,0,0.00
1386865557,2,2,2,7353,-7.677752,0.000000,-1.814397,11.671370,0.248537,-51.521122,64.470566_-362.037262i,-88.696671_-356.875793i,0,1,0,0.00
1386865557,2,2,2,7353,-7.677752,0.000000,-1.814397,11.629481,0.248537,-51.521122,64.470566_-362.037262i,-88.696671_-356.875793i,0,1,0,0.00
1386865557,2,2,2,7353,-7.677752,0.000000,-1.814397,11.601556,0.248537,-51.521122,64.470566_-362.037262i,-88.696671_-356.875793i,0,1,0,0.00
1386865557,2,2,2,7353,-7.677752,0.000000,-1.814397,11.578286,0.248537,-51.521122,64.470566_-362.037262i,-88.696671_-356.875793i,0,1,0,0.00
1386865558,2,2,2,7353,-7.677752,0.000000,-1.814397,11.564322,0.248537,-51.521122,64.470566_-362.037262i,-88.696671_-356.875793i,0,1,0,0.00
1386865558,2,2,2,7353,-7.677752,0.000000,-1.814397,11.550361,0.248537,-51.521122,64.470566_-362.037262i,-88.696671_-356.875793i,0,1,0,0.00
1386865558,2,2,2,7353,-7.677752,0.000000,-1.814397,11.541051,0.248537,-51.521122,64.470566_-362.037262i,-88.696671_-356.875793i,0,1,0,0.00
1386865558,2,2,2,7353,-7.677752,0.000000,-1.814397,11.536397,0.248537,-51.521122,64.470566_-362.037262i,-88.696671_-356.875793i,0,1,0,0.00
1386865559,2,2,2,7353,-7.677752,0.000000,-1.814397,11.531743,0.248537,-51.521122,64.470566_-362.037262i,-88.696671_-356.875793i,0,1,0,0.00
1386865559,2,2,2,7353,-7.677752,0.000000,-1.814397,11.527089,0.248537,-51.521122,64.470566_-362.037262i,-88.696671_-356.875793i,0,1,0,0.00
1386865559,2,2,2,7353,-7.677752,0.000000,-1.814397,11.527089,0.248537,-51.521122,64.470566_-362.037262i,-88.696671_-356.875793i,0,1,0,0.00
1386865559,2,2,2,7353,-7.677752,0.000000,-1.814397,11.527089,0.248537,-51.521122,64.470566_-362.037262i,-88.696671_-356.875793i,0,1,0,0.00
1386865560,2,2,2,7353,-7.677752,0.000000,-1.814397,11.527089,0.248537,-51.521122,64.470566_-362.037262i,-88.696671_-356.875793i,0,1,0,0.00
1386865560,2,2,2,7353,-7.677752,0.000000,-1.814397,11.527089,0.248537,-51.521122,64.470566_-362.037262i,-88.696671_-356.875793i,0,1,0,0.00
1386865560,2,2,2,7353,-7.677752,0.000000,-1.814397,11.527089,0.248537,-51.521122,64.470566_-362.037262i,-88.696671_-356.875793i,0,1,0,0.00
1386865560,2,2,2,7353,-7.677752,0.000000,-1.814397,11.527089,0.248537,-51.521122,64.470566_-362.037262i,-88.696671_-356.875793i,0,1,0,0.00
1386865561,2,2,2,7353,-7.677752,0.000000,-1.814397,11.527089,0.248537,-51.521122,64.470566_-362.037262i,-88.696671_-356.875793i,0,1,0,0.00
1386865561,2,2,2,7353,-7.677752,0.000000,-1.814397,11.364192,0.248537,-51.521122,64.470566_-362.037262i,-88.696671_-356.875793i,0,1,0,0.00
1386865561,2,2,2,7353,-7.677752,0.000000,-1.814397,11.527089,0.248537,-51.521122,64.470566_-362.037262i,-88.696671_-356.875793i,0,1,0,0.00
1386865561,2,2,2,7353,-7.677752,0.000000,-1.814397,11.689986,0.248537,-51.521122,64.470566_-362.037262i,-88.696671_-356.875793i,0,1,0,0.00
1386865562,2,2,2,7353,-7.677752,0.000000,-1.814397,11.852883,0.248537,-51.521122,64.470566_-362.037262i,-88.696671_-356.875793i,0,1,0,0.00
1386865562,2,2,2,7353,-7.677752,0.000000,-1.814397,12.015780,0.248537,-51.521122,64.470566_-362.037262i,-88.696671_-356.875793i,0,1,0,0.00
1386865562,2,2,2,7353,-7.677752,0.000000,-1.814397,12.178679,0.248537,-51.521122,64.470566_-362.037262i,-88.696671_-356.875793i,0,1,0,0.00
1386865562,2,2,2,7353,-7.677752,0.000000,-1.814397,12.341577,0.248537,-51.521122,64.470566_-362.037262i,-88.696671_-356.875793i,0,1,0,0.00
1386865563,2,2,2,7353,-7.677752,0.000000,-1.814397,12.504474,0.248537,-51.521122,64.470566_-362.037262i,-88.696671_-356.875793i,0,1,0,0.00
1386865563,2,2,2,7353,-7.677752,0.000000,-1.814397,12.523091,0.248537,-51.521122,64.470566_-362.037262i,-88.696671_-356.875793i,0,1,0,0.00
1386865563,2,2,2,7353,-7.677752,0.000000,-1.814397,12.685988,0.248537,-51.521122,64.470566_-362.037262i,-88.696671_-356.875793i,0,1,0,0.00
1386865563,2,2,2,7353,-7.677752,0.000000,-1.814397,12.653409,0.248537,-51.521122,64.470566_-362.037262i,-88.696671_-356.875793i,0,1,0,0.00
1386865564,2,2,2,7353,-7.677752,0.000000,-1.814397,12.816306,0.248537,-51.521122,64.470566_-362.037262i,-88.696671_-356.875793i,0,1,0,0.00
1386865564,2,2,2,7353,-7.677752,0.000000,-1.814397,12.979204,0.248537,-51.521122,64.470566_-362.037262i,-88.696671_-356.875793i,0,1,0,0.00
1386865564,2,2,2,7353,-7.677752,0.000000,-1.814397,13.142102,0.248537,-51.521122,64.470566_-362.037262i,-88.696671_-356.875793i,0,1,0,0.00
1386865564,2,2,2,7353,-7.677752,0.000000,-1.814397,13.304999,0.248537,-51.521122,64.470566_-362.037262i,-88.696671_-356.875793i,0,1,0,0.00
1386865565,2,2,2,7353,-7.677752,0.000000,-1.814397,13.467896,0.248537,-51.521122,64.470566_-362.037262i,-88.696671_-356.875793i,0,1,0,0.00
1386865565,2,2,2,7353,-7.677752,0.000000,-1.814397,13.500476,0.248537,-51.521122,64.470566_-362.037262i,-88.696671_-356.875793i,0,1,0,0.00
1386865565,2,2,2,7353,-7.677752,0.000000,-1.814397,13.663374,0.248537,-51.521122,64.470566_-362.037262i,-88.696671_-356.875793i,0,1,0,0.00
1386865565,2,2,2,7353,-7.677752,0.000000,-1.814397,13.789038,0.248537,-51.521122,64.470566_-362.037262i,-88.696671_-356.875793i,0,1,0,0.00
1386865566,2,2,2,7353,-7.677752,0.000000,-1.814397,13.626140,0.248537,-51.521122,64.470566_-362.037262i,-88.696671_-356.875793i,0,1,0,0.00
1386865566,2,2,2,7353,-7.677752,0.000000,-1.814397,13.761113,0.248537,-51.521122,64.470566_-362.037262i,-88.696671_-356.875793i,0,1,0,0.00
1386865566,2,2,2,7353,-7.677752,0.000000,-1.814397,13.863505,0.248537,-51.521122,64.470566_-362.037262i,-88.696671_-356.875793i,0,1,0,0.00
1386865566,2,2,2,7353,-7.677752,0.000000,-1.814397,13.937972,0.248537,-51.521122,64.470566_-362.037262i,-88.696671_-356.875793i,0,1,0,0.00
1386865567,2,2,2,7353,-7.677752,0.000000,-1.814397,14.100870,0.248537,-51.521122,64.470566_-362.037262i,-88.696671_-356.875793i,0,1,0,0.00
1386865567,2,2,2,7353,-7.677752,0.000000,-1.814397,14.110179,0.248537,-51.521122,64.470566_-362.037262i,-88.696671_-356.875793i,0,1,0,0.00
1386865567,2,2,2,7353,-7.677752,0.000000,-1.814397,14.119487,0.248537,-51.521122,64.470566_-362.037262i,-88.696671_-356.875793i,0,1,0,0.00
1386865567,2,2,2,7353,-7.677752,0.000000,-1.814397,14.268421,0.248537,-51.521122,64.470566_-362.037262i,-88.696671_-356.875793i,0,1,0,0.00
1386865568,2,2,2,7353,-7.677752,0.000000,-1.814397,14.380122,0.248537,-51.521122,64.470566_-362.037262i,-88.696671_-356.875793i,0,1,0,0.00
1386865568,2,2,2,7353,-7.677752,0.000000,-1.814397,14.217225,0.248537,-51.521122,64.470566_-362.037262i,-88.696671_-356.875793i,0,1,0,0.00
1386865568,2,2,2,7353,-7.677752,0.000000,-1.814397,14.380122,0.248537,-51.521122,64.470566_-362.037262i,-88.696671_-356.875793i,0,1,0,0.00
1386865568,2,2,2,7353,-7.677752,0.000000,-1.814397,14.314963,0.248537,-51.521122,64.470566_-362.037262i,-88.696671_-356.875793i,0,1,0,0.00
1386865569,2,2,2,7353,-7.677752,0.000000,-1.814397,14.152066,0.248537,-51.521122,64.470566_-362.037262i,-88.696671_-356.875793i,0,1,0,0.00
1386865569,2,2,2,7353,-7.677752,0.000000,-1.814397,14.147411,0.248537,-51.521122,64.470566_-362.037262i,-88.696671_-356.875793i,0,1,0,0.00
1386865569,2,2,2,7353,-7.677752,0.000000,-1.814397,14.142757,0.248537,-51.521122,64.470566_-362.037262i,-88.696671_-356.875793i,0,1,0,0.00
1386865569,2,2,2,7353,-7.677752,0.000000,-1.814397,14.142757,0.248537,-51.521122,64.470566_-362.037262i,-88.696671_-356.875793i,0,1,0,0.00
1386865570,2,2,2,7353,-7.677752,0.000000,-1.814397,14.142757,0.248537,-51.521122,64.470566_-362.037262i,-88.696671_-356.875793i,0,1,0,0.00
1386865570,2,2,2,0,-7.677752,0.000000,-1.814397,14.142757,0.248537,-51.521122,64.470566_-362.037262i,-88.696671_-356.875793i,0,1,0,0.00
1386865570,2,2,2,0,-7.677752,0.000000,-1.814397,14.142757,0.248537,-51.521122,64.470566_-362.037262i,-88.696671_-356.875793i,0,1,0,0.00
1386865570,2,2,2,0,-7.677752,0.000000,-1.814397,14.142757,0.248537,-51.521122,64.470566_-362.037262i,-88.696671_-356.875793i,0,1,0,0.00
1386865571,2,2,2,0,-7.677752,0.000000,-1.814397,14.142757,0.248537,-51.521122,64.470566_-362.037262i,-88.696671_-356.875793i,0,1,0,0.00
1386865571,2,2,2,0,-7.677752,0.000000,-1.814397,14.142757,0.248537,-51.521122,64.470566_-362.037262i,-88.696671_-356.875793i,0,1,0,0.00
1386865571,2,2,2,0,-7.677752,0.000000,-1.814397,14.142757,0.248537,-51.521122,64.470566_-362.037262i,-88.696671_-356.875793i,0,1,0,0.00
1386865571,2,2,2,0,-7.677752,0.000000,-1.814397,14.142757,0.248537,-51.521122,64.470566_-362.037262i,-88.696671_-356.875793i,0,1,0,0.00
1386865572,2,2,2,0,-7.677752,0.000000,-1.814397,14.142757,0.248537,-51.521122,64.470566_-362.037262i,-88.696671_-356.875793i,0,1,0,0.00
1386865572,2,2,2,0,-7.677752,0.000000,-1.814397,14.142757,0.248537,-51.521122,64.470566_-362.037262i,-88.696671_-356.875793i,0,1,0,0.00
1386865572,2,2,2,0,-7.677752,0.000000,-1.814397,14.142757,0.248537,-51.521122,64.470566_-362.037262i,-88.696671_-356.875793i,0,1,0,0.00
1386865572,2,2,2,0,-7.677752,0.000000,-1.814397,14.142757,0.248537,-51.521122,64.470566_-362.037262i,-88.696671_-356.875793i,0,1,0,0.00
1386865573,2,2,2,0,-7.677752,0.000000,-1.814397,14.142757,0.248537,-51.521122,64.470566_-362.037262i,-88.696671_-356.875793i,0,1,0,0.00
1386865573,2,2,2,0,-7.677752,0.000000,-1.814397,14.142757,0.248537,-51.521122,64.470566_-362.037262i,-88.696671_-356.875793i,0,1,0,0.00
1386865573,2,2,2,0,-7.677752,0.000000,-1.814397,14.142757,0.248537,-51.521122,64.470566_-362.037262i,-88.696671_-356.875793i,0,1,0,0.00
1386865573,2,2,2,0,-7.677752,0.000000,-1.814397,14.142757,0.248537,-51.521122,64.470566_-362.037262i,-88.696671_-356.875793i,0,1,0,0.00
1386865574,2,2,2,0,-7.677752,0.000000,-1.814397,14.142757,0.248537,-51.521122,64.470566_-362.037262i,-88.696671_-356.875793i,0,1,0,0.00
1386865574,2,2,2,0,-7.677752,0.000000,-1.814397,14.142757,0.248537,-51.521122,64.470566_-362.037262i,-88.696671_-356.875793i,0,1,0,0.00
1386865574,2,2,2,0,-7.677752,0.000000,-1.814397,14.142757,0.248537,-51.521122,64.470566_-362.037262i,-88.696671_-356.875793i,0,1,0,0.00
1386865574,2,2,2,0,-7.677752,0.000000,-1.814397,14.142757,0.248537,-51.521122,64.470566_-362.037262i,-88.696671_-356.875793i,0,1,0,0.00
1386865575,2,2,2,0,-7.677752,0.000000,-1.814397,14.142757,0.248537,-51.521122,64.470566_-362.037262i,-88.696671_-356.875793i,0,1,0,0.00
1386865575,2,2,2,0,-7.677752,0.000000,-1.814397,14.142757,0.248537,-51.521122,64.470566_-362.037262i,-88.696671_-356.875793i,0,1,0,0.00
1386865575,2,2,2,0,-7.677752,0.000000,-1.814397,14.142757,0.248537,-51.521122,64.470566_-362.037262i,-88.696671_-356.875793i,0,1,0,0.00
1386865575,2,2,2,0,-7.677752,0.000000,-1.814397,14.142757,0.248537,-51.521122,64.470566_-362.037262i,-88.696671_-356.875793i,0,1,0,0.00
1386865576,2,2,2,0,-7.677752,0.000000,-1.814397,14.142757,0.248537,-51.521122,64.470566_-362.037262i,-88.696671_-356.875793i,0,1,0,0.00
1386865576,2,2,2,0,-7.677752,0.000000,-1.814397,14.142757,0.248537,-51.521122,64.470566_-362.037262i,-88.696671_-356.875793i,0,1,0,0.00
1386865576,2,2,2,0,-7.677752,0.000000,-1.814397,14.142757,0.248537,-51.521122,64.470566_-362.037262i,-88.696671_-356.875793i,0,1,0,0.00
1386865576,2,2,2,0,-7.677752,0.000000,-1.814397,14.142757,0.248537,-51.521122,64.470566_-362.037262i,-88.696671_-356.875793i,0,1,0,0.00
1386865577,2,2,2,0,-7.677752,0.000000,-1.814397,14.142757,0.248537,-51.521122,64.470566_-362.037262i,-88.696671_-356.875793i,0,1,0,0.00
1386865577,2,2,2,0,-7.677752,0.000000,-1.814397,14.142757,0.248537,-51.521122,64.470566_-362.037262i,-88.696671_-356.875793i,0,1,0,0.00
1386865577,2,2,2,0,-7.677752,0.000000,-1.814397,14.142757,0.248537,-51.521122,64.470566_-362.037262i,-88.696671_-356.875793i,0,1,0,0.00
1386865577,2,2,2,0,-7.677752,0.000000,-1.814397,14.142757,0.248537,-51.521122,64.470566_-362.037262i,-88.696671_-356.875793i,0,1,0,0.00
1386865578,2,2,2,0,-7.677752,0.000000,-1.814397,14.142757,0.248537,-51.521122,64.470566_-362.037262i,-88.696671_-356.875793i,0,1,0,0.00
1386865578,2,2,2,0,-7.677752,0.000000,-1.814397,14.142757,0.248537,-51.521122,64.470566_-362.037262i,-88.696671_-356.875793i,0,1,0,0.00
1386865578,2,2,2,0,-7.677752,0.000000,-1.814397,14.142757,0.248537,-51.521122,64.470566_-362.037262i,-88.696671_-356.875793i,0,1,0,0.00
1386865578,2,2,2,0,-7.677752,0.000000,-1.814397,14.142757,0.248537,-51.521122,64.470566_-362.037262i,-88.696671_-356.875793i,0,1,0,0.00
1386865579,2,2,2,0,-7.677752,0.000000,-1.814397,14.142757,0.248537,-51.521122,64.470566_-362.037262i,-88.696671_-356.875793i,0,1,0,0.00
1386865579,2,2,2,0,-7.677752,0.000000,-1.814397,14.142757,0.248537,-51.521122,64.470566_-362.037262i,-88.696671_-356.875793i,0,1,0,0.00
1386865579,2,2,2,0,-7.677752,0.000000,-1.814397,14.142757,0.248537,-51.521122,64.470566_-362.037262i,-88.696671_-356.875793i,0,1,0,0.00
1386865579,2,2,2,0,-7.677752,0.000000,-1.814397,14.142757,0.248537,-51.521122,64.470566_-362.037262i,-88.696671_-356.875793i,0,1,0,0.00
1386865580,2,2,2,0,-7.677752,0.000000,-1.814397,14.142757,0.248537,-51.521122,64.470566_-362.037262i,-88.696671_-356.875793i,0,1,0,0.00
1386865580,2,2,2,0,-7.677752,0.000000,-1.814397,14.142757,0.248537,-51.521122,64.470566_-362.037262i,-88.696671_-356.875793i,0,1,0,0.00
1386865580,2,2,2,0,-7.677752,0.000000,-1.814397,14.142757,0.248537,-51.521122,64.470566_-362.037262i,-88.696671_-356.875793i,0,1,0,0.00
1386865580,2,2,2,0,-7.677752,0.000000,-1.814397,14.142757,0.248537,-51.521122,64.470566_-362.037262i,-88.696671_-356.875793i,0,1,0,0.00
1386865581,2,2,2,0,-7.677752,0.000000,-1.814397,14.142757,0.248537,-51.521122,64.470566_-362.037262i,-88.696671_-356.875793i,0,1,0,0.00
1386865581,2,2,2,0,-7.677752,0.000000,-1.814397,14.142757,0.248537,-51.521122,64.470566_-362.037262i,-88.696671_-356.875793i,0,1,0,0.00
1386865581,2,2,2,0,-7.677752,0.000000,-1.814397,14.142757,0.248537,-51.521122,64.470566_-362.037262i,-88.696671_-356.875793i,0,1,0,0.00
1386865581,2,2,2,0,-7.677752,0.000000,-1.814397,14.142757,0.248537,-51.521122,64.470566_-362.037262i,-88.696671_-356.875793i,0,1,0,0.00
1386865582,2,2,2,0,-7.677752,0.000000,-1.814397,14.142757,0.248537,-51.521122,64.470566_-362.037262i,-88.696671_-356.875793i,0,1,0,0.00
1386865582,2,2,2,0,-7.677752,0.000000,-1.814397,14.142757,0.248537,-51.521122,64.470566_-362.037262i,-88.696671_-356.875793i,0,1,0,0.00
1386865582,2,2,2,0,-7.677752,0.000000,-1.814397,14.142757,0.248537,-51.521122,64.470566_-362.037262i,-88.696671_-356.875793i,0,1,0,0.00
1386865582,2,2,2,0,-7.677752,0.000000,-1.814397,14.142757,0.248537,-51.521122,64.470566_-362.037262i,-88.696671_-356.875793i,0,1,0,0.00
1386865583,2,2,2,0,-7.677752,0.000000,-1.814397,14.142757,0.248537,-51.521122,64.470566_-362.037262i,-88.696671_-356.875793i,0,1,0,0.00
1386865583,2,2,2,0,-7.677752,0.000000,-1.814397,14.142757,0.248537,-51.521122,64.470566_-362.037262i,-88.696671_-356.875793i,0,1,0,0.00
1386865583,2,2,2,0,-7.677752,0.000000,-1.814397,14.142757,0.248537,-51.521122,64.470566_-362.037262i,-88.696671_-356.875793i,0,1,0,0.00
1386865583,2,2,2,0,-7.677752,0.000000,-1.814397,14.142757,0.248537,-51.521122,64.470566_-362.037262i,-88.696671_-356.875793i,0,1,0,0.00
1386865584,2,2,2,0,-7.677752,0.000000,-1.814397,14.142757,0.248537,-51.521122,64.470566_-362.037262i,-88.696671_-356.875793i,0,1,0,0.00
1386865584,2,2,2,0,-7.677752,0.000000,-1.814397,14.142757,0.248537,-51.521122,64.470566_-362.037262i,-88.696671_-356.875793i,0,1,0,0.00
1386865584,2,2,2,0,-7.677752,0.000000,-1.814397,14.142757,0.248537,-51.521122,64.470566_-362.037262i,-88.696671_-356.875793i,0,1,0,0.00
1386865584,2,2,2,0,-7.677752,0.000000,-1.814397,14.142757,0.248537,-51.521122,64.470566_-362.037262i,-88.696671_-356.875793i,0,1,0,0.00
1386865585,2,2,2,0,-7.677752,0.000000,-1.814397,14.142757,0.248537,-51.521122,64.470566_-362.037262i,-88.696671_-356.875793i,0,1,0,0.00
1386865585,2,2,2,0,-7.677752,0.000000,-1.814397,14.142757,0.248537,-51.521122,64.470566_-362.037262i,-88.696671_-356.875793i,0,1,0,0.00
1386865585,2,2,2,0,-7.677752,0.000000,-1.814397,14.142757,0.248537,-51.521122,64.470566_-362.037262i,-88.696671_-356.875793i,0,1,0,0.00
1386865585,2,2,2,0,-7.677752,0.000000,-1.814397,14.142757,0.248537,-51.521122,64.470566_-362.037262i,-88.696671_-356.875793i,0,1,0,0.00
1386865586,2,2,2,0,-7.677752,0.000000,-1.814397,14.142757,0.248537,-51.521122,64.470566_-362.037262i,-88.696671_-356.875793i,0,1,0,0.00
1386865586,2,2,2,0,-7.677752,0.000000,-1.814397,14.142757,0.248537,-51.521122,64.470566_-362.037262i,-88.696671_-356.875793i,0,1,0,0.00
1386865586,2,2,2,0,-7.677752,0.000000,-1.814397,14.142757,0.248537,-51.521122,64.470566_-362.037262i,-88.696671_-356.875793i,0,1,0,0.00
1386865586,2,2,2,0,-7.677752,0.000000,-1.814397,14.142757,0.248537,-51.521122,64.470566_-362.037262i,-88.696671_-356.875793i,0,1,0,0.00
1386865587,2,2,2,0,-7.677752,0.000000,-1.814397,14.142757,0.248537,-51.521122,64.470566_-362.037262i,-88.696671_-356.875793i,0,1,0,0.00
1386865587,2,2,2,0,-7.677752,0.000000,-1.814397,14.142757,0.248537,-51.521122,64.470566_-362.037262i,-88.696671_-356.875793i,0,1,0,0.00
1386865587,2,2,2,0,-7.677752,0.000000,-1.814397,14.142757,0.248537,-51.521122,64.470566_-362.037262i,-88.696671_-356.875793i,0,1,0,0.00
1386865587,2,2,2,0,-7.677752,0.000000,-1.814397,14.142757,0.248537,-51.521122,64.470566_-362.037262i,-88.696671_-356.875793i,0,1,0,0.00
1386865588,2,2,2,0,-7.677752,0.000000,-1.814397,14.142757,0.248537,-51.521122,64.470566_-362.037262i,-88.696671_-356.875793i,0,1,0,0.00
1386865588,2,2,2,0,-7.677752,0.000000,-1.814397,14.142757,0.248537,-51.521122,64.470566_-362.037262i,-88.696671_-356.875793i,0,1,0,0.00
1386865588,2,2,2,0,-7.677752,0.000000,-1.814397,14.142757,0.248537,-51.521122,64.470566_-362.037262i,-88.696671_-356.875793i,0,1,0,0.00
1386865588,2,2,2,0,-7.677752,0.000000,-1.814397,14.142757,0.248537,-51.521122,64.470566_-362.037262i,-88.696671_-356.875793i,0,1,0,0.00
1386865589,2,2,2,0,-7.677752,0.000000,-1.814397,14.142757,0.248537,-51.521122,64.470566_-362.037262i,-88.696671_-356.875793i,0,1,0,0.00
1386865589,2,2,2,0,-7.677752,0.000000,-1.814397,14.142757,0.248537,-51.521122,64.470566_-362.037262i,-88.696671_-356.875793i,0,1,0,0.00
1386865589,2,2,2,0,-7.677752,0.000000,-1.814397,14.142757,0.248537,-51.521122,64.470566_-362.037262i,-88.696671_-356.875793i,0,1,0,0.00
1386865589,2,2,2,0,-7.677752,0.000000,-1.814397,14.142757,0.248537,-51.521122,64.470566_-362.037262i,-88.696671_-356.875793i,0,1,0,0.00
1386865590,2,2,2,0,-7.677752,0.000000,-1.814397,14.142757,0.248537,-51.521122,64.470566_-362.037262i,-88.696671_-356.875793i,0,1,0,0.00
1386865590,2,2,2,0,-7.677752,0.000000,-1.814397,14.142757,0.248537,-51.521122,64.470566_-362.037262i,-88.696671_-356.875793i,0,1,0,0.00
1386865590,2,2,2,0,-7.677752,0.000000,-1.814397,14.142757,0.248537,-51.521122,64.470566_-362.037262i,-88.696671_-356.875793i,0,1,0,0.00
1386865590,2,2,2,0,-7.677752,0.000000,-1.814397,14.142757,0.248537,-51.521122,64.470566_-362.037262i,-88.696671_-356.875793i,0,1,0,0.00
1386865591,2,2,2,0,-7.677752,0.000000,-1.814397,14.142757,0.248537,-51.521122,64.470566_-362.037262i,-88.696671_-356.875793i,0,1,0,0.00
1386865591,2,2,2,0,-7.677752,0.000000,-1.814397,14.142757,0.248537,-51.521122,64.470566_-362.037262i,-88.696671_-356.875793i,0,1,0,0.00
1386865591,2,2,2,0,-7.677752,0.000000,-1.814397,14.142757,0.248537,-51.521122,64.470566_-362.037262i,-88.696671_-356.875793i,0,1,0,0.00
1386865591,2,2,2,0,-7.677752,0.000000,-1.814397,14.142757,0.248537,-51.521122,64.470566_-362.037262i,-88.696671_-356.875793i,0,1,0,0.00
1386865592,2,2,2,0,-7.677752,0.000000,-1.814397,14.142757,0.248537,-51.521122,64.470566_-362.037262i,-88.696671_-356.875793i,0,1,0,0.00
1386865592,2,2,2,0,-7.677752,0.000000,-1.814397,14.142757,0.248537,-51.521122,64.470566_-362.037262i,-88.696671_-356.875793i,0,1,0,0.00
1386865592,2,2,2,0,-7.677752,0.000000,-1.814397,14.142757,0.248537,-51.521122,64.470566_-362.037262i,-88.696671_-356.875793i,0,1,0,0.00
1386865592,2,2,2,0,-7.677752,0.000000,-1.814397,14.142757,0.248537,-51.521122,64.470566_-362.037262i,-88.696671_-356.875793i,0,1,0,0.00
1386865593,2,2,2,0,-7.677752,0.000000,-1.814397,14.142757,0.248537,-51.521122,64.470566_-362.037262i,-88.696671_-356.875793i,0,1,0,0.00
1386865593,2,2,2,0,-7.677752,0.000000,-1.814397,14.142757,0.248537,-51.521122,64.470566_-362.037262i,-88.696671_-356.875793i,0,1,0,0.00
1386865593,2,2,2,0,-7.677752,0.000000,-1.814397,14.142757,0.248537,-51.521122,64.470566_-362.037262i,-88.696671_-356.875793i,0,1,0,0.00
1386865593,2,2,2,0,-7.677752,0.000000,-1.814397,14.142757,0.248537,-51.521122,64.470566_-362.037262i,-88.696671_-356.875793i,0,1,0,0.00
1386865594,2,2,2,0,-7.677752,0.000000,-1.814397,14.142757,0.248537,-51.521122,64.470566_-362.037262i,-88.696671_-356.875793i,0,1,0,0.00
1386865594,2,2,2,0,-7.677752,0.000000,-1.814397,14.142757,0.248537,-51.521122,64.470566_-362.037262i,-88.696671_-356.875793i,0,1,0,0.00
1386865594,2,2,2,0,-7.677752,0.000000,-1.814397,14.142757,0.248537,-51.521122,64.470566_-362.037262i,-88.696671_-356.875793i,0,1,0,0.00
1386865594,2,2,2,0,-7.677752,0.000000,-1.814397,14.142757,0.248537,-51.521122,64.470566_-362.037262i,-88.696671_-356.875793i,0,1,0,0.00
1386865595,2,2,2,0,-7.677752,0.000000,-1.814397,14.142757,0.248537,-51.521122,64.470566_-362.037262i,-88.696671_-356.875793i,0,1,0,0.00
1386865595,2,2,2,0,-7.677752,0.000000,-1.814397,14.142757,0.248537,-51.521122,64.470566_-362.037262i,-88.696671_-356.875793i,0,1,0,0.00
1386865595,2,2,2,0,-7.677752,0.000000,-1.814397,14.142757,0.248537,-51.521122,64.470566_-362.037262i,-88.696671_-356.875793i,0,1,0,0.00
1386865595,2,2,2,0,-7.677752,0.000000,-1.814397,14.142757,0.248537,-51.521122,64.470566_-362.037262i,-88.696671_-356.875793i,0,1,0,0.00
1386865596,2,2,2,0,-7.677752,0.000000,-1.814397,14.142757,0.248537,-51.521122,64.470566_-362.037262i,-88.696671_-356.875793i,0,1,0,0.00
1386865596,2,2,2,0,-7.677752,0.000000,-1.814397,14.142757,0.248537,-51.521122,64.470566_-362.037262i,-88.696671_-356.875793i,0,1,0,0.00
1386865596,2,2,2,0,-7.677752,0.000000,-1.814397,14.142757,0.248537,-51.521122,64.470566_-362.037262i,-88.696671_-356.875793i,0,1,0,0.00
1386865596,2,2,2,0,-7.677752,0.000000,-1.814397,14.142757,0.248537,-51.521122,64.470566_-362.037262i,-88.696671_-356.875793i,0,1,0,0.00
1386865597,2,2,2,0,-7.677752,0.000000,-1.814397,14.142757,0.248537,-51.521122,64.470566_-362.037262i,-88.696671_-356.875793i,0,1,0,0.00
1386865597,2,2,2,0,-7.677752,0.000000,-1.814397,14.142757,0.248537,-51.521122,64.470566_-362.037262i,-88.696671_-356.875793i,0,1,0,0.00
1386865597,2,2,2,0,-7.677752,0.000000,-1.814397,14.142757,0.248537,-51.521122,64.470566_-362.037262i,-88.696671_-356.875793i,0,1,0,0.00
1386865597,2,2,2,0,-7.677752,0.000000,-1.814397,14.142757,0.248537,-51.521122,64.470566_-362.037262i,-88.696671_-356.875793i,0,1,0,0.00
1386865598,2,2,2,0,-7.677752,0.000000,-1.814397,14.142757,0.248537,-51.521122,64.470566_-362.037262i,-88.696671_-356.875793i,0,1,0,0.00
1386865598,2,2,2,0,-7.677752,0.000000,-1.814397,14.142757,0.248537,-51.521122,64.470566_-362.037262i,-88.696671_-356.875793i,0,1,0,0.00
1386865598,2,2,2,0,-7.677752,0.000000,-1.814397,14.142757,0.248537,-51.521122,64.470566_-362.037262i,-88.696671_-356.875793i,0,1,0,0.00
1386865598,2,2,2,0,-7.677752,0.000000,-1.814397,14.142757,0.248537,-51.521122,64.470566_-362.037262i,-88.696671_-356.875793i,0,1,0,0.00
1386865599,2,2,2,0,-7.677752,0.000000,-1.814397,14.142757,0.248537,-51.521122,64.470566_-362.037262i,-88.696671_-356.875793i,0,1,0,0.00
1386865599,2,2,2,0,-7.677752,0.000000,-1.814397,14.142757,0.248537,-51.521122,64.470566_-362.037262i,-88.696671_-356.875793i,0,1,0,0.00
1386865599,2,2,2,0,-7.677752,0.000000,-1.814397,14.142757,0.248537,-51.521122,64.470566_-362.037262i,-88.696671_-356.875793i,0,1,0,0.00
1386865599,2,2,2,0,-7.677752,0.000000,-1.814397,14.142757,0.248537,-51.521122,64.470566_-362.037262i,-88.696671_-356.875793i,0,1,0,0.00
1386865600,2,2,2,0,-7.677752,0.000000,-1.814397,14.142757,0.248537,-51.521122,64.470566_-362.037262i,-88.696671_-356.875793i,0,1,0,0.00
1386865600,2,2,2,0,-7.677752,0.000000,-1.814397,14.142757,0.248537,-51.521122,64.470566_-362.037262i,-88.696671_-356.875793i,0,1,0,0.00
1386865600,2,2,2,0,-7.677752,0.000000,-1.814397,14.142757,0.248537,-51.521122,64.470566_-362.037262i,-88.696671_-356.875793i,0,1,0,0.00
1386865600,2,2,2,0,-7.677752,0.000000,-1.814397,14.142757,0.248537,-51.521122,64.470566_-362.037262i,-88.696671_-356.875793i,0,1,0,0.00
1386865601,2,2,2,0,-7.677752,0.000000,-1.814397,14.142757,0.248537,-51.521122,64.470566_-362.037262i,-88.696671_-356.875793i,0,1,0,0.00
1386865601,2,2,2,0,-7.677752,0.000000,-1.814397,14.142757,0.248537,-51.521122,64.470566_-362.037262i,-88.696671_-356.875793i,0,1,0,0.00
1386865601,2,2,2,0,-7.677752,0.000000,-1.814397,14.142757,0.248537,-51.521122,64.470566_-362.037262i,-88.696671_-356.875793i,0,1,0,0.00
1386865601,2,2,2,0,-7.677752,0.000000,-1.814397,14.142757,0.248537,-51.521122,64.470566_-362.037262i,-88.696671_-356.875793i,0,1,0,0.00
1386865602,2,2,2,0,-7.677752,0.000000,-1.814397,14.142757,0.248537,-51.521122,64.470566_-362.037262i,-88.696671_-356.875793i,0,1,0,0.00
1386865602,2,2,2,0,-7.677752,0.000000,-1.814397,14.142757,0.248537,-51.521122,64.470566_-362.037262i,-88.696671_-356.875793i,0,1,0,0.00
1386865602,2,2,2,0,-7.677752,0.000000,-1.814397,14.142757,0.248537,-51.521122,64.470566_-362.037262i,-88.696671_-356.875793i,0,1,0,0.00
1386865602,2,2,2,0,-7.677752,0.000000,-1.814397,14.142757,0.248537,-51.521122,64.470566_-362.037262i,-88.696671_-356.875793i,0,1,0,0.00
1386865603,2,2,2,0,-7.677752,0.000000,-1.814397,14.142757,0.248537,-51.521122,64.470566_-362.037262i,-88.696671_-356.875793i,0,1,0,0.00
1386865603,2,2,2,0,-7.677752,0.000000,-1.814397,14.142757,0.248537,-51.521122,64.470566_-362.037262i,-88.696671_-356.875793i,0,1,0,0.00
1386865603,2,2,2,0,-7.677752,0.000000,-1.814397,14.142757,0.248537,-51.521122,64.470566_-362.037262i,-88.696671_-356.875793i,0,1,0,0.00
1386865603,2,2,2,0,-7.677752,0.000000,-1.814397,14.142757,0.248537,-51.521122,64.470566_-362.037262i,-88.696671_-356.875793i,0,1,0,0.00
1386865604,2,2,2,0,-7.677752,0.000000,-1.814397,14.142757,0.248537,-51.521122,64.470566_-362.037262i,-88.696671_-356.875793i,0,1,0,0.00
1386865604,2,2,2,0,-7.677752,0.000000,-1.814397,14.142757,0.248537,-51.521122,64.470566_-362.037262i,-88.696671_-356.875793i,0,1,0,0.00
1386865604,2,2,2,0,-7.677752,0.000000,-1.814397,14.142757,0.248537,-51.521122,64.470566_-362.037262i,-88.696671_-356.875793i,0,1,0,0.00
1386865604,2,2,2,0,-7.677752,0.000000,-1.814397,14.142757,0.248537,-51.521122,64.470566_-362.037262i,-88.696671_-356.875793i,0,1,0,0.00
1386865605,2,2,2,0,-7.677752,0.000000,-1.814397,14.142757,0.248537,-51.521122,64.470566_-362.037262i,-88.696671_-356.875793i,0,1,0,0.00
1386865605,2,2,2,0,-7.677752,0.000000,-1.814397,14.142757,0.248537,-51.521122,64.470566_-362.037262i,-88.696671_-356.875793i,0,1,0,0.00
1386865605,2,2,2,0,-7.677752,0.000000,-1.814397,14.142757,0.248537,-51.521122,64.470566_-362.037262i,-88.696671_-356.875793i,0,1,0,0.00
1386865605,2,2,2,0,-7.677752,0.000000,-1.814397,14.142757,0.248537,-51.521122,64.470566_-362.037262i,-88.696671_-356.875793i,0,1,0,0.00
1386865606,2,2,2,0,-7.677752,0.000000,-1.814397,14.142757,0.248537,-51.521122,64.470566_-362.037262i,-88.696671_-356.875793i,0,1,0,0.00
1386865606,2,2,2,0,-7.677752,0.000000,-1.814397,14.142757,0.248537,-51.521122,64.470566_-362.037262i,-88.696671_-356.875793i,0,1,0,0.00
1386865606,2,2,2,0,-7.677752,0.000000,-1.814397,14.142757,0.248537,-51.521122,64.470566_-362.037262i,-88.696671_-356.875793i,0,1,0,0.00
1386865606,2,2,2,0,-7.677752,0.000000,-1.814397,14.142757,0.248537,-51.521122,64.470566_-362.037262i,-88.696671_-356.875793i,0,1,0,0.00
1386865607,2,2,2,0,-7.677752,0.000000,-1.814397,14.142757,0.248537,-51.521122,64.470566_-362.037262i,-88.696671_-356.875793i,0,1,0,0.00
1386865607,2,2,2,0,-7.677752,0.000000,-1.814397,14.142757,0.248537,-51.521122,64.470566_-362.037262i,-88.696671_-356.875793i,0,1,0,0.00
1386865607,2,2,2,0,-7.677752,0.000000,-1.814397,14.142757,0.248537,-51.521122,64.470566_-362.037262i,-88.696671_-356.875793i,0,1,0,0.00
1386865607,2,2,2,0,-7.677752,0.000000,-1.814397,14.142757,0.248537,-51.521122,64.470566_-362.037262i,-88.696671_-356.875793i,0,1,0,0.00
1386865608,2,2,2,0,-7.677752,0.000000,-1.814397,14.142757,0.248537,-51.521122,64.470566_-362.037262i,-88.696671_-356.875793i,0,1,0,0.00
1386865608,2,2,2,0,-7.677752,0.000000,-1.814397,14.142757,0.248537,-51.521122,64.470566_-362.037262i,-88.696671_-356.875793i,0,1,0,0.00
1386865608,2,2,2,0,-7.677752,0.000000,-1.814397,14.142757,0.248537,-51.521122,64.470566_-362.037262i,-88.696671_-356.875793i,0,1,0,0.00
1386865608,2,2,2,0,-7.677752,0.000000,-1.814397,14.142757,0.248537,-51.521122,64.470566_-362.037262i,-88.696671_-356.875793i,0,1,0,0.00
1386865609,2,2,2,0,-7.677752,0.000000,-1.814397,14.142757,0.248537,-51.521122,64.470566_-362.037262i,-88.696671_-356.875793i,0,1,0,0.00
1386865609,2,2,2,0,-7.677752,0.000000,-1.814397,14.142757,0.248537,-51.521122,64.470566_-362.037262i,-88.696671_-356.875793i,0,1,0,0.00
1386865609,2,2,2,0,-7.677752,0.000000,-1.814397,14.142757,0.248537,-51.521122,64.470566_-362.037262i,-88.696671_-356.875793i,0,1,0,0.00
1386865609,2,2,2,0,-7.677752,0.000000,-1.814397,14.142757,0.248537,-51.521122,64.470566_-362.037262i,-88.696671_-356.875793i,0,1,0,0.00
1386865610,2,2,2,0,-7.677752,0.000000,-1.814397,14.142757,0.248537,-51.521122,64.470566_-362.037262i,-88.696671_-356.875793i,0,1,0,0.00
1386865610,2,2,2,0,-7.677752,0.000000,-1.814397,14.142757,0.248537,-51.521122,64.470566_-362.037262i,-88.696671_-356.875793i,0,1,0,0.00
1386865610,2,2,2,0,-7.677752,0.000000,-1.814397,14.142757,0.248537,-51.521122,64.470566_-362.037262i,-88.696671_-356.875793i,0,1,0,0.00
1386865610,2,2,2,0,-7.677752,0.000000,-1.814397,14.142757,0.248537,-51.521122,64.470566_-362.037262i,-88.696671_-356.875793i,0,1,0,0.00
1386865611,2,2,2,0,-7.677752,0.000000,-1.814397,14.142757,0.248537,-51.521122,64.470566_-362.037262i,-88.696671_-356.875793i,0,1,0,0.00
1386865611,2,2,2,0,-7.677752,0.000000,-1.814397,14.142757,0.248537,-51.521122,64.470566_-362.037262i,-88.696671_-356.875793i,0,1,0,0.00
1386865611,2,2,2,0,-7.677752,0.000000,-1.814397,14.142757,0.248537,-51.521122,64.470566_-362.037262i,-88.696671_-356.875793i,0,1,0,0.00
1386865612,2,2,2,0,-7.677752,0.000000,-1.814397,14.142757,0.248537,-51.521122,64.470566_-362.037262i,-88.696671_-356.875793i,0,1,0,0.00
1386865612,2,2,2,0,-7.677752,0.000000,-1.814397,14.142757,0.248537,-51.521122,64.470566_-362.037262i,-88.696671_-356.875793i,0,1,0,0.00
1386865612,2,2,2,0,-7.677752,0.000000,-1.814397,14.142757,0.248537,-51.521122,64.470566_-362.037262i,-88.696671_-356.875793i,0,1,0,0.00
1386865612,2,2,2,0,-7.677752,0.000000,-1.814397,14.142757,0.248537,-51.521122,64.470566_-362.037262i,-88.696671_-356.875793i,0,1,0,0.00
1386865613,2,2,2,0,-7.677752,0.000000,-1.814397,14.142757,0.248537,-51.521122,64.470566_-362.037262i,-88.696671_-356.875793i,0,1,0,0.00
1386865613,2,2,2,0,-7.677752,0.000000,-1.814397,14.142757,0.248537,-51.521122,64.470566_-362.037262i,-88.696671_-356.875793i,0,1,0,0.00
1386865613,2,2,2,0,-7.677752,0.000000,-1.814397,14.142757,0.248537,-51.521122,64.470566_-362.037262i,-88.696671_-356.875793i,0,1,0,0.00
1386865613,2,2,2,0,-7.677752,0.000000,-1.814397,14.142757,0.248537,-51.521122,64.470566_-362.037262i,-88.696671_-356.875793i,0,1,0,0.00
1386865614,2,2,2,0,-7.677752,0.000000,-1.814397,14.142757,0.248537,-51.521122,64.470566_-362.037262i,-88.696671_-356.875793i,0,1,0,0.00
1386865614,2,2,2,0,-7.677752,0.000000,-1.814397,14.142757,0.248537,-51.521122,64.470566_-362.037262i,-88.696671_-356.875793i,0,1,0,0.00
1386865614,2,2,2,0,-7.677752,0.000000,-1.814397,14.142757,0.248537,-51.521122,64.470566_-362.037262i,-88.696671_-356.875793i,0,1,0,0.00
1386865614,2,2,2,0,-7.677752,0.000000,-1.814397,14.142757,0.248537,-51.521122,64.470566_-362.037262i,-88.696671_-356.875793i,0,1,0,0.00
1386865615,2,2,2,0,-7.677752,0.000000,-1.814397,14.142757,0.248537,-51.521122,64.470566_-362.037262i,-88.696671_-356.875793i,0,1,0,0.00
1386865615,2,2,2,0,-7.677752,0.000000,-1.814397,14.142757,0.248537,-51.521122,64.470566_-362.037262i,-88.696671_-356.875793i,0,1,0,0.00
1386865615,2,2,2,0,-7.677752,0.000000,-1.814397,14.142757,0.248537,-51.521122,64.470566_-362.037262i,-88.696671_-356.875793i,0,1,0,0.00
1386865615,2,2,2,0,-7.677752,0.000000,-1.814397,14.142757,0.248537,-51.521122,64.470566_-362.037262i,-88.696671_-356.875793i,0,1,0,0.00
1386865616,2,2,2,0,-7.677752,0.000000,-1.814397,14.142757,0.248537,-51.521122,64.470566_-362.037262i,-88.696671_-356.875793i,0,1,0,0.00
1386865616,2,2,2,0,-7.677752,0.000000,-1.814397,14.142757,0.248537,-51.521122,64.470566_-362.037262i,-88.696671_-356.875793i,0,1,0,0.00
1386865616,2,2,2,0,-7.677752,0.000000,-1.814397,14.142757,0.248537,-51.521122,64.470566_-362.037262i,-88.696671_-356.875793i,0,1,0,0.00
1386865616,2,2,2,0,-7.677752,0.000000,-1.814397,14.142757,0.248537,-51.521122,64.470566_-362.037262i,-88.696671_-356.875793i,0,1,0,0.00
1386865617,2,2,2,0,-7.677752,0.000000,-1.814397,14.142757,0.248537,-51.521122,64.470566_-362.037262i,-88.696671_-356.875793i,0,1,0,0.00
1386865617,2,2,2,0,-7.677752,0.000000,-1.814397,14.142757,0.248537,-51.521122,64.470566_-362.037262i,-88.696671_-356.875793i,0,1,0,0.00
1386865617,2,2,2,0,-7.677752,0.000000,-1.814397,14.142757,0.248537,-51.521122,64.470566_-362.037262i,-88.696671_-356.875793i,0,1,0,0.00
1386865617,2,2,2,0,-7.677752,0.000000,-1.814397,14.142757,0.248537,-51.521122,64.470566_-362.037262i,-88.696671_-356.875793i,0,1,0,0.00
1386865618,2,2,2,0,-7.677752,0.000000,-1.814397,14.142757,0.248537,-51.521122,64.470566_-362.037262i,-88.696671_-356.875793i,0,1,0,0.00
1386865618,2,2,2,0,-7.677752,0.000000,-1.814397,14.142757,0.248537,-51.521122,64.470566_-362.037262i,-88.696671_-356.875793i,0,1,0,0.00
1386865618,2,2,2,0,-7.677752,0.000000,-1.814397,14.142757,0.248537,-51.521122,64.470566_-362.037262i,-88.696671_-356.875793i,0,1,0,0.00
1386865618,2,2,2,0,-7.677752,0.000000,-1.814397,14.142757,0.248537,-51.521122,64.470566_-362.037262i,-88.696671_-356.875793i,0,1,0,0.00
1386865619,2,2,2,0,-7.677752,0.000000,-1.814397,14.142757,0.248537,-51.521122,64.470566_-362.037262i,-88.696671_-356.875793i,0,1,0,0.00
1386865619,2,2,2,0,-7.677752,0.000000,-1.814397,14.142757,0.248537,-51.521122,64.470566_-362.037262i,-88.696671_-356.875793i,0,1,0,0.00
1386865619,2,2,2,0,-7.677752,0.000000,-1.814397,14.142757,0.248537,-51.521122,64.470566_-362.037262i,-88.696671_-356.875793i,0,1,0,0.00
1386865619,2,2,2,0,-7.677752,0.000000,-1.814397,14.142757,0.248537,-51.521122,64.470566_-362.037262i,-88.696671_-356.875793i,0,1,0,0.00
1386865620,2,2,2,0,-7.677752,0.000000,-1.814397,14.142757,0.248537,-51.521122,64.470566_-362.037262i,-88.696671_-356.875793i,0,1,0,0.00
1386865620,2,2,2,0,-7.677752,0.000000,-1.814397,14.142757,0.248537,-51.521122,64.470566_-362.037262i,-88.696671_-356.875793i,0,1,0,0.00
1386865620,2,2,2,0,-7.677752,0.000000,-1.814397,14.142757,0.248537,-51.521122,64.470566_-362.037262i,-88.696671_-356.875793i,0,1,0,0.00
1386865620,2,2,2,0,-7.677752,0.000000,-1.814397,14.142757,0.248537,-51.521122,64.470566_-362.037262i,-88.696671_-356.875793i,0,1,0,0.00
1386865621,2,2,2,0,-7.677752,0.000000,-1.814397,14.142757,0.248537,-51.521122,64.470566_-362.037262i,-88.696671_-356.875793i,0,1,0,0.00
1386865621,2,2,2,0,-7.677752,0.000000,-1.814397,14.142757,0.248537,-51.521122,64.470566_-362.037262i,-88.696671_-356.875793i,0,1,0,0.00
1386865621,2,2,2,0,-7.677752,0.000000,-1.814397,14.142757,0.248537,-51.521122,64.470566_-362.037262i,-88.696671_-356.875793i,0,1,0,0.00
1386865621,2,2,2,0,-7.677752,0.000000,-1.814397,14.142757,0.248537,-51.521122,64.470566_-362.037262i,-88.696671_-356.875793i,0,1,0,0.00
1386865622,2,2,2,0,-7.677752,0.000000,-1.814397,14.142757,0.248537,-51.521122,64.470566_-362.037262i,-88.696671_-356.875793i,0,1,0,0.00
1386865622,2,2,2,0,-7.677752,0.000000,-1.814397,14.142757,0.248537,-51.521122,64.470566_-362.037262i,-88.696671_-356.875793i,0,1,0,0.00
1386865622,2,2,2,0,-7.677752,0.000000,-1.814397,14.142757,0.248537,-51.521122,64.470566_-362.037262i,-88.696671_-356.875793i,0,1,0,0.00
1386865622,2,2,2,0,-7.677752,0.000000,-1.814397,14.142757,0.248537,-51.521122,64.470566_-362.037262i,-88.696671_-356.875793i,0,1,0,0.00
1386865623,2,2,2,0,-7.677752,0.000000,-1.814397,14.142757,0.248537,-51.521122,64.470566_-362.037262i,-88.696671_-356.875793i,0,1,0,0.00
1386865623,2,2,2,0,-7.677752,0.000000,-1.814397,14.142757,0.248537,-51.521122,64.470566_-362.037262i,-88.696671_-356.875793i,0,1,0,0.00
1386865623,2,2,2,0,-7.677752,0.000000,-1.814397,14.142757,0.248537,-51.521122,64.470566_-362.037262i,-88.696671_-356.875793i,0,1,0,0.00
1386865623,2,2,2,0,-7.677752,0.000000,-1.814397,14.142757,0.248537,-51.521122,64.470566_-362.037262i,-88.696671_-356.875793i,0,1,0,0.00
1386865624,2,2,2,0,-7.677752,0.000000,-1.814397,14.142757,0.248537,-51.521122,64.470566_-362.037262i,-88.696671_-356.875793i,0,1,0,0.00
1386865624,2,2,2,0,-7.677752,0.000000,-1.814397,14.142757,0.248537,-51.521122,64.470566_-362.037262i,-88.696671_-356.875793i,0,1,0,0.00
1386865624,2,2,2,0,-7.677752,0.000000,-1.814397,14.142757,0.248537,-51.521122,64.470566_-362.037262i,-88.696671_-356.875793i,0,1,0,0.00
1386865624,2,2,2,0,-7.677752,0.000000,-1.814397,14.142757,0.248537,-51.521122,64.470566_-362.037262i,-88.696671_-356.875793i,0,1,0,0.00
1386865625,2,2,2,0,-7.677752,0.000000,-1.814397,14.142757,0.248537,-51.521122,64.470566_-362.037262i,-88.696671_-356.875793i,0,1,0,0.00
1386865625,2,2,2,0,-7.677752,0.000000,-1.814397,14.142757,0.248537,-51.521122,64.470566_-362.037262i,-88.696671_-356.875793i,0,1,0,0.00
1386865625,2,2,2,0,-7.677752,0.000000,-1.814397,14.142757,0.248537,-51.521122,64.470566_-362.037262i,-88.696671_-356.875793i,0,1,0,0.00
1386865625,2,2,2,0,-7.677752,0.000000,-1.814397,14.142757,0.248537,-51.521122,64.470566_-362.037262i,-88.696671_-356.875793i,0,1,0,0.00
1386865626,2,2,2,0,-7.677752,0.000000,-1.814397,14.142757,0.248537,-51.521122,64.470566_-362.037262i,-88.696671_-356.875793i,0,1,0,0.00
1386865626,2,2,2,0,-7.677752,0.000000,-1.814397,14.142757,0.248537,-51.521122,64.470566_-362.037262i,-88.696671_-356.875793i,0,1,0,0.00
1386865626,2,2,2,0,-7.677752,0.000000,-1.814397,14.142757,0.248537,-51.521122,64.470566_-362.037262i,-88.696671_-356.875793i,0,1,0,0.00
1386865626,2,2,2,0,-7.677752,0.000000,-1.814397,14.142757,0.248537,-51.521122,64.470566_-362.037262i,-88.696671_-356.875793i,0,1,0,0.00
1386865627,2,2,2,0,-7.677752,0.000000,-1.814397,14.142757,0.248537,-51.521122,64.470566_-362.037262i,-88.696671_-356.875793i,0,1,0,0.00
1386865627,2,2,2,0,-7.677752,0.000000,-1.814397,14.142757,0.248537,-51.521122,64.470566_-362.037262i,-88.696671_-356.875793i,0,1,0,0.00
1386865627,2,2,2,0,-7.677752,0.000000,-1.814397,14.142757,0.248537,-51.521122,64.470566_-362.037262i,-88.696671_-356.875793i,0,1,0,0.00
1386865627,2,2,2,0,-7.677752,0.000000,-1.814397,14.142757,0.248537,-51.521122,64.470566_-362.037262i,-88.696671_-356.875793i,0,1,0,0.00
1386865628,2,2,2,0,-7.677752,0.000000,-1.814397,14.142757,0.248537,-51.521122,64.470566_-362.037262i,-88.696671_-356.875793i,0,1,0,0.00
1386865628,2,2,2,0,-7.677752,0.000000,-1.814397,14.142757,0.248537,-51.521122,64.470566_-362.037262i,-88.696671_-356.875793i,0,1,0,0.00
1386865628,2,2,2,0,-7.677752,0.000000,-1.814397,14.142757,0.248537,-51.521122,64.470566_-362.037262i,-88.696671_-356.875793i,0,1,0,0.00
1386865628,2,2,2,0,-7.677752,0.000000,-1.814397,14.142757,0.248537,-51.521122,64.470566_-362.037262i,-88.696671_-356.875793i,0,1,0,0.00
1386865629,2,2,2,0,-7.677752,0.000000,-1.814397,14.142757,0.248537,-51.521122,64.470566_-362.037262i,-88.696671_-356.875793i,0,1,0,0.00
1386865629,2,2,2,0,-7.677752,0.000000,-1.814397,14.142757,0.248537,-51.521122,64.470566_-362.037262i,-88.696671_-356.875793i,0,1,0,0.00
1386865629,2,2,2,0,-7.677752,0.000000,-1.814397,14.142757,0.248537,-51.521122,64.470566_-362.037262i,-88.696671_-356.875793i,0,1,0,0.00
1386865629,2,2,2,0,-7.677752,0.000000,-1.814397,14.142757,0.248537,-51.521122,64.470566_-362.037262i,-88.696671_-356.875793i,0,1,0,0.00
1386865630,2,2,2,0,-7.677752,0.000000,-1.814397,14.142757,0.248537,-51.521122,64.470566_-362.037262i,-88.696671_-356.875793i,0,1,0,0.00
1386865630,2,2,2,0,-7.677752,0.000000,-1.814397,14.142757,0.248537,-51.521122,64.470566_-362.037262i,-88.696671_-356.875793i,0,1,0,0.00
1386865630,2,2,2,0,-7.677752,0.000000,-1.814397,14.142757,0.248537,-51.521122,64.470566_-362.037262i,-88.696671_-356.875793i,0,1,0,0.00
1386865630,2,2,2,0,-7.677752,0.000000,-1.814397,14.142757,0.248537,-51.521122,64.470566_-362.037262i,-88.696671_-356.875793i,0,1,0,0.00
1386865631,2,2,2,0,-7.677752,0.000000,-1.814397,14.142757,0.248537,-51.521122,64.470566_-362.037262i,-88.696671_-356.875793i,0,1,0,0.00
1386865631,2,2,2,0,-7.677752,0.000000,-1.814397,14.142757,0.248537,-51.521122,64.470566_-362.037262i,-88.696671_-356.875793i,0,1,0,0.00
1386865631,2,2,2,0,-7.677752,0.000000,-1.814397,14.142757,0.248537,-51.521122,64.470566_-362.037262i,-88.696671_-356.875793i,0,1,0,0.00
1386865631,2,2,2,0,-7.677752,0.000000,-1.814397,14.142757,0.248537,-51.521122,64.470566_-362.037262i,-88.696671_-356.875793i,0,1,0,0.00
1386865632,2,2,2,0,-7.677752,0.000000,-1.814397,14.142757,0.248537,-51.521122,64.470566_-362.037262i,-88.696671_-356.875793i,0,1,0,0.00
1386865632,2,2,2,0,-7.677752,0.000000,-1.814397,14.142757,0.248537,-51.521122,64.470566_-362.037262i,-88.696671_-356.875793i,0,1,0,0.00
1386865632,2,2,2,0,-7.677752,0.000000,-1.814397,14.142757,0.248537,-51.521122,64.470566_-362.037262i,-88.696671_-356.875793i,0,1,0,0.00
1386865632,2,2,2,0,-7.677752,0.000000,-1.814397,14.142757,0.248537,-51.521122,64.470566_-362.037262i,-88.696671_-356.875793i,0,1,0,0.00
1386865633,2,2,2,0,-7.677752,0.000000,-1.814397,14.142757,0.248537,-51.521122,64.470566_-362.037262i,-88.696671_-356.875793i,0,1,0,0.00
1386865633,2,2,2,0,-7.677752,0.000000,-1.814397,14.142757,0.248537,-51.521122,64.470566_-362.037262i,-88.696671_-356.875793i,0,1,0,0.00
1386865633,2,2,2,0,-7.677752,0.000000,-1.814397,14.142757,0.248537,-51.521122,64.470566_-362.037262i,-88.696671_-356.875793i,0,1,0,0.00
1386865633,2,2,2,0,-7.677752,0.000000,-1.814397,14.142757,0.248537,-51.521122,64.470566_-362.037262i,-88.696671_-356.875793i,0,1,0,0.00
1386865634,2,2,2,0,-7.677752,0.000000,-1.814397,14.142757,0.248537,-51.521122,64.470566_-362.037262i,-88.696671_-356.875793i,0,1,0,0.00
1386865634,2,2,2,0,-7.677752,0.000000,-1.814397,14.142757,0.248537,-51.521122,64.470566_-362.037262i,-88.696671_-356.875793i,0,1,0,0.00
1386865634,2,2,2,0,-7.677752,0.000000,-1.814397,14.142757,0.248537,-51.521122,64.470566_-362.037262i,-88.696671_-356.875793i,0,1,0,0.00
1386865634,2,2,2,0,-7.677752,0.000000,-1.814397,14.142757,0.248537,-51.521122,64.470566_-362.037262i,-88.696671_-356.875793i,0,1,0,0.00
1386865635,2,2,2,0,-7.677752,0.000000,-1.814397,14.142757,0.248537,-51.521122,64.470566_-362.037262i,-88.696671_-356.875793i,0,1,0,0.00
1386865635,2,2,2,0,-7.677752,0.000000,-1.814397,14.142757,0.248537,-51.521122,64.470566_-362.037262i,-88.696671_-356.875793i,0,1,0,0.00
1386865635,2,2,2,0,-7.677752,0.000000,-1.814397,14.142757,0.248537,-51.521122,64.470566_-362.037262i,-88.696671_-356.875793i,0,1,0,0.00
1386865635,2,2,2,0,-7.677752,0.000000,-1.814397,14.142757,0.248537,-51.521122,64.470566_-362.037262i,-88.696671_-356.875793i,0,1,0,0.00
1386865636,2,2,2,0,-7.677752,0.000000,-1.814397,14.142757,0.248537,-51.521122,64.470566_-362.037262i,-88.696671_-356.875793i,0,1,0,0.00
1386865636,2,2,2,0,-7.677752,0.000000,-1.814397,14.142757,0.248537,-51.521122,64.470566_-362.037262i,-88.696671_-356.875793i,0,1,0,0.00
1386865636,2,2,2,0,-7.677752,0.000000,-1.814397,14.142757,0.248537,-51.521122,64.470566_-362.037262i,-88.696671_-356.875793i,0,1,0,0.00
1386865636,2,2,2,0,-7.677752,0.000000,-1.814397,14.142757,0.248537,-51.521122,64.470566_-362.037262i,-88.696671_-356.875793i,0,1,0,0.00
1386865637,2,2,2,0,-7.677752,0.000000,-1.814397,14.142757,0.248537,-51.521122,64.470566_-362.037262i,-88.696671_-356.875793i,0,1,0,0.00
1386865637,2,2,2,0,-7.677752,0.000000,-1.814397,14.142757,0.248537,-51.521122,64.470566_-362.037262i,-88.696671_-356.875793i,0,1,0,0.00
1386865637,2,2,2,0,-7.677752,0.000000,-1.814397,14.142757,0.248537,-51.521122,64.470566_-362.037262i,-88.696671_-356.875793i,0,1,0,0.00
1386865637,2,2,2,0,-7.677752,0.000000,-1.814397,14.142757,0.248537,-51.521122,64.470566_-362.037262i,-88.696671_-356.875793i,0,1,0,0.00
1386865638,2,2,2,0,-7.677752,0.000000,-1.814397,14.142757,0.248537,-51.521122,64.470566_-362.037262i,-88.696671_-356.875793i,0,1,0,0.00
1386865638,2,2,2,0,-7.677752,0.000000,-1.814397,14.142757,0.248537,-51.521122,64.470566_-362.037262i,-88.696671_-356.875793i,0,1,0,0.00
1386865638,2,2,2,0,-7.677752,0.000000,-1.814397,14.142757,0.248537,-51.521122,64.470566_-362.037262i,-88.696671_-356.875793i,0,1,0,0.00
1386865638,2,2,2,0,-7.677752,0.000000,-1.814397,14.142757,0.248537,-51.521122,64.470566_-362.037262i,-88.696671_-356.875793i,0,1,0,0.00
1386865639,2,2,2,0,-7.677752,0.000000,-1.814397,14.142757,0.248537,-51.521122,64.470566_-362.037262i,-88.696671_-356.875793i,0,1,0,0.00
1386865639,2,2,2,0,-7.677752,0.000000,-1.814397,14.142757,0.248537,-51.521122,64.470566_-362.037262i,-88.696671_-356.875793i,0,1,0,0.00
1386865639,2,2,2,0,-7.677752,0.000000,-1.814397,14.142757,0.248537,-51.521122,64.470566_-362.037262i,-88.696671_-356.875793i,0,1,0,0.00
1386865639,2,2,2,0,-7.677752,0.000000,-1.814397,14.142757,0.248537,-51.521122,64.470566_-362.037262i,-88.696671_-356.875793i,0,1,0,0.00
1386865640,2,2,2,0,-7.677752,0.000000,-1.814397,14.142757,0.248537,-51.521122,64.470566_-362.037262i,-88.696671_-356.875793i,0,1,0,0.00
1386865640,2,2,2,0,-7.677752,0.000000,-1.814397,14.142757,0.248537,-51.521122,64.470566_-362.037262i,-88.696671_-356.875793i,0,1,0,0.00
1386865640,2,2,2,0,-7.677752,0.000000,-1.814397,14.142757,0.248537,-51.521122,64.470566_-362.037262i,-88.696671_-356.875793i,0,1,0,0.00
1386865640,2,2,2,0,-7.677752,0.000000,-1.814397,14.142757,0.248537,-51.521122,64.470566_-362.037262i,-88.696671_-356.875793i,0,1,0,0.00
1386865641,2,2,2,0,-7.677752,0.000000,-1.814397,14.142757,0.248537,-51.521122,64.470566_-362.037262i,-88.696671_-356.875793i,0,1,0,0.00
1386865641,2,2,2,0,-7.677752,0.000000,-1.814397,14.142757,0.248537,-51.521122,64.470566_-362.037262i,-88.696671_-356.875793i,0,1,0,0.00
1386865641,2,2,2,0,-7.677752,0.000000,-1.814397,14.142757,0.248537,-51.521122,64.470566_-362.037262i,-88.696671_-356.875793i,0,1,0,0.00
1386865641,2,2,2,0,-7.677752,0.000000,-1.814397,14.142757,0.248537,-51.521122,64.470566_-362.037262i,-88.696671_-356.875793i,0,1,0,0.00
1386865642,2,2,2,0,-7.677752,0.000000,-1.814397,14.142757,0.248537,-51.521122,64.470566_-362.037262i,-88.696671_-356.875793i,0,1,0,0.00
1386865642,2,2,2,0,-7.677752,0.000000,-1.814397,14.142757,0.248537,-51.521122,64.470566_-362.037262i,-88.696671_-356.875793i,0,1,0,0.00
1386865642,2,2,2,0,-7.677752,0.000000,-1.814397,14.142757,0.248537,-51.521122,64.470566_-362.037262i,-88.696671_-356.875793i,0,1,0,0.00
1386865642,2,2,2,0,-7.677752,0.000000,-1.814397,14.142757,0.248537,-51.521122,64.470566_-362.037262i,-88.696671_-356.875793i,0,1,0,0.00
1386865643,2,2,2,0,-7.677752,0.000000,-1.814397,14.142757,0.248537,-51.521122,64.470566_-362.037262i,-88.696671_-356.875793i,0,1,0,0.00
1386865643,2,2,2,0,-7.677752,0.000000,-1.814397,14.142757,0.248537,-51.521122,64.470566_-362.037262i,-88.696671_-356.875793i,0,1,0,0.00
1386865643,2,2,2,0,-7.677752,0.000000,-1.814397,14.142757,0.248537,-51.521122,64.470566_-362.037262i,-88.696671_-356.875793i,0,1,0,0.00
1386865643,2,2,2,0,-7.677752,0.000000,-1.814397,14.142757,0.248537,-51.521122,64.470566_-362.037262i,-88.696671_-356.875793i,0,1,0,0.00
1386865644,2,2,2,0,-7.677752,0.000000,-1.814397,14.142757,0.248537,-51.521122,64.470566_-362.037262i,-88.696671_-356.875793i,0,1,0,0.00
1386865644,2,2,2,0,-7.677752,0.000000,-1.814397,14.142757,0.248537,-51.521122,64.470566_-362.037262i,-88.696671_-356.875793i,0,1,0,0.00
1386865644,2,2,2,0,-7.677752,0.000000,-1.814397,14.142757,0.248537,-51.521122,64.470566_-362.037262i,-88.696671_-356.875793i,0,1,0,0.00
1386865644,2,2,2,0,-7.677752,0.000000,-1.814397,14.142757,0.248537,-51.521122,64.470566_-362.037262i,-88.696671_-356.875793i,0,1,0,0.00
1386865645,2,2,2,0,-7.677752,0.000000,-1.814397,14.142757,0.248537,-51.521122,64.470566_-362.037262i,-88.696671_-356.875793i,0,1,0,0.00
1386865645,2,2,2,0,-7.677752,0.000000,-1.814397,14.142757,0.248537,-51.521122,64.470566_-362.037262i,-88.696671_-356.875793i,0,1,0,0.00
1386865645,2,2,2,0,-7.677752,0.000000,-1.814397,14.142757,0.248537,-51.521122,64.470566_-362.037262i,-88.696671_-356.875793i,0,1,0,0.00
1386865645,2,2,2,0,-7.677752,0.000000,-1.814397,14.142757,0.248537,-51.521122,64.470566_-362.037262i,-88.696671_-356.875793i,0,1,0,0.00
1386865646,2,2,2,0,-7.677752,0.000000,-1.814397,14.142757,0.248537,-51.521122,64.470566_-362.037262i,-88.696671_-356.875793i,0,1,0,0.00
1386865646,2,2,2,0,-7.677752,0.000000,-1.814397,14.142757,0.248537,-51.521122,64.470566_-362.037262i,-88.696671_-356.875793i,0,1,0,0.00
1386865646,2,2,2,0,-7.677752,0.000000,-1.814397,14.142757,0.248537,-51.521122,64.470566_-362.037262i,-88.696671_-356.875793i,0,1,0,0.00
1386865646,2,2,2,0,-7.677752,0.000000,-1.814397,14.142757,0.248537,-51.521122,64.470566_-362.037262i,-88.696671_-356.875793i,0,1,0,0.00
1386865647,2,2,2,0,-7.677752,0.000000,-1.814397,14.142757,0.248537,-51.521122,64.470566_-362.037262i,-88.696671_-356.875793i,0,1,0,0.00
1386865647,2,2,2,0,-7.677752,0.000000,-1.814397,14.142757,0.248537,-51.521122,64.470566_-362.037262i,-88.696671_-356.875793i,0,1,0,0.00
1386865647,2,2,2,0,-7.677752,0.000000,-1.814397,14.142757,0.248537,-51.521122,64.470566_-362.037262i,-88.696671_-356.875793i,0,1,0,0.00
1386865647,2,2,2,0,-7.677752,0.000000,-1.814397,14.142757,0.248537,-51.521122,64.470566_-362.037262i,-88.696671_-356.875793i,0,1,0,0.00
1386865648,2,2,2,0,-7.677752,0.000000,-1.814397,14.142757,0.248537,-51.521122,64.470566_-362.037262i,-88.696671_-356.875793i,0,1,0,0.00
1386865648,2,2,2,0,-7.677752,0.000000,-1.814397,14.142757,0.248537,-51.521122,64.470566_-362.037262i,-88.696671_-356.875793i,0,1,0,0.00
1386865648,2,2,2,0,-7.677752,0.000000,-1.814397,14.142757,0.248537,-51.521122,64.470566_-362.037262i,-88.696671_-356.875793i,0,1,0,0.00
1386865648,2,2,2,0,-7.677752,0.000000,-1.814397,14.142757,0.248537,-51.521122,64.470566_-362.037262i,-88.696671_-356.875793i,0,1,0,0.00
1386865649,2,2,2,0,-7.677752,0.000000,-1.814397,14.142757,0.248537,-51.521122,64.470566_-362.037262i,-88.696671_-356.875793i,0,1,0,0.00
1386865649,2,2,2,0,-7.677752,0.000000,-1.814397,14.142757,0.248537,-51.521122,64.470566_-362.037262i,-88.696671_-356.875793i,0,1,0,0.00
1386865649,2,2,2,0,-7.677752,0.000000,-1.814397,14.142757,0.248537,-51.521122,64.470566_-362.037262i,-88.696671_-356.875793i,0,1,0,0.00
1386865649,2,2,2,0,-7.677752,0.000000,-1.814397,14.142757,0.248537,-51.521122,64.470566_-362.037262i,-88.696671_-356.875793i,0,1,0,0.00
1386865650,2,2,2,0,-7.677752,0.000000,-1.814397,14.142757,0.248537,-51.521122,64.470566_-362.037262i,-88.696671_-356.875793i,0,1,0,0.00
1386865650,2,2,2,0,-7.677752,0.000000,-1.814397,14.142757,0.248537,-51.521122,64.470566_-362.037262i,-88.696671_-356.875793i,0,1,0,0.00
1386865650,2,2,2,0,-7.677752,0.000000,-1.814397,14.142757,0.248537,-51.521122,64.470566_-362.037262i,-88.696671_-356.875793i,0,1,0,0.00
1386865650,2,2,2,0,-7.677752,0.000000,-1.814397,14.142757,0.248537,-51.521122,64.470566_-362.037262i,-88.696671_-356.875793i,0,1,0,0.00
1386865651,2,2,2,0,-7.677752,0.000000,-1.814397,14.142757,0.248537,-51.521122,64.470566_-362.037262i,-88.696671_-356.875793i,0,1,0,0.00
1386865651,2,2,2,0,-7.677752,0.000000,-1.814397,14.142757,0.248537,-51.521122,64.470566_-362.037262i,-88.696671_-356.875793i,0,1,0,0.00
1386865651,2,2,2,0,-7.677752,0.000000,-1.814397,14.142757,0.248537,-51.521122,64.470566_-362.037262i,-88.696671_-356.875793i,0,1,0,0.00
1386865651,2,2,2,0,-7.677752,0.000000,-1.814397,14.142757,0.248537,-51.521122,64.470566_-362.037262i,-88.696671_-356.875793i,0,1,0,0.00
1386865652,2,2,2,0,-7.677752,0.000000,-1.814397,14.142757,0.248537,-51.521122,64.470566_-362.037262i,-88.696671_-356.875793i,0,1,0,0.00
1386865652,2,2,2,0,-7.677752,0.000000,-1.814397,14.142757,0.248537,-51.521122,64.470566_-362.037262i,-88.696671_-356.875793i,0,1,0,0.00
1386865652,2,2,2,0,-7.677752,0.000000,-1.814397,14.142757,0.248537,-51.521122,64.470566_-362.037262i,-88.696671_-356.875793i,0,1,0,0.00
1386865652,2,2,2,0,-7.677752,0.000000,-1.814397,14.142757,0.248537,-51.521122,64.470566_-362.037262i,-88.696671_-356.875793i,0,1,0,0.00
1386865653,2,2,2,0,-7.677752,0.000000,-1.814397,14.142757,0.248537,-51.521122,64.470566_-362.037262i,-88.696671_-356.875793i,0,1,0,0.00
1386865653,2,2,2,0,-7.677752,0.000000,-1.814397,14.142757,0.248537,-51.521122,64.470566_-362.037262i,-88.696671_-356.875793i,0,1,0,0.00
1386865653,2,2,2,0,-7.677752,0.000000,-1.814397,14.142757,0.248537,-51.521122,64.470566_-362.037262i,-88.696671_-356.875793i,0,1,0,0.00
1386865653,2,2,2,0,-7.677752,0.000000,-1.814397,14.142757,0.248537,-51.521122,64.470566_-362.037262i,-88.696671_-356.875793i,0,1,0,0.00
1386865654,2,2,2,0,-7.677752,0.000000,-1.814397,14.142757,0.248537,-51.521122,64.470566_-362.037262i,-88.696671_-356.875793i,0,1,0,0.00
1386865654,2,2,2,0,-7.677752,0.000000,-1.814397,14.142757,0.248537,-51.521122,64.470566_-362.037262i,-88.696671_-356.875793i,0,1,0,0.00
1386865654,2,2,2,0,-7.677752,0.000000,-1.814397,14.142757,0.248537,-51.521122,64.470566_-362.037262i,-88.696671_-356.875793i,0,1,0,0.00
1386865654,2,2,2,0,-7.677752,0.000000,-1.814397,14.142757,0.248537,-51.521122,64.470566_-362.037262i,-88.696671_-356.875793i,0,1,0,0.00
1386865655,2,2,2,0,-7.677752,0.000000,-1.814397,14.142757,0.248537,-51.521122,64.470566_-362.037262i,-88.696671_-356.875793i,0,1,0,0.00
1386865655,2,2,2,0,-7.677752,0.000000,-1.814397,14.142757,0.248537,-51.521122,64.470566_-362.037262i,-88.696671_-356.875793i,0,1,0,0.00
1386865655,2,2,2,0,-7.677752,0.000000,-1.814397,14.142757,0.248537,-51.521122,64.470566_-362.037262i,-88.696671_-356.875793i,0,1,0,0.00
1386865655,2,2,2,0,-7.677752,0.000000,-1.814397,14.142757,0.248537,-51.521122,64.470566_-362.037262i,-88.696671_-356.875793i,0,1,0,0.00
1386865656,2,2,2,0,-7.677752,0.000000,-1.814397,14.142757,0.248537,-51.521122,64.470566_-362.037262i,-88.696671_-356.875793i,0,1,0,0.00
1386865656,2,2,2,0,-7.677752,0.000000,-1.814397,14.142757,0.248537,-51.521122,64.470566_-362.037262i,-88.696671_-356.875793i,0,1,0,0.00
1386865656,2,2,2,0,-7.677752,0.000000,-1.814397,14.142757,0.248537,-51.521122,64.470566_-362.037262i,-88.696671_-356.875793i,0,1,0,0.00
1386865656,2,2,2,0,-7.677752,0.000000,-1.814397,14.142757,0.248537,-51.521122,64.470566_-362.037262i,-88.696671_-356.875793i,0,1,0,0.00
1386865657,2,2,2,0,-7.677752,0.000000,-1.814397,14.142757,0.248537,-51.521122,64.470566_-362.037262i,-88.696671_-356.875793i,0,1,0,0.00
1386865657,2,2,2,0,-7.677752,0.000000,-1.814397,14.142757,0.248537,-51.521122,64.470566_-362.037262i,-88.696671_-356.875793i,0,1,0,0.00
1386865657,2,2,2,0,-7.677752,0.000000,-1.814397,14.142757,0.248537,-51.521122,64.470566_-362.037262i,-88.696671_-356.875793i,0,1,0,0.00
1386865657,2,2,2,0,-7.677752,0.000000,-1.814397,14.142757,0.248537,-51.521122,64.470566_-362.037262i,-88.696671_-356.875793i,0,1,0,0.00
1386865658,2,2,2,0,-7.677752,0.000000,-1.814397,14.142757,0.248537,-51.521122,64.470566_-362.037262i,-88.696671_-356.875793i,0,1,0,0.00
1386865658,2,2,2,0,-7.677752,0.000000,-1.814397,14.142757,0.248537,-51.521122,64.470566_-362.037262i,-88.696671_-356.875793i,0,1,0,0.00
1386865658,2,2,2,0,-7.677752,0.000000,-1.814397,14.142757,0.248537,-51.521122,64.470566_-362.037262i,-88.696671_-356.875793i,0,1,0,0.00
1386865658,2,2,2,0,-7.677752,0.000000,-1.814397,14.142757,0.248537,-51.521122,64.470566_-362.037262i,-88.696671_-356.875793i,0,1,0,0.00
1386865659,2,2,2,0,-7.677752,0.000000,-1.814397,14.142757,0.248537,-51.521122,64.470566_-362.037262i,-88.696671_-356.875793i,0,1,0,0.00
1386865659,2,2,2,0,-7.677752,0.000000,-1.814397,14.142757,0.248537,-51.521122,64.470566_-362.037262i,-88.696671_-356.875793i,0,1,0,0.00
1386865659,2,2,2,0,-7.677752,0.000000,-1.814397,14.142757,0.248537,-51.521122,64.470566_-362.037262i,-88.696671_-356.875793i,0,1,0,0.00
1386865659,2,2,2,0,-7.677752,0.000000,-1.814397,14.142757,0.248537,-51.521122,64.470566_-362.037262i,-88.696671_-356.875793i,0,1,0,0.00
1386865660,2,2,2,0,-7.677752,0.000000,-1.814397,14.142757,0.248537,-51.521122,64.470566_-362.037262i,-88.696671_-356.875793i,0,1,0,0.00
1386865660,2,2,2,0,-7.677752,0.000000,-1.814397,14.142757,0.248537,-51.521122,64.470566_-362.037262i,-88.696671_-356.875793i,0,1,0,0.00
1386865660,2,2,2,0,-7.677752,0.000000,-1.814397,14.142757,0.248537,-51.521122,64.470566_-362.037262i,-88.696671_-356.875793i,0,1,0,0.00
1386865660,2,2,2,0,-7.677752,0.000000,-1.814397,14.142757,0.248537,-51.521122,64.470566_-362.037262i,-88.696671_-356.875793i,0,1,0,0.00
1386865661,2,2,2,0,-7.677752,0.000000,-1.814397,14.142757,0.248537,-51.521122,64.470566_-362.037262i,-88.696671_-356.875793i,0,1,0,0.00
1386865661,2,2,2,0,-7.677752,0.000000,-1.814397,14.142757,0.248537,-51.521122,64.470566_-362.037262i,-88.696671_-356.875793i,0,1,0,0.00
1386865661,2,2,2,0,-7.677752,0.000000,-1.814397,14.142757,0.248537,-51.521122,64.470566_-362.037262i,-88.696671_-356.875793i,0,1,0,0.00
1386865661,2,2,2,0,-7.677752,0.000000,-1.814397,14.142757,0.248537,-51.521122,64.470566_-362.037262i,-88.696671_-356.875793i,0,1,0,0.00
1386865662,2,2,2,0,-7.677752,0.000000,-1.814397,14.142757,0.248537,-51.521122,64.470566_-362.037262i,-88.696671_-356.875793i,0,1,0,0.00
1386865662,2,2,2,0,-7.677752,0.000000,-1.814397,14.142757,0.248537,-51.521122,64.470566_-362.037262i,-88.696671_-356.875793i,0,1,0,0.00
1386865662,2,2,2,0,-7.677752,0.000000,-1.814397,14.142757,0.248537,-51.521122,64.470566_-362.037262i,-88.696671_-356.875793i,0,1,0,0.00
1386865662,2,2,2,0,-7.677752,0.000000,-1.814397,14.142757,0.248537,-51.521122,64.470566_-362.037262i,-88.696671_-356.875793i,0,1,0,0.00
1386865663,2,2,2,0,-7.677752,0.000000,-1.814397,14.142757,0.248537,-51.521122,64.470566_-362.037262i,-88.696671_-356.875793i,0,1,0,0.00
1386865663,2,2,2,0,-7.677752,0.000000,-1.814397,14.142757,0.248537,-51.521122,64.470566_-362.037262i,-88.696671_-356.875793i,0,1,0,0.00
1386865663,2,2,2,0,-7.677752,0.000000,-1.814397,14.142757,0.248537,-51.521122,64.470566_-362.037262i,-88.696671_-356.875793i,0,1,0,0.00
1386865663,2,2,2,0,-7.677752,0.000000,-1.814397,14.142757,0.248537,-51.521122,64.470566_-362.037262i,-88.696671_-356.875793i,0,1,0,0.00
1386865664,2,2,2,0,-7.677752,0.000000,-1.814397,14.142757,0.248537,-51.521122,64.470566_-362.037262i,-88.696671_-356.875793i,0,1,0,0.00
1386865664,2,2,2,0,-7.677752,0.000000,-1.814397,14.142757,0.248537,-51.521122,64.470566_-362.037262i,-88.696671_-356.875793i,0,1,0,0.00
1386865664,2,2,2,0,-7.677752,0.000000,-1.814397,14.142757,0.248537,-51.521122,64.470566_-362.037262i,-88.696671_-356.875793i,0,1,0,0.00
1386865664,2,2,2,0,-7.677752,0.000000,-1.814397,14.142757,0.248537,-51.521122,64.470566_-362.037262i,-88.696671_-356.875793i,0,1,0,0.00
1386865665,2,2,2,0,-7.677752,0.000000,-1.814397,14.142757,0.248537,-51.521122,64.470566_-362.037262i,-88.696671_-356.875793i,0,1,0,0.00
1386865665,2,2,2,0,-7.677752,0.000000,-1.814397,14.142757,0.248537,-51.521122,64.470566_-362.037262i,-88.696671_-356.875793i,0,1,0,0.00
1386865665,2,2,2,0,-7.677752,0.000000,-1.814397,14.142757,0.248537,-51.521122,64.470566_-362.037262i,-88.696671_-356.875793i,0,1,0,0.00
1386865665,2,2,2,0,-7.677752,0.000000,-1.814397,14.142757,0.248537,-51.521122,64.470566_-362.037262i,-88.696671_-356.875793i,0,1,0,0.00
1386865666,2,2,2,0,-7.677752,0.000000,-1.814397,14.142757,0.248537,-51.521122,64.470566_-362.037262i,-88.696671_-356.875793i,0,1,0,0.00
1386865666,2,2,2,0,-7.677752,0.000000,-1.814397,14.142757,0.248537,-51.521122,64.470566_-362.037262i,-88.696671_-356.875793i,0,1,0,0.00
1386865666,2,2,2,0,-7.677752,0.000000,-1.814397,14.142757,0.248537,-51.521122,64.470566_-362.037262i,-88.696671_-356.875793i,0,1,0,0.00
1386865666,2,2,2,0,-7.677752,0.000000,-1.814397,14.142757,0.248537,-51.521122,64.470566_-362.037262i,-88.696671_-356.875793i,0,1,0,0.00
1386865667,2,2,2,0,-7.677752,0.000000,-1.814397,14.142757,0.248537,-51.521122,64.470566_-362.037262i,-88.696671_-356.875793i,0,1,0,0.00
1386865667,2,2,2,0,-7.677752,0.000000,-1.814397,14.142757,0.248537,-51.521122,64.470566_-362.037262i,-88.696671_-356.875793i,0,1,0,0.00
1386865667,2,2,2,0,-7.677752,0.000000,-1.814397,14.142757,0.248537,-51.521122,64.470566_-362.037262i,-88.696671_-356.875793i,0,1,0,0.00
1386865667,2,2,2,0,-7.677752,0.000000,-1.814397,14.142757,0.248537,-51.521122,64.470566_-362.037262i,-88.696671_-356.875793i,0,1,0,0.00
1386865668,2,2,2,0,-7.677752,0.000000,-1.814397,14.142757,0.248537,-51.521122,64.470566_-362.037262i,-88.696671_-356.875793i,0,1,0,0.00
1386865668,2,2,2,0,-7.677752,0.000000,-1.814397,14.142757,0.248537,-51.521122,64.470566_-362.037262i,-88.696671_-356.875793i,0,1,0,0.00
1386865668,2,2,2,0,-7.677752,0.000000,-1.814397,14.142757,0.248537,-51.521122,64.470566_-362.037262i,-88.696671_-356.875793i,0,1,0,0.00
1386865668,2,2,2,0,-7.677752,0.000000,-1.814397,14.142757,0.248537,-51.521122,64.470566_-362.037262i,-88.696671_-356.875793i,0,1,0,0.00
1386865669,2,2,2,0,-7.677752,0.000000,-1.814397,14.142757,0.248537,-51.521122,64.470566_-362.037262i,-88.696671_-356.875793i,0,1,0,0.00
1386865669,2,2,2,0,-7.677752,0.000000,-1.814397,14.142757,0.248537,-51.521122,64.470566_-362.037262i,-88.696671_-356.875793i,0,1,0,0.00
1386865669,2,2,2,0,-7.677752,0.000000,-1.814397,14.142757,0.248537,-51.521122,64.470566_-362.037262i,-88.696671_-356.875793i,0,1,0,0.00
1386865669,2,2,2,0,-7.677752,0.000000,-1.814397,14.142757,0.248537,-51.521122,64.470566_-362.037262i,-88.696671_-356.875793i,0,1,0,0.00
1386865670,2,2,2,0,-7.677752,0.000000,-1.814397,14.142757,0.248537,-51.521122,64.470566_-362.037262i,-88.696671_-356.875793i,0,1,0,0.00
1386865670,2,2,2,0,-7.677752,0.000000,-1.814397,14.142757,0.248537,-51.521122,64.470566_-362.037262i,-88.696671_-356.875793i,0,1,0,0.00
1386865670,2,2,2,0,-7.677752,0.000000,-1.814397,14.142757,0.248537,-51.521122,64.470566_-362.037262i,-88.696671_-356.875793i,0,1,0,0.00
1386865670,2,2,2,0,-7.677752,0.000000,-1.814397,14.142757,0.248537,-51.521122,64.470566_-362.037262i,-88.696671_-356.875793i,0,1,0,0.00
1386865671,2,2,2,0,-7.677752,0.000000,-1.814397,14.142757,0.248537,-51.521122,64.470566_-362.037262i,-88.696671_-356.875793i,0,1,0,0.00
1386865671,2,2,2,0,-7.677752,0.000000,-1.814397,14.142757,0.248537,-51.521122,64.470566_-362.037262i,-88.696671_-356.875793i,0,1,0,0.00
1386865671,2,2,2,0,-7.677752,0.000000,-1.814397,14.142757,0.248537,-51.521122,64.470566_-362.037262i,-88.696671_-356.875793i,0,1,0,0.00
1386865671,2,2,2,0,-7.677752,0.000000,-1.814397,14.142757,0.248537,-51.521122,64.470566_-362.037262i,-88.696671_-356.875793i,0,1,0,0.00
1386865672,2,2,2,0,-7.677752,0.000000,-1.814397,14.142757,0.248537,-51.521122,64.470566_-362.037262i,-88.696671_-356.875793i,0,1,0,0.00
1386865672,2,2,2,0,-7.677752,0.000000,-1.814397,14.142757,0.248537,-51.521122,64.470566_-362.037262i,-88.696671_-356.875793i,0,1,0,0.00
1386865672,2,2,2,0,-7.677752,0.000000,-1.814397,14.142757,0.248537,-51.521122,64.470566_-362.037262i,-88.696671_-356.875793i,0,1,0,0.00
1386865672,2,2,2,0,-7.677752,0.000000,-1.814397,14.142757,0.248537,-51.521122,64.470566_-362.037262i,-88.696671_-356.875793i,0,1,0,0.00
1386865673,2,2,2,0,-7.677752,0.000000,-1.814397,14.142757,0.248537,-51.521122,64.470566_-362.037262i,-88.696671_-356.875793i,0,1,0,0.00
1386865673,2,2,2,0,-7.677752,0.000000,-1.814397,14.142757,0.248537,-51.521122,64.470566_-362.037262i,-88.696671_-356.875793i,0,1,0,0.00
1386865673,2,2,2,0,-7.677752,0.000000,-1.814397,14.142757,0.248537,-51.521122,64.470566_-362.037262i,-88.696671_-356.875793i,0,1,0,0.00
1386865673,2,2,2,0,-7.677752,0.000000,-1.814397,14.142757,0.248537,-51.521122,64.470566_-362.037262i,-88.696671_-356.875793i,0,1,0,0.00
1386865674,2,2,2,0,-7.677752,0.000000,-1.814397,14.142757,0.248537,-51.521122,64.470566_-362.037262i,-88.696671_-356.875793i,0,1,0,0.00
1386865674,2,2,2,0,-7.677752,0.000000,-1.814397,14.142757,0.248537,-51.521122,64.470566_-362.037262i,-88.696671_-356.875793i,0,1,0,0.00
1386865674,2,2,2,0,-7.677752,0.000000,-1.814397,14.142757,0.248537,-51.521122,64.470566_-362.037262i,-88.696671_-356.875793i,0,1,0,0.00
1386865674,2,2,2,0,-7.677752,0.000000,-1.814397,14.142757,0.248537,-51.521122,64.470566_-362.037262i,-88.696671_-356.875793i,0,1,0,0.00
1386865675,2,2,2,0,-7.677752,0.000000,-1.814397,14.142757,0.248537,-51.521122,64.470566_-362.037262i,-88.696671_-356.875793i,0,1,0,0.00
1386865675,2,2,2,0,-7.677752,0.000000,-1.814397,14.142757,0.248537,-51.521122,64.470566_-362.037262i,-88.696671_-356.875793i,0,1,0,0.00
1386865675,2,2,2,0,-7.677752,0.000000,-1.814397,14.142757,0.248537,-51.521122,64.470566_-362.037262i,-88.696671_-356.875793i,0,1,0,0.00
1386865675,2,2,2,0,-7.677752,0.000000,-1.814397,14.142757,0.248537,-51.521122,64.470566_-362.037262i,-88.696671_-356.875793i,0,1,0,0.00
1386865676,2,2,2,0,-7.677752,0.000000,-1.814397,14.142757,0.248537,-51.521122,64.470566_-362.037262i,-88.696671_-356.875793i,0,1,0,0.00
1386865676,2,2,2,0,-7.677752,0.000000,-1.814397,14.142757,0.248537,-51.521122,64.470566_-362.037262i,-88.696671_-356.875793i,0,1,0,0.00
1386865676,2,2,2,0,-7.677752,0.000000,-1.814397,14.142757,0.248537,-51.521122,64.470566_-362.037262i,-88.696671_-356.875793i,0,1,0,0.00
1386865676,2,2,2,0,-7.677752,0.000000,-1.814397,14.142757,0.248537,-51.521122,64.470566_-362.037262i,-88.696671_-356.875793i,0,1,0,0.00
1386865677,2,2,2,0,-7.677752,0.000000,-1.814397,14.142757,0.248537,-51.521122,64.470566_-362.037262i,-88.696671_-356.875793i,0,1,0,0.00
1386865677,2,2,2,0,-7.677752,0.000000,-1.814397,14.142757,0.248537,-51.521122,64.470566_-362.037262i,-88.696671_-356.875793i,0,1,0,0.00
1386865677,2,2,2,0,-7.677752,0.000000,-1.814397,14.142757,0.248537,-51.521122,64.470566_-362.037262i,-88.696671_-356.875793i,0,1,0,0.00
1386865678,2,2,2,0,-7.677752,0.000000,-1.814397,14.142757,0.248537,-51.521122,64.470566_-362.037262i,-88.696671_-356.875793i,0,1,0,0.00
1386865678,2,2,2,0,-7.677752,0.000000,-1.814397,14.142757,0.248537,-51.521122,64.470566_-362.037262i,-88.696671_-356.875793i,0,1,0,0.00
1386865678,2,2,2,0,-7.677752,0.000000,-1.814397,14.142757,0.248537,-51.521122,64.470566_-362.037262i,-88.696671_-356.875793i,0,1,0,0.00
1386865678,2,2,2,0,-7.677752,0.000000,-1.814397,14.142757,0.248537,-51.521122,64.470566_-362.037262i,-88.696671_-356.875793i,0,1,0,0.00
1386865679,2,2,2,0,-7.677752,0.000000,-1.814397,14.142757,0.248537,-51.521122,64.470566_-362.037262i,-88.696671_-356.875793i,0,1,0,0.00
1386865679,2,2,2,0,-7.677752,0.000000,-1.814397,14.142757,0.248537,-51.521122,64.470566_-362.037262i,-88.696671_-356.875793i,0,1,0,0.00
1386865679,2,2,2,0,-7.677752,0.000000,-1.814397,14.142757,0.248537,-51.521122,64.470566_-362.037262i,-88.696671_-356.875793i,0,1,0,0.00
1386865679,2,2,2,0,-7.677752,0.000000,-1.814397,14.142757,0.248537,-51.521122,64.470566_-362.037262i,-88.696671_-356.875793i,0,1,0,0.00
1386865680,2,2,2,0,-7.677752,0.000000,-1.814397,14.142757,0.248537,-51.521122,64.470566_-362.037262i,-88.696671_-356.875793i,0,1,0,0.00
1386865680,2,2,2,0,-7.677752,0.000000,-1.814397,14.142757,0.248537,-51.521122,64.470566_-362.037262i,-88.696671_-356.875793i,0,1,0,0.00
1386865680,2,2,2,0,-7.677752,0.000000,-1.814397,14.142757,0.248537,-51.521122,64.470566_-362.037262i,-88.696671_-356.875793i,0,1,0,0.00
1386865680,2,2,2,0,-7.677752,0.000000,-1.814397,14.142757,0.248537,-51.521122,64.470566_-362.037262i,-88.696671_-356.875793i,0,1,0,0.00
1386865681,2,2,2,0,-7.677752,0.000000,-1.814397,14.142757,0.248537,-51.521122,64.470566_-362.037262i,-88.696671_-356.875793i,0,1,0,0.00
1386865681,2,2,2,0,-7.677752,0.000000,-1.814397,14.142757,0.248537,-51.521122,64.470566_-362.037262i,-88.696671_-356.875793i,0,1,0,0.00
1386865681,2,2,2,0,-7.677752,0.000000,-1.814397,14.142757,0.248537,-51.521122,64.470566_-362.037262i,-88.696671_-356.875793i,0,1,0,0.00
1386865681,2,2,2,0,-7.677752,0.000000,-1.814397,14.142757,0.248537,-51.521122,64.470566_-362.037262i,-88.696671_-356.875793i,0,1,0,0.00
1386865682,2,2,2,0,-7.677752,0.000000,-1.814397,14.142757,0.248537,-51.521122,64.470566_-362.037262i,-88.696671_-356.875793i,0,1,0,0.00
1386865682,2,2,2,0,-7.677752,0.000000,-1.814397,14.142757,0.248537,-51.521122,64.470566_-362.037262i,-88.696671_-356.875793i,0,1,0,0.00
1386865682,2,2,2,0,-7.677752,0.000000,-1.814397,14.142757,0.248537,-51.521122,64.470566_-362.037262i,-88.696671_-356.875793i,0,1,0,0.00
1386865682,2,2,2,0,-7.677752,0.000000,-1.814397,14.142757,0.248537,-51.521122,64.470566_-362.037262i,-88.696671_-356.875793i,0,1,0,0.00
1386865683,2,2,2,0,-7.677752,0.000000,-1.814397,14.142757,0.248537,-51.521122,64.470566_-362.037262i,-88.696671_-356.875793i,0,1,0,0.00
1386865683,2,2,2,0,-7.677752,0.000000,-1.814397,14.142757,0.248537,-51.521122,64.470566_-362.037262i,-88.696671_-356.875793i,0,1,0,0.00
1386865683,2,2,2,0,-7.677752,0.000000,-1.814397,14.142757,0.248537,-51.521122,64.470566_-362.037262i,-88.696671_-356.875793i,0,1,0,0.00
1386865683,2,2,2,0,-7.677752,0.000000,-1.814397,14.142757,0.248537,-51.521122,64.470566_-362.037262i,-88.696671_-356.875793i,0,1,0,0.00
1386865684,2,2,2,0,-7.677752,0.000000,-1.814397,14.142757,0.248537,-51.521122,64.470566_-362.037262i,-88.696671_-356.875793i,0,1,0,0.00
1386865684,2,2,2,0,-7.677752,0.000000,-1.814397,14.142757,0.248537,-51.521122,64.470566_-362.037262i,-88.696671_-356.875793i,0,1,0,0.00
1386865684,2,2,2,0,-7.677752,0.000000,-1.814397,14.142757,0.248537,-51.521122,64.470566_-362.037262i,-88.696671_-356.875793i,0,1,0,0.00
1386865684,2,2,2,0,-7.677752,0.000000,-1.814397,14.142757,0.248537,-51.521122,64.470566_-362.037262i,-88.696671_-356.875793i,0,1,0,0.00
1386865685,2,2,2,0,-7.677752,0.000000,-1.814397,14.142757,0.248537,-51.521122,64.470566_-362.037262i,-88.696671_-356.875793i,0,1,0,0.00
1386865685,2,2,2,0,-7.677752,0.000000,-1.814397,14.142757,0.248537,-51.521122,64.470566_-362.037262i,-88.696671_-356.875793i,0,1,0,0.00
1386865685,2,2,2,0,-7.677752,0.000000,-1.814397,14.142757,0.248537,-51.521122,64.470566_-362.037262i,-88.696671_-356.875793i,0,1,0,0.00
1386865685,2,2,2,0,-7.677752,0.000000,-1.814397,14.142757,0.248537,-51.521122,64.470566_-362.037262i,-88.696671_-356.875793i,0,1,0,0.00
1386865686,2,2,2,0,-7.677752,0.000000,-1.814397,14.142757,0.248537,-51.521122,64.470566_-362.037262i,-88.696671_-356.875793i,0,1,0,0.00
1386865686,2,2,2,0,-7.677752,0.000000,-1.814397,14.142757,0.248537,-51.521122,64.470566_-362.037262i,-88.696671_-356.875793i,0,1,0,0.00
1386865686,2,2,2,0,-7.677752,0.000000,-1.814397,14.142757,0.248537,-51.521122,64.470566_-362.037262i,-88.696671_-356.875793i,0,1,0,0.00
1386865686,2,2,2,0,-7.677752,0.000000,-1.814397,14.142757,0.248537,-51.521122,64.470566_-362.037262i,-88.696671_-356.875793i,0,1,0,0.00
1386865687,2,2,2,0,-7.677752,0.000000,-1.814397,14.142757,0.248537,-51.521122,64.470566_-362.037262i,-88.696671_-356.875793i,0,1,0,0.00
1386865687,2,2,2,0,-7.677752,0.000000,-1.814397,14.142757,0.248537,-51.521122,64.470566_-362.037262i,-88.696671_-356.875793i,0,1,0,0.00
1386865687,2,2,2,0,-7.677752,0.000000,-1.814397,14.142757,0.248537,-51.521122,64.470566_-362.037262i,-88.696671_-356.875793i,0,1,0,0.00
1386865687,2,2,2,0,-7.677752,0.000000,-1.814397,14.142757,0.248537,-51.521122,64.470566_-362.037262i,-88.696671_-356.875793i,0,1,0,0.00
1386865688,2,2,2,0,-7.677752,0.000000,-1.814397,14.142757,0.248537,-51.521122,64.470566_-362.037262i,-88.696671_-356.875793i,0,1,0,0.00
1386865688,2,2,2,0,-7.677752,0.000000,-1.814397,14.142757,0.248537,-51.521122,64.470566_-362.037262i,-88.696671_-356.875793i,0,1,0,0.00
1386865688,2,2,2,0,-7.677752,0.000000,-1.814397,14.142757,0.248537,-51.521122,64.470566_-362.037262i,-88.696671_-356.875793i,0,1,0,0.00
1386865688,2,2,2,0,-7.677752,0.000000,-1.814397,14.142757,0.248537,-51.521122,64.470566_-362.037262i,-88.696671_-356.875793i,0,1,0,0.00
1386865689,2,2,2,0,-7.677752,0.000000,-1.814397,14.142757,0.248537,-51.521122,64.470566_-362.037262i,-88.696671_-356.875793i,0,1,0,0.00
1386865689,2,2,2,0,-7.677752,0.000000,-1.814397,14.142757,0.248537,-51.521122,64.470566_-362.037262i,-88.696671_-356.875793i,0,1,0,0.00
1386865689,2,2,2,0,-7.677752,0.000000,-1.814397,14.142757,0.248537,-51.521122,64.470566_-362.037262i,-88.696671_-356.875793i,0,1,0,0.00
1386865689,2,2,2,0,-7.677752,0.000000,-1.814397,14.142757,0.248537,-51.521122,64.470566_-362.037262i,-88.696671_-356.875793i,0,1,0,0.00
1386865690,2,2,2,0,-7.677752,0.000000,-1.814397,14.142757,0.248537,-51.521122,64.470566_-362.037262i,-88.696671_-356.875793i,0,1,0,0.00
1386865690,2,2,2,0,-7.677752,0.000000,-1.814397,14.142757,0.248537,-51.521122,64.470566_-362.037262i,-88.696671_-356.875793i,0,1,0,0.00
1386865690,2,2,2,0,-7.677752,0.000000,-1.814397,14.142757,0.248537,-51.521122,64.470566_-362.037262i,-88.696671_-356.875793i,0,1,0,0.00
1386865690,2,2,2,0,-7.677752,0.000000,-1.814397,14.142757,0.248537,-51.521122,64.470566_-362.037262i,-88.696671_-356.875793i,0,1,0,0.00
1386865691,2,2,2,0,-7.677752,0.000000,-1.814397,14.142757,0.248537,-51.521122,64.470566_-362.037262i,-88.696671_-356.875793i,0,1,0,0.00
1386865691,2,2,2,0,-7.677752,0.000000,-1.814397,14.142757,0.248537,-51.521122,64.470566_-362.037262i,-88.696671_-356.875793i,0,1,0,0.00
1386865691,2,2,2,0,-7.677752,0.000000,-1.814397,14.142757,0.248537,-51.521122,64.470566_-362.037262i,-88.696671_-356.875793i,0,1,0,0.00
1386865691,2,2,2,0,-7.677752,0.000000,-1.814397,14.142757,0.248537,-51.521122,64.470566_-362.037262i,-88.696671_-356.875793i,0,1,0,0.00
1386865692,2,2,2,0,-7.677752,0.000000,-1.814397,14.142757,0.248537,-51.521122,64.470566_-362.037262i,-88.696671_-356.875793i,0,1,0,0.00
1386865692,2,2,2,0,-7.677752,0.000000,-1.814397,14.142757,0.248537,-51.521122,64.470566_-362.037262i,-88.696671_-356.875793i,0,1,0,0.00
1386865692,2,2,2,0,-7.677752,0.000000,-1.814397,14.142757,0.248537,-51.521122,64.470566_-362.037262i,-88.696671_-356.875793i,0,1,0,0.00
1386865692,2,2,2,0,-7.677752,0.000000,-1.814397,14.142757,0.248537,-51.521122,64.470566_-362.037262i,-88.696671_-356.875793i,0,1,0,0.00
1386865693,2,2,2,0,-7.677752,0.000000,-1.814397,14.142757,0.248537,-51.521122,64.470566_-362.037262i,-88.696671_-356.875793i,0,1,0,0.00
1386865693,2,2,2,0,-7.677752,0.000000,-1.814397,14.142757,0.248537,-51.521122,64.470566_-362.037262i,-88.696671_-356.875793i,0,1,0,0.00
1386865693,2,2,2,0,-7.677752,0.000000,-1.814397,14.142757,0.248537,-51.521122,64.470566_-362.037262i,-88.696671_-356.875793i,0,1,0,0.00
1386865693,2,2,2,0,-7.677752,0.000000,-1.814397,14.142757,0.248537,-51.521122,64.470566_-362.037262i,-88.696671_-356.875793i,0,1,0,0.00
1386865694,2,2,2,0,-7.677752,0.000000,-1.814397,14.142757,0.248537,-51.521122,64.470566_-362.037262i,-88.696671_-356.875793i,0,1,0,0.00
1386865694,2,2,2,0,-7.677752,0.000000,-1.814397,14.142757,0.248537,-51.521122,64.470566_-362.037262i,-88.696671_-356.875793i,0,1,0,0.00
1386865694,2,2,2,0,-7.677752,0.000000,-1.814397,14.142757,0.248537,-51.521122,64.470566_-362.037262i,-88.696671_-356.875793i,0,1,0,0.00
1386865694,2,2,2,0,-7.677752,0.000000,-1.814397,14.142757,0.248537,-51.521122,64.470566_-362.037262i,-88.696671_-356.875793i,0,1,0,0.00
1386865695,2,2,2,0,-7.677752,0.000000,-1.814397,14.142757,0.248537,-51.521122,64.470566_-362.037262i,-88.696671_-356.875793i,0,1,0,0.00
1386865695,2,2,2,0,-7.677752,0.000000,-1.814397,14.142757,0.248537,-51.521122,64.470566_-362.037262i,-88.696671_-356.875793i,0,1,0,0.00
1386865695,2,2,2,0,-7.677752,0.000000,-1.814397,14.142757,0.248537,-51.521122,64.470566_-362.037262i,-88.696671_-356.875793i,0,1,0,0.00
1386865695,2,2,2,0,-7.677752,0.000000,-1.814397,14.142757,0.248537,-51.521122,64.470566_-362.037262i,-88.696671_-356.875793i,0,1,0,0.00
1386865696,2,2,2,0,-7.677752,0.000000,-1.814397,14.142757,0.248537,-51.521122,64.470566_-362.037262i,-88.696671_-356.875793i,0,1,0,0.00
1386865696,2,2,2,0,-7.677752,0.000000,-1.814397,14.142757,0.248537,-51.521122,64.470566_-362.037262i,-88.696671_-356.875793i,0,1,0,0.00
1386865696,2,2,2,0,-7.677752,0.000000,-1.814397,14.142757,0.248537,-51.521122,64.470566_-362.037262i,-88.696671_-356.875793i,0,1,0,0.00
1386865696,2,2,2,0,-7.677752,0.000000,-1.814397,14.142757,0.248537,-51.521122,64.470566_-362.037262i,-88.696671_-356.875793i,0,1,0,0.00
1386865697,2,2,2,0,-7.677752,0.000000,-1.814397,14.142757,0.248537,-51.521122,64.470566_-362.037262i,-88.696671_-356.875793i,0,1,0,0.00
1386865697,2,2,2,0,-7.677752,0.000000,-1.814397,14.142757,0.248537,-51.521122,64.470566_-362.037262i,-88.696671_-356.875793i,0,1,0,0.00
1386865697,2,2,2,0,-7.677752,0.000000,-1.814397,14.142757,0.248537,-51.521122,64.470566_-362.037262i,-88.696671_-356.875793i,0,1,0,0.00
1386865697,2,2,2,0,-7.677752,0.000000,-1.814397,14.142757,0.248537,-51.521122,64.470566_-362.037262i,-88.696671_-356.875793i,0,1,0,0.00
1386865698,2,2,2,0,-7.677752,0.000000,-1.814397,14.142757,0.248537,-51.521122,64.470566_-362.037262i,-88.696671_-356.875793i,0,1,0,0.00
1386865698,2,2,2,0,-7.677752,0.000000,-1.814397,14.142757,0.248537,-51.521122,64.470566_-362.037262i,-88.696671_-356.875793i,0,1,0,0.00
1386865698,2,2,2,0,-7.677752,0.000000,-1.814397,14.142757,0.248537,-51.521122,64.470566_-362.037262i,-88.696671_-356.875793i,0,1,0,0.00
1386865698,2,2,2,0,-7.677752,0.000000,-1.814397,14.142757,0.248537,-51.521122,64.470566_-362.037262i,-88.696671_-356.875793i,0,1,0,0.00
1386865699,2,2,2,0,-7.677752,0.000000,-1.814397,14.142757,0.248537,-51.521122,64.470566_-362.037262i,-88.696671_-356.875793i,0,1,0,0.00
1386865699,2,2,2,0,-7.677752,0.000000,-1.814397,14.142757,0.248537,-51.521122,64.470566_-362.037262i,-88.696671_-356.875793i,0,1,0,0.00
1386865699,2,2,2,0,-7.677752,0.000000,-1.814397,14.142757,0.248537,-51.521122,64.470566_-362.037262i,-88.696671_-356.875793i,0,1,0,0.00
1386865699,2,2,2,0,-7.677752,0.000000,-1.814397,14.142757,0.248537,-51.521122,64.470566_-362.037262i,-88.696671_-356.875793i,0,1,0,0.00
1386865700,2,2,2,0,-7.677752,0.000000,-1.814397,14.142757,0.248537,-51.521122,64.470566_-362.037262i,-88.696671_-356.875793i,0,1,0,0.00
1386865700,2,2,2,0,-7.677752,0.000000,-1.814397,14.142757,0.248537,-51.521122,64.470566_-362.037262i,-88.696671_-356.875793i,0,1,0,0.00
1386865700,2,2,2,0,-7.677752,0.000000,-1.814397,14.142757,0.248537,-51.521122,64.470566_-362.037262i,-88.696671_-356.875793i,0,1,0,0.00
1386865700,2,2,2,0,-7.677752,0.000000,-1.814397,14.142757,0.248537,-51.521122,64.470566_-362.037262i,-88.696671_-356.875793i,0,1,0,0.00
1386865701,2,2,2,0,-7.677752,0.000000,-1.814397,14.142757,0.248537,-51.521122,64.470566_-362.037262i,-88.696671_-356.875793i,0,1,0,0.00
1386865701,2,2,2,0,-7.677752,0.000000,-1.814397,14.142757,0.248537,-51.521122,64.470566_-362.037262i,-88.696671_-356.875793i,0,1,0,0.00
1386865701,2,2,2,0,-7.677752,0.000000,-1.814397,14.142757,0.248537,-51.521122,64.470566_-362.037262i,-88.696671_-356.875793i,0,1,0,0.00
1386865701,2,2,2,0,-7.677752,0.000000,-1.814397,14.142757,0.248537,-51.521122,64.470566_-362.037262i,-88.696671_-356.875793i,0,1,0,0.00
1386865702,2,2,2,0,-7.677752,0.000000,-1.814397,14.142757,0.248537,-51.521122,64.470566_-362.037262i,-88.696671_-356.875793i,0,1,0,0.00
1386865702,2,2,2,0,-7.677752,0.000000,-1.814397,14.142757,0.248537,-51.521122,64.470566_-362.037262i,-88.696671_-356.875793i,0,1,0,0.00
1386865702,2,2,2,0,-7.677752,0.000000,-1.814397,14.142757,0.248537,-51.521122,64.470566_-362.037262i,-88.696671_-356.875793i,0,1,0,0.00
1386865702,2,2,2,0,-7.677752,0.000000,-1.814397,14.142757,0.248537,-51.521122,64.470566_-362.037262i,-88.696671_-356.875793i,0,1,0,0.00
1386865703,2,2,2,0,-7.677752,0.000000,-1.814397,14.142757,0.248537,-51.521122,64.470566_-362.037262i,-88.696671_-356.875793i,0,1,0,0.00
1386865703,2,2,2,0,-7.677752,0.000000,-1.814397,14.142757,0.248537,-51.521122,64.470566_-362.037262i,-88.696671_-356.875793i,0,1,0,0.00
1386865703,2,2,2,0,-7.677752,0.000000,-1.814397,14.142757,0.248537,-51.521122,64.470566_-362.037262i,-88.696671_-356.875793i,0,1,0,0.00
1386865703,2,2,2,0,-7.677752,0.000000,-1.814397,14.142757,0.248537,-51.521122,64.470566_-362.037262i,-88.696671_-356.875793i,0,1,0,0.00
1386865704,2,2,2,0,-7.677752,0.000000,-1.814397,14.142757,0.248537,-51.521122,64.470566_-362.037262i,-88.696671_-356.875793i,0,1,0,0.00
1386865704,2,2,2,0,-7.677752,0.000000,-1.814397,14.142757,0.248537,-51.521122,64.470566_-362.037262i,-88.696671_-356.875793i,0,1,0,0.00
1386865704,2,2,2,0,-7.677752,0.000000,-1.814397,14.142757,0.248537,-51.521122,64.470566_-362.037262i,-88.696671_-356.875793i,0,1,0,0.00
1386865704,2,2,2,0,-7.677752,0.000000,-1.814397,14.142757,0.248537,-51.521122,64.470566_-362.037262i,-88.696671_-356.875793i,0,1,0,0.00
1386865705,2,2,2,0,-7.677752,0.000000,-1.814397,14.142757,0.248537,-51.521122,64.470566_-362.037262i,-88.696671_-356.875793i,0,1,0,0.00
1386865705,2,2,2,0,-7.677752,0.000000,-1.814397,14.142757,0.248537,-51.521122,64.470566_-362.037262i,-88.696671_-356.875793i,0,1,0,0.00
1386865705,2,2,2,0,-7.677752,0.000000,-1.814397,14.142757,0.248537,-51.521122,64.470566_-362.037262i,-88.696671_-356.875793i,0,1,0,0.00
1386865705,2,2,2,0,-7.677752,0.000000,-1.814397,14.142757,0.248537,-51.521122,64.470566_-362.037262i,-88.696671_-356.875793i,0,1,0,0.00
1386865706,2,2,2,0,-7.677752,0.000000,-1.814397,14.142757,0.248537,-51.521122,64.470566_-362.037262i,-88.696671_-356.875793i,0,1,0,0.00
1386865706,2,2,2,0,-7.677752,0.000000,-1.814397,14.142757,0.248537,-51.521122,64.470566_-362.037262i,-88.696671_-356.875793i,0,1,0,0.00
1386865706,2,2,2,0,-7.677752,0.000000,-1.814397,14.142757,0.248537,-51.521122,64.470566_-362.037262i,-88.696671_-356.875793i,0,1,0,0.00
1386865706,2,2,2,0,-7.677752,0.000000,-1.814397,14.142757,0.248537,-51.521122,64.470566_-362.037262i,-88.696671_-356.875793i,0,1,0,0.00
1386865707,2,2,2,0,-7.677752,0.000000,-1.814397,14.142757,0.248537,-51.521122,64.470566_-362.037262i,-88.696671_-356.875793i,0,1,0,0.00
1386865707,2,2,2,0,-7.677752,0.000000,-1.814397,14.142757,0.248537,-51.521122,64.470566_-362.037262i,-88.696671_-356.875793i,0,1,0,0.00
1386865707,2,2,2,0,-7.677752,0.000000,-1.814397,14.142757,0.248537,-51.521122,64.470566_-362.037262i,-88.696671_-356.875793i,0,1,0,0.00
1386865707,2,2,2,0,-7.677752,0.000000,-1.814397,14.142757,0.248537,-51.521122,64.470566_-362.037262i,-88.696671_-356.875793i,0,1,0,0.00
1386865708,2,2,2,0,-7.677752,0.000000,-1.814397,14.142757,0.248537,-51.521122,64.470566_-362.037262i,-88.696671_-356.875793i,0,1,0,0.00
1386865708,2,2,2,0,-7.677752,0.000000,-1.814397,14.142757,0.248537,-51.521122,64.470566_-362.037262i,-88.696671_-356.875793i,0,1,0,0.00
1386865708,2,2,2,0,-7.677752,0.000000,-1.814397,14.142757,0.248537,-51.521122,64.470566_-362.037262i,-88.696671_-356.875793i,0,1,0,0.00
1386865708,2,2,2,0,-7.677752,0.000000,-1.814397,14.142757,0.248537,-51.521122,64.470566_-362.037262i,-88.696671_-356.875793i,0,1,0,0.00
1386865709,2,2,2,0,-7.677752,0.000000,-1.814397,14.142757,0.248537,-51.521122,64.470566_-362.037262i,-88.696671_-356.875793i,0,1,0,0.00
1386865709,2,2,2,0,-7.677752,0.000000,-1.814397,14.142757,0.248537,-51.521122,64.470566_-362.037262i,-88.696671_-356.875793i,0,1,0,0.00
1386865709,2,2,2,0,-7.677752,0.000000,-1.814397,14.142757,0.248537,-51.521122,64.470566_-362.037262i,-88.696671_-356.875793i,0,1,0,0.00
1386865709,2,2,2,0,-7.677752,0.000000,-1.814397,14.142757,0.248537,-51.521122,64.470566_-362.037262i,-88.696671_-356.875793i,0,1,0,0.00
1386865710,2,2,2,0,-7.677752,0.000000,-1.814397,14.142757,0.248537,-51.521122,64.470566_-362.037262i,-88.696671_-356.875793i,0,1,0,0.00
1386865710,2,2,2,0,-7.677752,0.000000,-1.814397,14.142757,0.248537,-51.521122,64.470566_-362.037262i,-88.696671_-356.875793i,0,1,0,0.00
1386865710,2,2,2,0,-7.677752,0.000000,-1.814397,14.142757,0.248537,-51.521122,64.470566_-362.037262i,-88.696671_-356.875793i,0,1,0,0.00
1386865710,2,2,2,0,-7.677752,0.000000,-1.814397,14.142757,0.248537,-51.521122,64.470566_-362.037262i,-88.696671_-356.875793i,0,1,0,0.00
1386865711,2,2,2,0,-7.677752,0.000000,-1.814397,14.142757,0.248537,-51.521122,64.470566_-362.037262i,-88.696671_-356.875793i,0,1,0,0.00
1386865711,2,2,2,0,-7.677752,0.000000,-1.814397,14.142757,0.248537,-51.521122,64.470566_-362.037262i,-88.696671_-356.875793i,0,1,0,0.00
1386865711,2,2,2,0,-7.677752,0.000000,-1.814397,14.142757,0.248537,-51.521122,64.470566_-362.037262i,-88.696671_-356.875793i,0,1,0,0.00
1386865711,2,2,2,0,-7.677752,0.000000,-1.814397,14.142757,0.248537,-51.521122,64.470566_-362.037262i,-88.696671_-356.875793i,0,1,0,0.00
1386865712,2,2,2,0,-7.677752,0.000000,-1.814397,14.142757,0.248537,-51.521122,64.470566_-362.037262i,-88.696671_-356.875793i,0,1,0,0.00
1386865712,2,2,2,0,-7.677752,0.000000,-1.814397,14.142757,0.248537,-51.521122,64.470566_-362.037262i,-88.696671_-356.875793i,0,1,0,0.00
1386865712,2,2,2,0,-7.677752,0.000000,-1.814397,14.142757,0.248537,-51.521122,64.470566_-362.037262i,-88.696671_-356.875793i,0,1,0,0.00
1386865712,2,2,2,0,-7.677752,0.000000,-1.814397,14.142757,0.248537,-51.521122,64.470566_-362.037262i,-88.696671_-356.875793i,0,1,0,0.00
1386865713,2,2,2,0,-7.677752,0.000000,-1.814397,14.142757,0.248537,-51.521122,64.470566_-362.037262i,-88.696671_-356.875793i,0,1,0,0.00
1386865713,2,2,2,0,-7.677752,0.000000,-1.814397,14.142757,0.248537,-51.521122,64.470566_-362.037262i,-88.696671_-356.875793i,0,1,0,0.00
1386865713,2,2,2,0,-7.677752,0.000000,-1.814397,14.142757,0.248537,-51.521122,64.470566_-362.037262i,-88.696671_-356.875793i,0,1,0,0.00
1386865713,2,2,2,0,-7.677752,0.000000,-1.814397,14.142757,0.248537,-51.521122,64.470566_-362.037262i,-88.696671_-356.875793i,0,1,0,0.00
1386865714,2,2,2,0,-7.677752,0.000000,-1.814397,14.142757,0.248537,-51.521122,64.470566_-362.037262i,-88.696671_-356.875793i,0,1,0,0.00
1386865714,2,2,2,0,-7.677752,0.000000,-1.814397,14.142757,0.248537,-51.521122,64.470566_-362.037262i,-88.696671_-356.875793i,0,1,0,0.00
1386865714,2,2,2,0,-7.677752,0.000000,-1.814397,14.142757,0.248537,-51.521122,64.470566_-362.037262i,-88.696671_-356.875793i,0,1,0,0.00
1386865714,2,2,2,0,-7.677752,0.000000,-1.814397,14.142757,0.248537,-51.521122,64.470566_-362.037262i,-88.696671_-356.875793i,0,1,0,0.00
1386865715,2,2,2,0,-7.677752,0.000000,-1.814397,14.142757,0.248537,-51.521122,64.470566_-362.037262i,-88.696671_-356.875793i,0,1,0,0.00
1386865715,2,2,2,0,-7.677752,0.000000,-1.814397,14.142757,0.248537,-51.521122,64.470566_-362.037262i,-88.696671_-356.875793i,0,1,0,0.00
1386865715,2,2,2,0,-7.677752,0.000000,-1.814397,14.142757,0.248537,-51.521122,64.470566_-362.037262i,-88.696671_-356.875793i,0,1,0,0.00
1386865715,2,2,2,0,-7.677752,0.000000,-1.814397,14.142757,0.248537,-51.521122,64.470566_-362.037262i,-88.696671_-356.875793i,0,1,0,0.00
1386865716,2,2,2,0,-7.677752,0.000000,-1.814397,14.142757,0.248537,-51.521122,64.470566_-362.037262i,-88.696671_-356.875793i,0,1,0,0.00
1386865716,2,2,2,0,-7.677752,0.000000,-1.814397,14.142757,0.248537,-51.521122,64.470566_-362.037262i,-88.696671_-356.875793i,0,1,0,0.00
1386865716,2,2,2,0,-7.677752,0.000000,-1.814397,14.142757,0.248537,-51.521122,64.470566_-362.037262i,-88.696671_-356.875793i,0,1,0,0.00
1386865716,2,2,2,0,-7.677752,0.000000,-1.814397,14.142757,0.248537,-51.521122,64.470566_-362.037262i,-88.696671_-356.875793i,0,1,0,0.00
1386865717,2,2,2,0,-7.677752,0.000000,-1.814397,14.142757,0.248537,-51.521122,64.470566_-362.037262i,-88.696671_-356.875793i,0,1,0,0.00
1386865717,2,2,2,0,-7.677752,0.000000,-1.814397,14.142757,0.248537,-51.521122,64.470566_-362.037262i,-88.696671_-356.875793i,0,1,0,0.00
1386865717,2,2,2,0,-7.677752,0.000000,-1.814397,14.142757,0.248537,-51.521122,64.470566_-362.037262i,-88.696671_-356.875793i,0,1,0,0.00
1386865717,2,2,2,0,-7.677752,0.000000,-1.814397,14.142757,0.248537,-51.521122,64.470566_-362.037262i,-88.696671_-356.875793i,0,1,0,0.00
1386865718,2,2,2,0,-7.677752,0.000000,-1.814397,14.142757,0.248537,-51.521122,64.470566_-362.037262i,-88.696671_-356.875793i,0,1,0,0.00
1386865718,2,2,2,0,-7.677752,0.000000,-1.814397,14.142757,0.248537,-51.521122,64.470566_-362.037262i,-88.696671_-356.875793i,0,1,0,0.00
1386865718,2,2,2,0,-7.677752,0.000000,-1.814397,14.142757,0.248537,-51.521122,64.470566_-362.037262i,-88.696671_-356.875793i,0,1,0,0.00
1386865718,2,2,2,0,-7.677752,0.000000,-1.814397,14.142757,0.248537,-51.521122,64.470566_-362.037262i,-88.696671_-356.875793i,0,1,0,0.00
1386865719,2,2,2,0,-7.677752,0.000000,-1.814397,14.142757,0.248537,-51.521122,64.470566_-362.037262i,-88.696671_-356.875793i,0,1,0,0.00
1386865719,2,2,2,0,-7.677752,0.000000,-1.814397,14.142757,0.248537,-51.521122,64.470566_-362.037262i,-88.696671_-356.875793i,0,1,0,0.00
1386865719,2,2,2,0,-7.677752,0.000000,-1.814397,14.142757,0.248537,-51.521122,64.470566_-362.037262i,-88.696671_-356.875793i,0,1,0,0.00
1386865719,2,2,2,0,-7.677752,0.000000,-1.814397,14.142757,0.248537,-51.521122,64.470566_-362.037262i,-88.696671_-356.875793i,0,1,0,0.00
1386865720,2,2,2,0,-7.677752,0.000000,-1.814397,14.142757,0.248537,-51.521122,64.470566_-362.037262i,-88.696671_-356.875793i,0,1,0,0.00
1386865720,2,2,2,0,-7.677752,0.000000,-1.814397,14.142757,0.248537,-51.521122,64.470566_-362.037262i,-88.696671_-356.875793i,0,1,0,0.00
1386865720,2,2,2,0,-7.677752,0.000000,-1.814397,14.142757,0.248537,-51.521122,64.470566_-362.037262i,-88.696671_-356.875793i,0,1,0,0.00
1386865720,2,2,2,0,-7.677752,0.000000,-1.814397,14.142757,0.248537,-51.521122,64.470566_-362.037262i,-88.696671_-356.875793i,0,1,0,0.00
1386865721,2,2,2,0,-7.677752,0.000000,-1.814397,14.142757,0.248537,-51.521122,64.470566_-362.037262i,-88.696671_-356.875793i,0,1,0,0.00
1386865721,2,2,2,0,-7.677752,0.000000,-1.814397,14.142757,0.248537,-51.521122,64.470566_-362.037262i,-88.696671_-356.875793i,0,1,0,0.00
1386865721,2,2,2,0,-7.677752,0.000000,-1.814397,14.142757,0.248537,-51.521122,64.470566_-362.037262i,-88.696671_-356.875793i,0,1,0,0.00
1386865721,2,2,2,0,-7.677752,0.000000,-1.814397,14.142757,0.248537,-51.521122,64.470566_-362.037262i,-88.696671_-356.875793i,0,1,0,0.00
1386865722,2,2,2,0,-7.677752,0.000000,-1.814397,14.142757,0.248537,-51.521122,64.470566_-362.037262i,-88.696671_-356.875793i,0,1,0,0.00
1386865722,2,2,2,0,-7.677752,0.000000,-1.814397,14.142757,0.248537,-51.521122,64.470566_-362.037262i,-88.696671_-356.875793i,0,1,0,0.00
1386865722,2,2,2,0,-7.677752,0.000000,-1.814397,14.142757,0.248537,-51.521122,64.470566_-362.037262i,-88.696671_-356.875793i,0,1,0,0.00
1386865722,2,2,2,0,-7.677752,0.000000,-1.814397,14.142757,0.248537,-51.521122,64.470566_-362.037262i,-88.696671_-356.875793i,0,1,0,0.00
1386865723,2,2,2,0,-7.677752,0.000000,-1.814397,14.142757,0.248537,-51.521122,64.470566_-362.037262i,-88.696671_-356.875793i,0,1,0,0.00
1386865723,2,2,2,0,-7.677752,0.000000,-1.814397,14.142757,0.248537,-51.521122,64.470566_-362.037262i,-88.696671_-356.875793i,0,1,0,0.00
1386865723,2,2,2,0,-7.677752,0.000000,-1.814397,14.142757,0.248537,-51.521122,64.470566_-362.037262i,-88.696671_-356.875793i,0,1,0,0.00
1386865723,2,2,2,0,-7.677752,0.000000,-1.814397,14.142757,0.248537,-51.521122,64.470566_-362.037262i,-88.696671_-356.875793i,0,1,0,0.00
1386865724,2,2,2,0,-7.677752,0.000000,-1.814397,14.142757,0.248537,-51.521122,64.470566_-362.037262i,-88.696671_-356.875793i,0,1,0,0.00
1386865724,2,2,2,0,-7.677752,0.000000,-1.814397,14.142757,0.248537,-51.521122,64.470566_-362.037262i,-88.696671_-356.875793i,0,1,0,0.00
1386865724,2,2,2,0,-7.677752,0.000000,-1.814397,14.142757,0.248537,-51.521122,64.470566_-362.037262i,-88.696671_-356.875793i,0,1,0,0.00
1386865724,2,2,2,0,-7.677752,0.000000,-1.814397,14.142757,0.248537,-51.521122,64.470566_-362.037262i,-88.696671_-356.875793i,0,1,0,0.00
1386865725,2,2,2,0,-7.677752,0.000000,-1.814397,14.142757,0.248537,-51.521122,64.470566_-362.037262i,-88.696671_-356.875793i,0,1,0,0.00
1386865725,2,2,2,0,-7.677752,0.000000,-1.814397,14.142757,0.248537,-51.521122,64.470566_-362.037262i,-88.696671_-356.875793i,0,1,0,0.00
1386865725,2,2,2,0,-7.677752,0.000000,-1.814397,14.142757,0.248537,-51.521122,64.470566_-362.037262i,-88.696671_-356.875793i,0,1,0,0.00
1386865725,2,2,2,0,-7.677752,0.000000,-1.814397,14.142757,0.248537,-51.521122,64.470566_-362.037262i,-88.696671_-356.875793i,0,1,0,0.00
