MCU_timestamp,sig1,sig2,sig3,fa_debug,theta_d1,theta_d,theta_d1_b,theta_b,a_x,b_x,X_b,X_T_b,sail_hc_periods,sail_hc_direction,sail_hc_val,sail_hc_MEAN_V
1386882835,0,0,0,0,0.000000,0.000000,0.000000,0.000000,0.000000,0.000000,0.000000_0.000000i,0.000000_0.000000i,0,1,0,0.00
1386882835,0,0,0,0,0.000000,0.000000,0.000000,0.000000,0.000000,0.000000,0.000000_0.000000i,0.000000_0.000000i,0,1,0,0.00
1386882835,0,0,0,0,0.000000,0.000000,0.000000,0.000000,0.000000,0.000000,0.000000_0.000000i,0.000000_0.000000i,0,1,0,0.00
1386882836,0,0,0,0,0.000000,0.000000,0.000000,0.000000,0.000000,0.000000,0.000000_0.000000i,0.000000_0.000000i,0,1,0,0.00
1386882836,0,0,0,0,0.000000,0.000000,0.000000,0.000000,0.000000,0.000000,0.000000_0.000000i,0.000000_0.000000i,0,1,0,0.00
1386882836,0,0,0,0,0.000000,0.000000,0.000000,0.000000,0.000000,0.000000,0.000000_0.000000i,0.000000_0.000000i,0,1,0,0.00
1386882836,0,0,0,0,0.000000,0.000000,0.000000,0.000000,0.000000,0.000000,0.000000_0.000000i,0.000000_0.000000i,0,1,0,0.00
1386882837,0,0,0,0,0.000000,0.000000,0.000000,0.000000,0.000000,0.000000,0.000000_0.000000i,0.000000_0.000000i,0,1,0,0.00
1386882837,0,0,0,0,0.000000,0.000000,0.000000,0.000000,0.000000,0.000000,0.000000_0.000000i,0.000000_0.000000i,0,1,0,0.00
1386882837,0,0,0,0,0.000000,0.000000,0.000000,0.000000,0.000000,0.000000,0.000000_0.000000i,0.000000_0.000000i,0,1,0,0.00
1386882837,0,0,0,0,0.000000,0.000000,0.000000,0.000000,0.000000,0.000000,0.000000_0.000000i,0.000000_0.000000i,0,1,0,0.00
1386882838,0,0,0,0,0.000000,0.000000,0.000000,0.000000,0.000000,0.000000,0.000000_0.000000i,0.000000_0.000000i,0,1,0,0.00
1386882838,0,0,0,0,0.000000,0.000000,0.000000,0.000000,0.000000,0.000000,0.000000_0.000000i,0.000000_0.000000i,0,1,0,0.00
1386882838,0,0,0,0,0.000000,0.000000,0.000000,0.000000,0.000000,0.000000,0.000000_0.000000i,0.000000_0.000000i,0,1,0,0.00
1386882838,0,0,0,0,0.000000,0.000000,0.000000,0.000000,0.000000,0.000000,0.000000_0.000000i,0.000000_0.000000i,0,1,0,0.00
1386882839,0,0,0,0,0.000000,0.000000,0.000000,0.000000,0.000000,0.000000,0.000000_0.000000i,0.000000_0.000000i,0,1,0,0.00
1386882839,0,0,0,0,0.000000,0.000000,0.000000,0.000000,0.000000,0.000000,0.000000_0.000000i,0.000000_0.000000i,0,1,0,0.00
1386882839,0,0,0,0,0.000000,0.000000,0.000000,0.000000,0.000000,0.000000,0.000000_0.000000i,0.000000_0.000000i,0,1,0,0.00
1386882839,0,0,0,0,0.000000,0.000000,0.000000,0.000000,0.000000,0.000000,0.000000_0.000000i,0.000000_0.000000i,0,1,0,0.00
1386882840,0,0,0,0,0.000000,0.000000,0.000000,0.000000,0.000000,0.000000,0.000000_0.000000i,0.000000_0.000000i,0,1,0,0.00
1386882840,0,0,0,0,0.000000,0.000000,0.000000,0.000000,0.000000,0.000000,0.000000_0.000000i,0.000000_0.000000i,0,1,0,0.00
1386882840,0,0,0,0,0.000000,0.000000,0.000000,0.000000,0.000000,0.000000,0.000000_0.000000i,0.000000_0.000000i,0,1,0,0.00
1386882840,0,0,0,0,0.000000,0.000000,0.000000,0.000000,0.000000,0.000000,0.000000_0.000000i,0.000000_0.000000i,0,1,0,0.00
1386882841,0,0,0,0,0.000000,0.000000,0.000000,0.000000,0.000000,0.000000,0.000000_0.000000i,0.000000_0.000000i,0,1,0,0.00
1386882841,0,0,0,0,0.000000,0.000000,0.000000,0.000000,0.000000,0.000000,0.000000_0.000000i,0.000000_0.000000i,0,1,0,0.00
1386882841,0,0,0,0,0.000000,0.000000,0.000000,0.000000,0.000000,0.000000,0.000000_0.000000i,0.000000_0.000000i,0,1,0,0.00
1386882841,0,0,0,0,0.000000,0.000000,0.000000,0.000000,0.000000,0.000000,0.000000_0.000000i,0.000000_0.000000i,0,1,0,0.00
1386882842,0,0,0,0,0.000000,0.000000,0.000000,0.000000,0.000000,0.000000,0.000000_0.000000i,0.000000_0.000000i,0,1,0,0.00
1386882842,0,0,0,0,0.000000,0.000000,0.000000,0.000000,0.000000,0.000000,0.000000_0.000000i,0.000000_0.000000i,0,1,0,0.00
1386882842,0,0,0,0,0.000000,0.000000,0.000000,0.000000,0.000000,0.000000,0.000000_0.000000i,0.000000_0.000000i,0,1,0,0.00
1386882842,0,0,0,0,0.000000,0.000000,0.000000,0.000000,0.000000,0.000000,0.000000_0.000000i,0.000000_0.000000i,0,1,0,0.00
1386882843,0,0,0,0,0.000000,0.000000,0.000000,0.000000,0.000000,0.000000,0.000000_0.000000i,0.000000_0.000000i,0,1,0,0.00
1386882843,0,0,0,0,0.000000,0.000000,0.000000,0.000000,0.000000,0.000000,0.000000_0.000000i,0.000000_0.000000i,0,1,0,0.00
1386882843,0,0,0,0,0.000000,0.000000,0.000000,0.000000,0.000000,0.000000,0.000000_0.000000i,0.000000_0.000000i,0,1,0,0.00
1386882843,0,0,0,0,0.000000,0.000000,0.000000,0.000000,0.000000,0.000000,0.000000_0.000000i,0.000000_0.000000i,0,1,0,0.00
1386882844,0,0,0,0,0.000000,0.000000,0.000000,0.000000,0.000000,0.000000,0.000000_0.000000i,0.000000_0.000000i,0,1,0,0.00
1386882844,0,0,0,0,0.000000,0.000000,0.000000,0.000000,0.000000,0.000000,0.000000_0.000000i,0.000000_0.000000i,0,1,0,0.00
1386882844,0,0,0,0,0.000000,0.000000,0.000000,0.000000,0.000000,0.000000,0.000000_0.000000i,0.000000_0.000000i,0,1,0,0.00
1386882844,0,0,0,0,0.000000,0.000000,0.000000,0.000000,0.000000,0.000000,0.000000_0.000000i,0.000000_0.000000i,0,1,0,0.00
1386882845,0,0,0,0,0.000000,0.000000,0.000000,0.000000,0.000000,0.000000,0.000000_0.000000i,0.000000_0.000000i,0,1,0,0.00
1386882845,0,0,0,0,0.000000,0.000000,0.000000,0.000000,0.000000,0.000000,0.000000_0.000000i,0.000000_0.000000i,0,1,0,0.00
1386882845,0,0,0,0,0.000000,0.000000,0.000000,0.000000,0.000000,0.000000,0.000000_0.000000i,0.000000_0.000000i,0,1,0,0.00
1386882845,0,0,0,0,0.000000,0.000000,0.000000,0.000000,0.000000,0.000000,0.000000_0.000000i,0.000000_0.000000i,0,1,0,0.00
1386882846,0,0,0,0,0.000000,0.000000,0.000000,0.000000,0.000000,0.000000,0.000000_0.000000i,0.000000_0.000000i,0,1,0,0.00
1386882846,0,0,0,0,0.000000,0.000000,0.000000,0.000000,0.000000,0.000000,0.000000_0.000000i,0.000000_0.000000i,0,1,0,0.00
1386882846,0,0,0,0,0.000000,0.000000,0.000000,0.000000,0.000000,0.000000,0.000000_0.000000i,0.000000_0.000000i,0,1,0,0.00
1386882846,0,0,0,0,0.000000,0.000000,0.000000,0.000000,0.000000,0.000000,0.000000_0.000000i,0.000000_0.000000i,0,1,0,0.00
1386882847,0,0,0,0,0.000000,0.000000,0.000000,0.000000,0.000000,0.000000,0.000000_0.000000i,0.000000_0.000000i,0,1,0,0.00
1386882847,0,0,0,0,0.000000,0.000000,0.000000,0.000000,0.000000,0.000000,0.000000_0.000000i,0.000000_0.000000i,0,1,0,0.00
1386882847,1,0,0,2,-6.601587,0.000000,-0.738233,5.765172,-1.099078,-74.296227,610.056580_-201.084869i,475.114685_-432.284851i,0,1,0,0.00
1386882847,1,0,0,2,-6.602573,0.000000,-0.739218,5.704667,-1.099078,-74.215858,610.056580_-201.084869i,475.114685_-432.284851i,0,1,0,0.00
1386882848,1,0,0,2,-6.602906,0.000000,-0.739552,5.662779,-1.099078,-74.188728,610.056580_-201.084869i,475.114685_-432.284851i,0,1,0,0.00
1386882848,1,0,0,2,-6.603242,0.000000,-0.739887,5.630199,-1.099078,-74.161453,610.056580_-201.084869i,475.114685_-432.284851i,0,1,0,0.00
1386882848,1,0,0,2,-6.603549,0.000000,-0.740195,5.606928,-1.099078,-74.136490,610.056580_-201.084869i,475.114685_-432.284851i,0,1,0,0.00
1386882848,1,0,0,2,-6.603889,0.000000,-0.740534,5.588312,-1.099078,-74.108940,610.056580_-201.084869i,475.114685_-432.284851i,0,1,0,0.00
1386882849,1,0,0,2,-6.603564,0.000000,-0.740210,5.574349,-1.099078,-74.135269,610.056580_-201.084869i,475.114685_-432.284851i,0,1,0,0.00
1386882849,1,0,0,2,-6.603876,0.000000,-0.740521,5.565040,-1.099078,-74.110016,610.056580_-201.084869i,475.114685_-432.284851i,0,1,0,0.00
1386882849,1,0,0,2,-6.604220,0.000000,-0.740865,5.560386,-1.099078,-74.082146,610.056580_-201.084869i,475.114685_-432.284851i,0,1,0,0.00
1386882849,1,0,0,2,-6.604535,0.000000,-0.741180,5.555732,-1.099078,-74.056625,610.056580_-201.084869i,475.114685_-432.284851i,0,1,0,0.00
1386882850,1,0,0,2,-6.604208,0.000000,-0.740854,5.551077,-1.099078,-74.083061,610.056580_-201.084869i,475.114685_-432.284851i,0,1,0,0.00
1386882850,1,0,0,2,-6.603911,0.000000,-0.740556,5.546423,-1.099078,-74.107185,610.056580_-201.084869i,475.114685_-432.284851i,0,1,0,0.00
1386882850,1,0,0,2,-6.604228,0.000000,-0.740873,5.546423,-1.099078,-74.081467,610.056580_-201.084869i,475.114685_-432.284851i,0,1,0,0.00
1386882850,1,0,0,2,-6.604548,0.000000,-0.741193,5.546423,-1.099078,-74.055611,610.056580_-201.084869i,475.114685_-432.284851i,0,1,0,0.00
1386882851,1,0,0,2,-6.604869,0.000000,-0.741514,5.546423,-1.099078,-74.029617,610.056580_-201.084869i,475.114685_-432.284851i,0,1,0,0.00
1386882851,1,0,0,2,-6.604538,0.000000,-0.741183,5.546423,-1.099078,-74.056366,610.056580_-201.084869i,475.114685_-432.284851i,0,1,0,0.00
1386882851,1,0,0,2,-6.604205,0.000000,-0.740850,5.546423,-1.099078,-74.083328,610.056580_-201.084869i,475.114685_-432.284851i,0,1,0,0.00
1386882851,1,0,0,2,-6.604528,0.000000,-0.741174,5.546423,-1.099078,-74.057137,610.056580_-201.084869i,475.114685_-432.284851i,0,1,0,0.00
1386882852,1,0,0,2,-6.604854,0.000000,-0.741500,5.546423,-1.099078,-74.030807,610.056580_-201.084869i,475.114685_-432.284851i,0,1,0,0.00
1386882852,1,0,0,2,-6.604519,0.000000,-0.741164,5.546423,-1.099078,-74.057915,610.056580_-201.084869i,475.114685_-432.284851i,0,1,0,0.00
1386882852,1,0,0,2,-6.604182,0.000000,-0.740827,5.546423,-1.099078,-74.085236,610.056580_-201.084869i,475.114685_-432.284851i,0,1,0,0.00
1386882852,1,0,0,2,-6.604509,0.000000,-0.741155,5.546423,-1.099078,-74.058701,610.056580_-201.084869i,475.114685_-432.284851i,0,1,0,0.00
1386882853,1,0,0,2,-6.604839,0.000000,-0.741484,5.546423,-1.099078,-74.032021,610.056580_-201.084869i,475.114685_-432.284851i,0,1,0,0.00
1386882853,1,0,0,2,-6.605171,0.000000,-0.741816,5.546423,-1.099078,-74.005203,610.056580_-201.084869i,475.114685_-432.284851i,0,1,0,0.00
1386882853,1,0,0,2,-6.604864,0.000000,-0.741509,5.546423,-1.099078,-74.030022,610.056580_-201.084869i,475.114685_-432.284851i,0,1,0,0.00
1386882853,1,0,0,2,-6.604522,0.000000,-0.741167,5.546423,-1.099078,-74.057678,610.056580_-201.084869i,475.114685_-432.284851i,0,1,0,0.00
1386882854,1,0,0,2,-6.604856,0.000000,-0.741502,5.546423,-1.099078,-74.030632,610.056580_-201.084869i,475.114685_-432.284851i,0,1,0,0.00
1386882854,1,0,0,2,-6.605193,0.000000,-0.741838,5.546423,-1.099078,-74.003441,610.056580_-201.084869i,475.114685_-432.284851i,0,1,0,0.00
1386882854,1,0,0,2,-6.604849,0.000000,-0.741494,5.546423,-1.099078,-74.031250,610.056580_-201.084869i,475.114685_-432.284851i,0,1,0,0.00
1386882854,1,0,0,2,-6.604502,0.000000,-0.741147,5.546423,-1.099078,-74.059288,610.056580_-201.084869i,475.114685_-432.284851i,0,1,0,0.00
1386882855,1,0,0,2,-6.604841,0.000000,-0.741486,5.546423,-1.099078,-74.031883,610.056580_-201.084869i,475.114685_-432.284851i,0,1,0,0.00
1386882855,1,0,0,2,-6.605182,0.000000,-0.741827,5.546423,-1.099078,-74.004318,610.056580_-201.084869i,475.114685_-432.284851i,0,1,0,0.00
1386882855,1,0,0,2,-6.605525,0.000000,-0.742171,5.546423,-1.099078,-73.976593,610.056580_-201.084869i,475.114685_-432.284851i,0,1,0,0.00
1386882855,1,0,0,2,-6.605176,0.000000,-0.741822,5.546423,-1.099078,-74.004761,610.056580_-201.084869i,475.114685_-432.284851i,0,1,0,0.00
1386882856,1,0,0,2,-6.604825,0.000000,-0.741470,5.546423,-1.099078,-74.033165,610.056580_-201.084869i,475.114685_-432.284851i,0,1,0,0.00
1386882856,1,0,0,2,-6.605171,0.000000,-0.741816,5.546423,-1.099078,-74.005219,610.056580_-201.084869i,475.114685_-432.284851i,0,1,0,0.00
1386882856,1,0,0,2,-6.605519,0.000000,-0.742164,5.546423,-1.099078,-73.977112,610.056580_-201.084869i,475.114685_-432.284851i,0,1,0,0.00
1386882856,1,0,0,2,-6.605199,0.000000,-0.741845,5.546423,-1.099078,-74.002930,610.056580_-201.084869i,475.114685_-432.284851i,0,1,0,0.00
1386882857,1,0,0,2,-6.604843,0.000000,-0.741488,5.546423,-1.099078,-74.031731,610.056580_-201.084869i,475.114685_-432.284851i,0,1,0,0.00
1386882857,1,0,0,2,-6.605194,0.000000,-0.741839,5.546423,-1.099078,-74.003380,610.056580_-201.084869i,475.114685_-432.284851i,0,1,0,0.00
1386882857,1,2,2,7353,-3.332627,0.000000,2.530727,5.546423,-1.099078,50.116795,610.056580_-201.084869i,475.114685_-432.284851i,0,1,0,0.00
1386882857,2,2,2,7353,-3.332627,0.000000,2.530727,5.462647,-1.099078,50.116795,610.056580_-201.084869i,475.114685_-432.284851i,0,1,0,0.00
1386882858,2,2,2,7353,-3.332627,0.000000,2.530727,5.402143,-1.099078,50.116795,610.056580_-201.084869i,475.114685_-432.284851i,0,1,0,0.00
1386882858,2,2,2,7353,-3.332627,0.000000,2.530727,5.355600,-1.099078,50.116795,610.056580_-201.084869i,475.114685_-432.284851i,0,1,0,0.00
1386882858,2,2,2,7353,-3.332627,0.000000,2.530727,5.323021,-1.099078,50.116795,610.056580_-201.084869i,475.114685_-432.284851i,0,1,0,0.00
1386882858,2,2,2,7353,-3.332627,0.000000,2.530727,5.299750,-1.099078,50.116795,610.056580_-201.084869i,475.114685_-432.284851i,0,1,0,0.00
1386882859,2,2,2,7353,-3.332627,0.000000,2.530727,5.281133,-1.099078,50.116795,610.056580_-201.084869i,475.114685_-432.284851i,0,1,0,0.00
1386882859,2,2,2,7353,-3.332627,0.000000,2.530727,5.267170,-1.099078,50.116795,610.056580_-201.084869i,475.114685_-432.284851i,0,1,0,0.00
1386882859,2,2,2,7353,-3.332627,0.000000,2.530727,5.257862,-1.099078,50.116795,610.056580_-201.084869i,475.114685_-432.284851i,0,1,0,0.00
1386882859,2,2,2,7353,-3.332627,0.000000,2.530727,5.253208,-1.099078,50.116795,610.056580_-201.084869i,475.114685_-432.284851i,0,1,0,0.00
1386882860,2,2,2,7353,-3.332627,0.000000,2.530727,5.248553,-1.099078,50.116795,610.056580_-201.084869i,475.114685_-432.284851i,0,1,0,0.00
1386882860,2,2,2,7353,-3.332627,0.000000,2.530727,5.243899,-1.099078,50.116795,610.056580_-201.084869i,475.114685_-432.284851i,0,1,0,0.00
1386882860,2,2,2,7353,-3.332627,0.000000,2.530727,5.243899,-1.099078,50.116795,610.056580_-201.084869i,475.114685_-432.284851i,0,1,0,0.00
1386882860,2,2,2,7353,-3.332627,0.000000,2.530727,5.243899,-1.099078,50.116795,610.056580_-201.084869i,475.114685_-432.284851i,0,1,0,0.00
1386882861,2,2,2,7353,-3.332627,0.000000,2.530727,5.243899,-1.099078,50.116795,610.056580_-201.084869i,475.114685_-432.284851i,0,1,0,0.00
1386882861,2,2,2,7353,-3.332627,0.000000,2.530727,5.243899,-1.099078,50.116795,610.056580_-201.084869i,475.114685_-432.284851i,0,1,0,0.00
1386882861,2,2,2,7353,-3.332627,0.000000,2.530727,5.243899,-1.099078,50.116795,610.056580_-201.084869i,475.114685_-432.284851i,0,1,0,0.00
1386882861,2,2,2,7353,-3.332627,0.000000,2.530727,5.243899,-1.099078,50.116795,610.056580_-201.084869i,475.114685_-432.284851i,0,1,0,0.00
1386882862,2,2,2,7353,-3.332627,0.000000,2.530727,5.243899,-1.099078,50.116795,610.056580_-201.084869i,475.114685_-432.284851i,0,1,0,0.00
1386882862,2,2,2,7353,-3.332627,0.000000,2.530727,5.243899,-1.099078,50.116795,610.056580_-201.084869i,475.114685_-432.284851i,0,1,0,0.00
1386882862,2,2,2,7353,-3.332627,0.000000,2.530727,5.243899,-1.099078,50.116795,610.056580_-201.084869i,475.114685_-432.284851i,0,1,0,0.00
1386882862,2,2,2,7353,-3.332627,0.000000,2.530727,5.243899,-1.099078,50.116795,610.056580_-201.084869i,475.114685_-432.284851i,0,1,0,0.00
1386882863,2,2,2,7353,-3.332627,0.000000,2.530727,5.243899,-1.099078,50.116795,610.056580_-201.084869i,475.114685_-432.284851i,0,1,0,0.00
1386882863,2,2,2,7353,-3.332627,0.000000,2.530727,5.243899,-1.099078,50.116795,610.056580_-201.084869i,475.114685_-432.284851i,0,1,0,0.00
1386882863,2,2,2,7353,-3.332627,0.000000,2.530727,5.081002,-1.099078,50.116795,610.056580_-201.084869i,475.114685_-432.284851i,0,1,0,0.00
1386882863,2,2,2,7353,-3.332627,0.000000,2.530727,4.918104,-1.099078,50.116795,610.056580_-201.084869i,475.114685_-432.284851i,0,1,0,0.00
1386882864,2,2,2,7353,-3.332627,0.000000,2.530727,4.755207,-1.099078,50.116795,610.056580_-201.084869i,475.114685_-432.284851i,0,1,0,0.00
1386882864,2,2,2,7353,-3.332627,0.000000,2.530727,4.606272,-1.099078,50.116795,610.056580_-201.084869i,475.114685_-432.284851i,0,1,0,0.00
1386882864,2,2,2,7353,-3.332627,0.000000,2.530727,4.494571,-1.099078,50.116795,610.056580_-201.084869i,475.114685_-432.284851i,0,1,0,0.00
1386882864,2,2,2,7353,-3.332627,0.000000,2.530727,4.410795,-1.099078,50.116795,610.056580_-201.084869i,475.114685_-432.284851i,0,1,0,0.00
1386882865,2,2,2,7353,-3.332627,0.000000,2.530727,4.350291,-1.099078,50.116795,610.056580_-201.084869i,475.114685_-432.284851i,0,1,0,0.00
1386882865,2,2,2,7353,-3.332627,0.000000,2.530727,4.308403,-1.099078,50.116795,610.056580_-201.084869i,475.114685_-432.284851i,0,1,0,0.00
1386882865,2,2,2,7353,-3.332627,0.000000,2.530727,4.275824,-1.099078,50.116795,610.056580_-201.084869i,475.114685_-432.284851i,0,1,0,0.00
1386882865,2,2,2,7353,-3.332627,0.000000,2.530727,4.252553,-1.099078,50.116795,610.056580_-201.084869i,475.114685_-432.284851i,0,1,0,0.00
1386882866,2,2,2,7353,-3.332627,0.000000,2.530727,4.233935,-1.099078,50.116795,610.056580_-201.084869i,475.114685_-432.284851i,0,1,0,0.00
1386882866,2,2,2,7353,-3.332627,0.000000,2.530727,4.219973,-1.099078,50.116795,610.056580_-201.084869i,475.114685_-432.284851i,0,1,0,0.00
1386882866,2,2,2,7353,-3.332627,0.000000,2.530727,4.210664,-1.099078,50.116795,610.056580_-201.084869i,475.114685_-432.284851i,0,1,0,0.00
1386882866,2,2,2,7353,-3.332627,0.000000,2.530727,4.206010,-1.099078,50.116795,610.056580_-201.084869i,475.114685_-432.284851i,0,1,0,0.00
1386882867,2,2,2,7353,-3.332627,0.000000,2.530727,4.201356,-1.099078,50.116795,610.056580_-201.084869i,475.114685_-432.284851i,0,1,0,0.00
1386882867,2,2,2,7353,-3.332627,0.000000,2.530727,4.196702,-1.099078,50.116795,610.056580_-201.084869i,475.114685_-432.284851i,0,1,0,0.00
1386882867,2,2,2,7353,-3.332627,0.000000,2.530727,4.196702,-1.099078,50.116795,610.056580_-201.084869i,475.114685_-432.284851i,0,1,0,0.00
1386882867,2,2,2,7353,-3.332627,0.000000,2.530727,4.196702,-1.099078,50.116795,610.056580_-201.084869i,475.114685_-432.284851i,0,1,0,0.00
1386882868,2,2,2,7353,-3.332627,0.000000,2.530727,4.196702,-1.099078,50.116795,610.056580_-201.084869i,475.114685_-432.284851i,0,1,0,0.00
1386882868,2,2,0,7353,-3.332627,0.000000,2.530727,4.196702,-1.099078,50.116795,610.056580_-201.084869i,475.114685_-432.284851i,0,1,0,0.00
1386882868,1,1,1,7353,-5.252490,0.000000,0.610865,4.033804,-1.099078,50.135826,610.056580_-201.084869i,475.114685_-432.284851i,0,1,0,0.00
1386882868,1,1,1,7353,-5.252490,0.000000,0.610865,4.075692,-1.099078,50.135826,610.056580_-201.084869i,475.114685_-432.284851i,0,1,0,0.00
1386882869,1,1,1,7353,-5.252490,0.000000,0.610865,4.103618,-1.099078,50.135826,610.056580_-201.084869i,475.114685_-432.284851i,0,1,0,0.00
1386882869,1,1,1,7353,-5.252490,0.000000,0.610865,4.126889,-1.099078,50.135826,610.056580_-201.084869i,475.114685_-432.284851i,0,1,0,0.00
1386882869,1,1,1,7353,-5.252490,0.000000,0.610865,4.145505,-1.099078,50.135826,610.056580_-201.084869i,475.114685_-432.284851i,0,1,0,0.00
1386882869,1,1,1,7353,-5.252490,0.000000,0.610865,4.154814,-1.099078,50.135826,610.056580_-201.084869i,475.114685_-432.284851i,0,1,0,0.00
1386882870,1,1,1,7353,-5.252490,0.000000,0.610865,4.164123,-1.099078,50.135826,610.056580_-201.084869i,475.114685_-432.284851i,0,1,0,0.00
1386882870,1,1,1,7353,-5.252490,0.000000,0.610865,4.168777,-1.099078,50.135826,610.056580_-201.084869i,475.114685_-432.284851i,0,1,0,0.00
1386882870,1,1,1,7353,-5.252490,0.000000,0.610865,4.173431,-1.099078,50.135826,610.056580_-201.084869i,475.114685_-432.284851i,0,1,0,0.00
1386882870,1,1,1,7353,-5.252490,0.000000,0.610865,4.178085,-1.099078,50.135826,610.056580_-201.084869i,475.114685_-432.284851i,0,1,0,0.00
1386882871,1,1,1,7353,-5.252490,0.000000,0.610865,4.182739,-1.099078,50.135826,610.056580_-201.084869i,475.114685_-432.284851i,0,1,0,0.00
1386882871,1,1,1,7353,-5.252490,0.000000,0.610865,4.182739,-1.099078,50.135826,610.056580_-201.084869i,475.114685_-432.284851i,0,1,0,0.00
1386882871,1,1,1,7353,-5.252490,0.000000,0.610865,4.182739,-1.099078,50.135826,610.056580_-201.084869i,475.114685_-432.284851i,0,1,0,0.00
1386882871,1,1,1,7353,-5.252490,0.000000,0.610865,4.182739,-1.099078,50.135826,610.056580_-201.084869i,475.114685_-432.284851i,0,1,0,0.00
1386882872,1,1,1,7353,-5.252490,0.000000,0.610865,4.182739,-1.099078,50.135826,610.056580_-201.084869i,475.114685_-432.284851i,0,1,0,0.00
1386882872,1,1,1,7353,-5.252490,0.000000,0.610865,4.182739,-1.099078,50.135826,610.056580_-201.084869i,475.114685_-432.284851i,0,1,0,0.00
1386882872,1,1,1,7353,-5.252490,0.000000,0.610865,4.182739,-1.099078,50.135826,610.056580_-201.084869i,475.114685_-432.284851i,0,1,0,0.00
1386882872,1,1,1,7353,-5.252490,0.000000,0.610865,4.182739,-1.099078,50.135826,610.056580_-201.084869i,475.114685_-432.284851i,0,1,0,0.00
1386882873,1,1,1,7353,-5.252490,0.000000,0.610865,4.345636,-1.099078,50.135826,610.056580_-201.084869i,475.114685_-432.284851i,0,1,0,0.00
1386882873,1,1,1,7353,-5.252490,0.000000,0.610865,4.508534,-1.099078,50.135826,610.056580_-201.084869i,475.114685_-432.284851i,0,1,0,0.00
1386882873,1,1,1,7353,-5.252490,0.000000,0.610865,4.671431,-1.099078,50.135826,610.056580_-201.084869i,475.114685_-432.284851i,0,1,0,0.00
1386882873,1,1,1,7353,-5.252490,0.000000,0.610865,4.820366,-1.099078,50.135826,610.056580_-201.084869i,475.114685_-432.284851i,0,1,0,0.00
1386882874,1,1,1,7353,-5.252490,0.000000,0.610865,4.932067,-1.099078,50.135826,610.056580_-201.084869i,475.114685_-432.284851i,0,1,0,0.00
1386882874,1,1,1,7353,-5.252490,0.000000,0.610865,5.011189,-1.099078,50.135826,610.056580_-201.084869i,475.114685_-432.284851i,0,1,0,0.00
1386882874,1,1,1,7353,-5.252490,0.000000,0.610865,5.071693,-1.099078,50.135826,610.056580_-201.084869i,475.114685_-432.284851i,0,1,0,0.00
1386882875,1,1,1,7353,-5.252490,0.000000,0.610865,5.113581,-1.099078,50.135826,610.056580_-201.084869i,475.114685_-432.284851i,0,1,0,0.00
1386882875,1,1,1,7353,-5.252490,0.000000,0.610865,5.146161,-1.099078,50.135826,610.056580_-201.084869i,475.114685_-432.284851i,0,1,0,0.00
1386882875,1,1,1,7353,-5.252490,0.000000,0.610865,5.169432,-1.099078,50.135826,610.056580_-201.084869i,475.114685_-432.284851i,0,1,0,0.00
1386882875,1,1,1,7353,-5.252490,0.000000,0.610865,5.188048,-1.099078,50.135826,610.056580_-201.084869i,475.114685_-432.284851i,0,1,0,0.00
1386882876,1,1,1,7353,-5.252490,0.000000,0.610865,5.202011,-1.099078,50.135826,610.056580_-201.084869i,475.114685_-432.284851i,0,1,0,0.00
1386882876,1,1,1,7353,-5.252490,0.000000,0.610865,5.211319,-1.099078,50.135826,610.056580_-201.084869i,475.114685_-432.284851i,0,1,0,0.00
1386882876,1,1,1,7353,-5.252490,0.000000,0.610865,5.215974,-1.099078,50.135826,610.056580_-201.084869i,475.114685_-432.284851i,0,1,0,0.00
1386882876,1,1,1,7353,-5.252490,0.000000,0.610865,5.220628,-1.099078,50.135826,610.056580_-201.084869i,475.114685_-432.284851i,0,1,0,0.00
1386882877,1,1,1,7353,-5.252490,0.000000,0.610865,5.225282,-1.099078,50.135826,610.056580_-201.084869i,475.114685_-432.284851i,0,1,0,0.00
1386882877,1,1,1,7353,-5.252490,0.000000,0.610865,5.229937,-1.099078,50.135826,610.056580_-201.084869i,475.114685_-432.284851i,0,1,0,0.00
1386882877,1,1,1,7353,-5.252490,0.000000,0.610865,5.229937,-1.099078,50.135826,610.056580_-201.084869i,475.114685_-432.284851i,0,1,0,0.00
1386882877,1,1,1,7353,-5.252490,0.000000,0.610865,5.229937,-1.099078,50.135826,610.056580_-201.084869i,475.114685_-432.284851i,0,1,0,0.00
1386882878,1,1,0,7353,-5.252490,0.000000,0.610865,5.229937,-1.099078,50.135826,610.056580_-201.084869i,475.114685_-432.284851i,0,1,0,0.00
1386882878,0,0,0,6,-5.252490,0.000000,0.610865,5.392834,-1.099078,50.102932,610.056580_-201.084869i,475.114685_-432.284851i,0,1,0,0.00
1386882878,0,0,0,6,-5.252490,0.000000,0.610865,5.555732,-1.099078,50.107925,610.056580_-201.084869i,475.114685_-432.284851i,0,1,0,0.00
1386882878,0,0,0,6,-5.252490,0.000000,0.610865,5.718629,-1.099078,50.113209,610.056580_-201.084869i,475.114685_-432.284851i,0,1,0,0.00
1386882879,0,0,0,6,-5.252490,0.000000,0.610865,5.881526,-1.099078,50.119511,610.056580_-201.084869i,475.114685_-432.284851i,0,1,0,0.00
1386882879,0,0,0,6,-5.252490,0.000000,0.610865,6.044424,-1.099078,50.126507,610.056580_-201.084869i,475.114685_-432.284851i,0,1,0,0.00
1386882879,0,0,0,6,-5.252490,0.000000,0.610865,6.207322,-1.099078,50.134041,610.056580_-201.084869i,475.114685_-432.284851i,0,1,0,0.00
1386882879,0,0,0,6,-5.252490,0.000000,0.610865,6.370219,-1.099078,50.142368,610.056580_-201.084869i,475.114685_-432.284851i,0,1,0,0.00
1386882880,0,0,0,6,-5.252490,0.000000,0.610865,6.509845,-1.099078,50.150303,610.056580_-201.084869i,475.114685_-432.284851i,0,1,0,0.00
1386882880,0,0,0,6,-5.252490,0.000000,0.610865,6.612238,-1.099078,50.158855,610.056580_-201.084869i,475.114685_-432.284851i,0,1,0,0.00
1386882880,0,0,0,6,-5.252490,0.000000,0.610865,6.686705,-1.099078,50.166344,610.056580_-201.084869i,475.114685_-432.284851i,0,1,0,0.00
1386882880,0,0,0,6,-5.252490,0.000000,0.610865,6.742556,-1.099078,50.174431,610.056580_-201.084869i,475.114685_-432.284851i,0,1,0,0.00
1386882881,0,0,0,6,-5.252490,0.000000,0.610865,6.784443,-1.099078,50.182732,610.056580_-201.084869i,475.114685_-432.284851i,0,1,0,0.00
1386882881,0,0,0,6,-5.252490,0.000000,0.610865,6.812369,-1.099078,50.190304,610.056580_-201.084869i,475.114685_-432.284851i,0,1,0,0.00
1386882881,0,0,0,6,-5.252490,0.000000,0.610865,6.835640,-1.099078,50.198502,610.056580_-201.084869i,475.114685_-432.284851i,0,1,0,0.00
1386882881,0,0,0,6,-5.252490,0.000000,0.610865,6.849603,-1.099078,50.206890,610.056580_-201.084869i,475.114685_-432.284851i,0,1,0,0.00
1386882882,0,0,0,6,-5.252490,0.000000,0.610865,6.863565,-1.099078,50.215214,610.056580_-201.084869i,475.114685_-432.284851i,0,1,0,0.00
1386882882,0,0,0,6,-5.252490,0.000000,0.610865,6.872874,-1.099078,50.223984,610.056580_-201.084869i,475.114685_-432.284851i,0,1,0,0.00
1386882882,0,0,0,6,-5.252490,0.000000,0.610865,6.877528,-1.099078,50.231625,610.056580_-201.084869i,475.114685_-432.284851i,0,1,0,0.00
1386882882,0,0,0,6,-5.252490,0.000000,0.610865,6.882182,-1.099078,50.240482,610.056580_-201.084869i,475.114685_-432.284851i,0,1,0,0.00
1386882883,0,0,0,6,-5.252490,0.000000,0.610865,6.886836,-1.099078,50.249523,610.056580_-201.084869i,475.114685_-432.284851i,0,1,0,0.00
1386882883,0,0,0,6,-5.252490,0.000000,0.610865,6.886836,-1.099078,50.258751,610.056580_-201.084869i,475.114685_-432.284851i,0,1,0,0.00
1386882883,0,0,0,6,-5.252490,0.000000,0.610865,6.886836,-1.099078,50.268169,610.056580_-201.084869i,475.114685_-432.284851i,0,1,0,0.00
1386882883,0,0,0,6,-5.252490,0.000000,0.610865,6.886836,-1.099078,50.276604,610.056580_-201.084869i,475.114685_-432.284851i,0,1,0,0.00
1386882884,0,0,0,6,-5.252490,0.000000,0.610865,6.886836,-1.099078,50.286377,610.056580_-201.084869i,475.114685_-432.284851i,0,1,0,0.00
1386882884,0,0,0,6,-5.252490,0.000000,0.610865,6.886836,-1.099078,50.296341,610.056580_-201.084869i,475.114685_-432.284851i,0,1,0,0.00
1386882884,0,0,0,6,-5.252490,0.000000,0.610865,6.886836,-1.099078,50.306499,610.056580_-201.084869i,475.114685_-432.284851i,0,1,0,0.00
1386882884,0,0,0,6,-5.252490,0.000000,0.610865,6.886836,-1.099078,50.316853,610.056580_-201.084869i,475.114685_-432.284851i,0,1,0,0.00
1386882885,0,0,0,6,-5.252490,0.000000,0.610865,6.886836,-1.099078,50.328705,610.056580_-201.084869i,475.114685_-432.284851i,0,1,0,0.00
1386882885,0,0,0,6,-5.252490,0.000000,0.610865,6.886836,-1.099078,50.339478,610.056580_-201.084869i,475.114685_-432.284851i,0,1,0,0.00
1386882885,0,0,0,6,-5.252490,0.000000,0.610865,6.886836,-1.099078,50.350445,610.056580_-201.084869i,475.114685_-432.284851i,0,1,0,0.00
1386882885,0,0,0,6,-5.252490,0.000000,0.610865,6.886836,-1.099078,50.363007,610.056580_-201.084869i,475.114685_-432.284851i,0,1,0,0.00
1386882886,0,0,0,6,-5.252490,0.000000,0.610865,6.886836,-1.099078,50.374405,610.056580_-201.084869i,475.114685_-432.284851i,0,1,0,0.00
1386882886,0,0,0,6,-5.252490,0.000000,0.610865,6.886836,-1.099078,50.386005,610.056580_-201.084869i,475.114685_-432.284851i,0,1,0,0.00
1386882886,0,0,0,6,-5.252490,0.000000,0.610865,6.886836,-1.099078,50.399284,610.056580_-201.084869i,475.114685_-432.284851i,0,1,0,0.00
1386882886,0,0,0,6,-5.252490,0.000000,0.610865,6.886836,-1.099078,50.411320,610.056580_-201.084869i,475.114685_-432.284851i,0,1,0,0.00
1386882887,0,0,0,6,-5.252490,0.000000,0.610865,6.886836,-1.099078,50.423565,610.056580_-201.084869i,475.114685_-432.284851i,0,1,0,0.00
1386882887,0,0,0,6,-5.252490,0.000000,0.610865,6.886836,-1.099078,50.437584,610.056580_-201.084869i,475.114685_-432.284851i,0,1,0,0.00
1386882887,0,0,0,6,-5.252490,0.000000,0.610865,6.886836,-1.099078,50.450272,610.056580_-201.084869i,475.114685_-432.284851i,0,1,0,0.00
1386882887,0,0,0,6,-5.252490,0.000000,0.610865,6.886836,-1.099078,50.463165,610.056580_-201.084869i,475.114685_-432.284851i,0,1,0,0.00
1386882888,0,0,0,6,-5.252490,0.000000,0.610865,6.886836,-1.099078,50.474613,610.056580_-201.084869i,475.114685_-432.284851i,0,1,0,0.00
1386882888,0,0,0,6,-5.252490,0.000000,0.610865,6.886836,-1.099078,50.487904,610.056580_-201.084869i,475.114685_-432.284851i,0,1,0,0.00
1386882888,0,0,0,6,-5.252490,0.000000,0.610865,6.886836,-1.099078,50.501408,610.056580_-201.084869i,475.114685_-432.284851i,0,1,0,0.00
1386882888,0,0,0,6,-5.252490,0.000000,0.610865,6.886836,-1.099078,50.515125,610.056580_-201.084869i,475.114685_-432.284851i,0,1,0,0.00
1386882889,0,0,0,6,-5.252490,0.000000,0.610865,6.886836,-1.099078,50.529060,610.056580_-201.084869i,475.114685_-432.284851i,0,1,0,0.00
1386882889,0,0,0,6,-5.252490,0.000000,0.610865,6.886836,-1.099078,50.545029,610.056580_-201.084869i,475.114685_-432.284851i,0,1,0,0.00
1386882889,0,0,0,6,-5.252490,0.000000,0.610865,6.886836,-1.099078,50.559429,610.056580_-201.084869i,475.114685_-432.284851i,0,1,0,0.00
1386882889,0,0,0,6,-5.252490,0.000000,0.610865,6.886836,-1.099078,50.574478,610.056580_-201.084869i,475.114685_-432.284851i,0,1,0,0.00
1386882890,0,0,0,6,-5.252490,0.000000,0.610865,6.886836,-1.099078,50.591244,610.056580_-201.084869i,475.114685_-432.284851i,0,1,0,0.00
1386882890,0,0,0,6,-5.252490,0.000000,0.610865,6.886836,-1.099078,50.606350,610.056580_-201.084869i,475.114685_-432.284851i,0,1,0,0.00
1386882890,0,0,0,6,-5.252490,0.000000,0.610865,6.886836,-1.099078,50.621681,610.056580_-201.084869i,475.114685_-432.284851i,0,1,0,0.00
1386882890,0,0,0,6,-5.252490,0.000000,0.610865,6.886836,-1.099078,50.639259,610.056580_-201.084869i,475.114685_-432.284851i,0,1,0,0.00
1386882891,0,0,0,6,-5.252490,0.000000,0.610865,6.886836,-1.099078,50.655075,610.056580_-201.084869i,475.114685_-432.284851i,0,1,0,0.00
1386882891,0,0,0,6,-5.252490,0.000000,0.610865,6.886836,-1.099078,50.671120,610.056580_-201.084869i,475.114685_-432.284851i,0,1,0,0.00
1386882891,0,0,0,6,-5.252490,0.000000,0.610865,6.886836,-1.099078,50.685276,610.056580_-201.084869i,475.114685_-432.284851i,0,1,0,0.00
1386882891,0,0,0,6,-5.252490,0.000000,0.610865,6.886836,-1.099078,50.701748,610.056580_-201.084869i,475.114685_-432.284851i,0,1,0,0.00
1386882892,0,0,0,6,-5.252490,0.000000,0.610865,6.886836,-1.099078,50.718456,610.056580_-201.084869i,475.114685_-432.284851i,0,1,0,0.00
1386882892,0,0,0,6,-5.252490,0.000000,0.610865,6.886836,-1.099078,50.735397,610.056580_-201.084869i,475.114685_-432.284851i,0,1,0,0.00
1386882892,0,0,0,6,-5.252490,0.000000,0.610865,6.886836,-1.099078,50.752571,610.056580_-201.084869i,475.114685_-432.284851i,0,1,0,0.00
1386882892,0,0,0,6,-5.252490,0.000000,0.610865,6.886836,-1.099078,50.772282,610.056580_-201.084869i,475.114685_-432.284851i,0,1,0,0.00
1386882893,0,0,0,6,-5.252490,0.000000,0.610865,6.886836,-1.099078,50.789970,610.056580_-201.084869i,475.114685_-432.284851i,0,1,0,0.00
1386882893,0,0,0,6,-5.252490,0.000000,0.610865,6.886836,-1.099078,50.807896,610.056580_-201.084869i,475.114685_-432.284851i,0,1,0,0.00
1386882893,0,0,0,6,-5.252490,0.000000,0.610865,6.886836,-1.099078,50.828480,610.056580_-201.084869i,475.114685_-432.284851i,0,1,0,0.00
1386882893,0,0,0,6,-5.252490,0.000000,0.610865,6.886836,-1.099078,50.846928,610.056580_-201.084869i,475.114685_-432.284851i,0,1,0,0.00
1386882894,0,0,0,6,-5.252490,0.000000,0.610865,6.886836,-1.099078,50.865620,610.056580_-201.084869i,475.114685_-432.284851i,0,1,0,0.00
1386882894,0,0,0,6,-5.252490,0.000000,0.610865,6.886836,-1.099078,50.887089,610.056580_-201.084869i,475.114685_-432.284851i,0,1,0,0.00
1386882894,0,0,0,6,-5.252490,0.000000,0.610865,6.886836,-1.099078,50.906315,610.056580_-201.084869i,475.114685_-432.284851i,0,1,0,0.00
1386882894,0,0,0,6,-5.252490,0.000000,0.610865,6.886836,-1.099078,50.925789,610.056580_-201.084869i,475.114685_-432.284851i,0,1,0,0.00
1386882895,0,0,0,6,-5.252490,0.000000,0.610865,6.886836,-1.099078,50.942867,610.056580_-201.084869i,475.114685_-432.284851i,0,1,0,0.00
1386882895,0,0,0,6,-5.252490,0.000000,0.610865,6.886836,-1.099078,50.962807,610.056580_-201.084869i,475.114685_-432.284851i,0,1,0,0.00
1386882895,0,0,0,6,-5.252490,0.000000,0.610865,6.886836,-1.099078,50.982998,610.056580_-201.084869i,475.114685_-432.284851i,0,1,0,0.00
1386882895,0,0,0,6,-5.252490,0.000000,0.610865,6.886836,-1.099078,51.003441,610.056580_-201.084869i,475.114685_-432.284851i,0,1,0,0.00
1386882896,0,0,0,6,-5.252490,0.000000,0.610865,6.886836,-1.099078,51.024143,610.056580_-201.084869i,475.114685_-432.284851i,0,1,0,0.00
1386882896,0,0,0,6,-5.252490,0.000000,0.610865,6.886836,-1.099078,51.047951,610.056580_-201.084869i,475.114685_-432.284851i,0,1,0,0.00
1386882896,0,0,0,6,-5.252490,0.000000,0.610865,6.886836,-1.099078,51.069210,610.056580_-201.084869i,475.114685_-432.284851i,0,1,0,0.00
1386882896,0,0,0,6,-5.252490,0.000000,0.610865,6.886836,-1.099078,51.090729,610.056580_-201.084869i,475.114685_-432.284851i,0,1,0,0.00
1386882897,0,0,0,6,-5.252490,0.000000,0.610865,6.886836,-1.099078,51.116077,610.056580_-201.084869i,475.114685_-432.284851i,0,1,0,0.00
1386882897,0,0,0,6,-5.252490,0.000000,0.610865,6.886836,-1.099078,51.138172,610.056580_-201.084869i,475.114685_-432.284851i,0,1,0,0.00
1386882897,0,0,0,6,-5.252490,0.000000,0.610865,6.886836,-1.099078,51.160534,610.056580_-201.084869i,475.114685_-432.284851i,0,1,0,0.00
1386882897,0,0,0,6,-5.252490,0.000000,0.610865,6.886836,-1.099078,51.186268,610.056580_-201.084869i,475.114685_-432.284851i,0,1,0,0.00
1386882898,0,0,0,6,-5.252490,0.000000,0.610865,6.886836,-1.099078,51.209209,610.056580_-201.084869i,475.114685_-432.284851i,0,1,0,0.00
1386882898,0,0,0,6,-5.252490,0.000000,0.610865,6.886836,-1.099078,51.232422,610.056580_-201.084869i,475.114685_-432.284851i,0,1,0,0.00
1386882898,0,0,0,6,-5.252490,0.000000,0.610865,6.886836,-1.099078,51.252670,610.056580_-201.084869i,475.114685_-432.284851i,0,1,0,0.00
1386882898,0,0,0,6,-5.252490,0.000000,0.610865,6.886836,-1.099078,51.276382,610.056580_-201.084869i,475.114685_-432.284851i,0,1,0,0.00
1386882899,0,0,0,6,-5.252490,0.000000,0.610865,6.886836,-1.099078,51.300373,610.056580_-201.084869i,475.114685_-432.284851i,0,1,0,0.00
1386882899,0,0,0,6,-5.252490,0.000000,0.610865,6.886836,-1.099078,51.324638,610.056580_-201.084869i,475.114685_-432.284851i,0,1,0,0.00
1386882899,0,0,0,6,-5.252490,0.000000,0.610865,6.886836,-1.099078,51.349186,610.056580_-201.084869i,475.114685_-432.284851i,0,1,0,0.00
1386882899,0,0,0,6,-5.252490,0.000000,0.610865,6.886836,-1.099078,51.377472,610.056580_-201.084869i,475.114685_-432.284851i,0,1,0,0.00
1386882900,0,0,0,6,-5.252490,0.000000,0.610865,6.886836,-1.099078,51.402622,610.056580_-201.084869i,475.114685_-432.284851i,0,1,0,0.00
1386882900,0,0,0,6,-5.252490,0.000000,0.610865,6.886836,-1.099078,51.428059,610.056580_-201.084869i,475.114685_-432.284851i,0,1,0,0.00
1386882900,0,0,0,6,-5.252490,0.000000,0.610865,6.886836,-1.099078,51.457386,610.056580_-201.084869i,475.114685_-432.284851i,0,1,0,0.00
1386882900,0,0,0,6,-5.252490,0.000000,0.610865,6.886836,-1.099078,51.483440,610.056580_-201.084869i,475.114685_-432.284851i,0,1,0,0.00
1386882901,0,0,0,6,-5.252490,0.000000,0.610865,6.886836,-1.099078,51.509785,610.056580_-201.084869i,475.114685_-432.284851i,0,1,0,0.00
1386882901,0,0,0,6,-5.252490,0.000000,0.610865,6.886836,-1.099078,51.540173,610.056580_-201.084869i,475.114685_-432.284851i,0,1,0,0.00
1386882901,0,0,0,6,-5.252490,0.000000,0.610865,6.886836,-1.099078,51.567150,610.056580_-201.084869i,475.114685_-432.284851i,0,1,0,0.00
1386882901,0,0,0,6,-5.252490,0.000000,0.610865,6.886836,-1.099078,51.594418,610.056580_-201.084869i,475.114685_-432.284851i,0,1,0,0.00
1386882902,0,0,0,6,-5.252490,0.000000,0.610865,6.886836,-1.099078,51.618084,610.056580_-201.084869i,475.114685_-432.284851i,0,1,0,0.00
1386882902,0,0,0,6,-5.252490,0.000000,0.610865,6.886836,-1.099078,51.645897,610.056580_-201.084869i,475.114685_-432.284851i,0,1,0,0.00
1386882902,0,0,0,6,-5.252490,0.000000,0.610865,6.886836,-1.099078,51.674007,610.056580_-201.084869i,475.114685_-432.284851i,0,1,0,0.00
1386882902,0,0,0,0,-5.252490,0.000000,0.610865,6.886836,-1.099078,51.674007,610.056580_-201.084869i,475.114685_-432.284851i,0,1,0,0.00
1386882903,0,0,0,0,-5.252490,0.000000,0.610865,6.886836,-1.099078,51.674007,610.056580_-201.084869i,475.114685_-432.284851i,0,1,0,0.00
1386882903,0,0,0,0,-5.252490,0.000000,0.610865,6.886836,-1.099078,51.674007,610.056580_-201.084869i,475.114685_-432.284851i,0,1,0,0.00
1386882903,0,0,0,0,-5.252490,0.000000,0.610865,6.886836,-1.099078,51.674007,610.056580_-201.084869i,475.114685_-432.284851i,0,1,0,0.00
1386882903,0,0,0,0,-5.252490,0.000000,0.610865,6.886836,-1.099078,51.674007,610.056580_-201.084869i,475.114685_-432.284851i,0,1,0,0.00
1386882904,0,0,0,0,-5.252490,0.000000,0.610865,6.886836,-1.099078,51.674007,610.056580_-201.084869i,475.114685_-432.284851i,0,1,0,0.00
1386882904,0,0,0,0,-5.252490,0.000000,0.610865,6.886836,-1.099078,51.674007,610.056580_-201.084869i,475.114685_-432.284851i,0,1,0,0.00
1386882904,0,0,0,0,-5.252490,0.000000,0.610865,6.886836,-1.099078,51.674007,610.056580_-201.084869i,475.114685_-432.284851i,0,1,0,0.00
1386882904,0,0,0,0,-5.252490,0.000000,0.610865,6.886836,-1.099078,51.674007,610.056580_-201.084869i,475.114685_-432.284851i,0,1,0,0.00
1386882905,0,0,0,0,-5.252490,0.000000,0.610865,6.886836,-1.099078,51.674007,610.056580_-201.084869i,475.114685_-432.284851i,0,1,0,0.00
1386882905,0,0,0,0,-5.252490,0.000000,0.610865,6.886836,-1.099078,51.674007,610.056580_-201.084869i,475.114685_-432.284851i,0,1,0,0.00
1386882905,0,0,0,0,-5.252490,0.000000,0.610865,6.886836,-1.099078,51.674007,610.056580_-201.084869i,475.114685_-432.284851i,0,1,0,0.00
1386882905,0,0,0,0,-5.252490,0.000000,0.610865,6.886836,-1.099078,51.674007,610.056580_-201.084869i,475.114685_-432.284851i,0,1,0,0.00
1386882906,0,0,0,0,-5.252490,0.000000,0.610865,6.886836,-1.099078,51.674007,610.056580_-201.084869i,475.114685_-432.284851i,0,1,0,0.00
1386882906,0,0,0,0,-5.252490,0.000000,0.610865,6.886836,-1.099078,51.674007,610.056580_-201.084869i,475.114685_-432.284851i,0,1,0,0.00
1386882906,0,0,0,6,-5.252490,0.000000,0.610865,6.886836,-0.263166,51.702419,-557.685669_693.658325i,-226.515976_860.735535i,0,1,0,0.00
1386882906,0,0,0,6,-5.252490,0.000000,0.610865,6.886836,-0.263166,51.731136,-557.685669_693.658325i,-226.515976_860.735535i,0,1,0,0.00
1386882907,0,0,0,6,-5.252490,0.000000,0.610865,6.886836,-0.263166,51.764305,-557.685669_693.658325i,-226.515976_860.735535i,0,1,0,0.00
1386882907,0,0,0,6,-5.252490,0.000000,0.610865,6.886836,-0.263166,51.793682,-557.685669_693.658325i,-226.515976_860.735535i,0,1,0,0.00
1386882907,0,0,0,6,-5.252490,0.000000,0.610865,6.886836,-0.263166,51.823364,-557.685669_693.658325i,-226.515976_860.735535i,0,1,0,0.00
1386882907,0,0,0,6,-5.252490,0.000000,0.610865,6.886836,-0.263166,51.857674,-557.685669_693.658325i,-226.515976_860.735535i,0,1,0,0.00
1386882908,0,0,0,6,-5.252490,0.000000,0.610865,6.886836,-0.263166,51.888031,-557.685669_693.658325i,-226.515976_860.735535i,0,1,0,0.00
1386882908,0,0,0,6,-5.252490,0.000000,0.610865,6.886836,-0.263166,51.918697,-557.685669_693.658325i,-226.515976_860.735535i,0,1,0,0.00
1386882908,0,0,0,6,-5.252490,0.000000,0.610865,6.886836,-0.263166,51.954166,-557.685669_693.658325i,-226.515976_860.735535i,0,1,0,0.00
1386882908,0,0,0,6,-5.252490,0.000000,0.610865,6.886836,-0.263166,51.985523,-557.685669_693.658325i,-226.515976_860.735535i,0,1,0,0.00
1386882909,0,0,0,6,-5.252490,0.000000,0.610865,6.886836,-0.263166,52.017197,-557.685669_693.658325i,-226.515976_860.735535i,0,1,0,0.00
1386882909,0,0,0,6,-5.252490,0.000000,0.610865,6.886836,-0.263166,52.053848,-557.685669_693.658325i,-226.515976_860.735535i,0,1,0,0.00
1386882909,0,0,0,6,-5.252490,0.000000,0.610865,6.886836,-0.263166,52.086224,-557.685669_693.658325i,-226.515976_860.735535i,0,1,0,0.00
1386882909,0,0,0,6,-5.252490,0.000000,0.610865,6.886836,-0.263166,52.118919,-557.685669_693.658325i,-226.515976_860.735535i,0,1,0,0.00
1386882910,0,0,0,6,-5.252490,0.000000,0.610865,6.886836,-0.263166,52.147934,-557.685669_693.658325i,-226.515976_860.735535i,0,1,0,0.00
1386882910,0,0,0,6,-5.252490,0.000000,0.610865,6.886836,-0.263166,52.181236,-557.685669_693.658325i,-226.515976_860.735535i,0,1,0,0.00
1386882910,0,0,0,6,-5.252490,0.000000,0.610865,6.886836,-0.263166,52.214867,-557.685669_693.658325i,-226.515976_860.735535i,0,1,0,0.00
1386882911,0,0,0,6,-5.252490,0.000000,0.610865,6.886836,-0.263166,52.248829,-557.685669_693.658325i,-226.515976_860.735535i,0,1,0,0.00
1386882911,0,0,0,6,-5.252490,0.000000,0.610865,6.886836,-0.263166,52.283127,-557.685669_693.658325i,-226.515976_860.735535i,0,1,0,0.00
1386882911,0,0,0,6,-5.252490,0.000000,0.610865,6.886836,-0.263166,52.322872,-557.685669_693.658325i,-226.515976_860.735535i,0,1,0,0.00
1386882911,0,0,0,6,-5.252490,0.000000,0.610865,6.886836,-0.263166,52.357899,-557.685669_693.658325i,-226.515976_860.735535i,0,1,0,0.00
1386882912,0,0,0,6,-5.252490,0.000000,0.610865,6.886836,-0.263166,52.393265,-557.685669_693.658325i,-226.515976_860.735535i,0,1,0,0.00
1386882912,0,0,0,6,-5.252490,0.000000,0.610865,6.886836,-0.263166,52.434273,-557.685669_693.658325i,-226.515976_860.735535i,0,1,0,0.00
1386882912,0,0,0,6,-5.252490,0.000000,0.610865,6.886836,-0.263166,52.470383,-557.685669_693.658325i,-226.515976_860.735535i,0,1,0,0.00
1386882912,0,0,0,6,-5.252490,0.000000,0.610865,6.886836,-0.263166,52.506840,-557.685669_693.658325i,-226.515976_860.735535i,0,1,0,0.00
1386882913,0,0,0,6,-5.252490,0.000000,0.610865,6.886836,-0.263166,52.549141,-557.685669_693.658325i,-226.515976_860.735535i,0,1,0,0.00
1386882913,0,0,0,6,-5.252490,0.000000,0.610865,6.886836,-0.263166,52.586353,-557.685669_693.658325i,-226.515976_860.735535i,0,1,0,0.00
1386882913,1,2,2,7353,-3.332627,0.000000,2.530727,6.886836,-0.263166,52.623920,-557.685669_693.658325i,-226.515976_860.735535i,0,1,0,0.00
1386882913,2,2,2,7353,-3.332627,0.000000,2.530727,6.723939,-0.263166,52.623920,-557.685669_693.658325i,-226.515976_860.735535i,0,1,0,0.00
1386882914,2,2,2,7353,-3.332627,0.000000,2.530727,6.561041,-0.263166,52.623920,-557.685669_693.658325i,-226.515976_860.735535i,0,1,0,0.00
1386882914,2,2,2,7353,-3.332627,0.000000,2.530727,6.398144,-0.263166,52.623920,-557.685669_693.658325i,-226.515976_860.735535i,0,1,0,0.00
1386882914,2,2,2,7353,-3.332627,0.000000,2.530727,6.235247,-0.263166,52.623920,-557.685669_693.658325i,-226.515976_860.735535i,0,1,0,0.00
1386882914,2,2,2,7353,-3.332627,0.000000,2.530727,6.072349,-0.263166,52.623920,-557.685669_693.658325i,-226.515976_860.735535i,0,1,0,0.00
1386882915,2,2,2,7353,-3.332627,0.000000,2.530727,5.909452,-0.263166,52.623920,-557.685669_693.658325i,-226.515976_860.735535i,0,1,0,0.00
1386882915,2,2,2,7353,-3.332627,0.000000,2.530727,5.746554,-0.263166,52.623920,-557.685669_693.658325i,-226.515976_860.735535i,0,1,0,0.00
1386882915,2,2,2,7353,-3.332627,0.000000,2.530727,5.611582,-0.263166,52.623920,-557.685669_693.658325i,-226.515976_860.735535i,0,1,0,0.00
1386882915,2,2,2,7353,-3.332627,0.000000,2.530727,5.509190,-0.263166,52.623920,-557.685669_693.658325i,-226.515976_860.735535i,0,1,0,0.00
1386882916,2,2,2,7353,-3.332627,0.000000,2.530727,5.434722,-0.263166,52.623920,-557.685669_693.658325i,-226.515976_860.735535i,0,1,0,0.00
1386882916,2,2,2,7353,-3.332627,0.000000,2.530727,5.383526,-0.263166,52.623920,-557.685669_693.658325i,-226.515976_860.735535i,0,1,0,0.00
1386882916,2,2,2,7353,-3.332627,0.000000,2.530727,5.346292,-0.263166,52.623920,-557.685669_693.658325i,-226.515976_860.735535i,0,1,0,0.00
1386882916,2,2,2,7353,-3.332627,0.000000,2.530727,5.318367,-0.263166,52.623920,-557.685669_693.658325i,-226.515976_860.735535i,0,1,0,0.00
1386882917,2,2,2,7353,-3.332627,0.000000,2.530727,5.295095,-0.263166,52.623920,-557.685669_693.658325i,-226.515976_860.735535i,0,1,0,0.00
1386882917,2,2,2,7353,-3.332627,0.000000,2.530727,5.281133,-0.263166,52.623920,-557.685669_693.658325i,-226.515976_860.735535i,0,1,0,0.00
1386882917,2,2,2,7353,-3.332627,0.000000,2.530727,5.267170,-0.263166,52.623920,-557.685669_693.658325i,-226.515976_860.735535i,0,1,0,0.00
1386882917,2,2,2,7353,-3.332627,0.000000,2.530727,5.257862,-0.263166,52.623920,-557.685669_693.658325i,-226.515976_860.735535i,0,1,0,0.00
1386882918,2,2,2,7353,-3.332627,0.000000,2.530727,5.253208,-0.263166,52.623920,-557.685669_693.658325i,-226.515976_860.735535i,0,1,0,0.00
1386882918,2,2,2,7353,-3.332627,0.000000,2.530727,5.248553,-0.263166,52.623920,-557.685669_693.658325i,-226.515976_860.735535i,0,1,0,0.00
1386882918,2,2,2,7353,-3.332627,0.000000,2.530727,5.243899,-0.263166,52.623920,-557.685669_693.658325i,-226.515976_860.735535i,0,1,0,0.00
1386882918,2,2,2,7353,-3.332627,0.000000,2.530727,5.243899,-0.263166,52.623920,-557.685669_693.658325i,-226.515976_860.735535i,0,1,0,0.00
1386882919,2,2,2,7353,-3.332627,0.000000,2.530727,5.243899,-0.263166,52.623920,-557.685669_693.658325i,-226.515976_860.735535i,0,1,0,0.00
1386882919,2,2,2,7353,-3.332627,0.000000,2.530727,5.243899,-0.263166,52.623920,-557.685669_693.658325i,-226.515976_860.735535i,0,1,0,0.00
1386882919,2,2,2,7353,-3.332627,0.000000,2.530727,5.243899,-0.263166,52.623920,-557.685669_693.658325i,-226.515976_860.735535i,0,1,0,0.00
1386882919,2,2,2,7353,-3.332627,0.000000,2.530727,5.081002,-0.263166,52.623920,-557.685669_693.658325i,-226.515976_860.735535i,0,1,0,0.00
1386882920,2,2,2,7353,-3.332627,0.000000,2.530727,4.918104,-0.263166,52.623920,-557.685669_693.658325i,-226.515976_860.735535i,0,1,0,0.00
1386882920,2,2,2,7353,-3.332627,0.000000,2.530727,4.755207,-0.263166,52.623920,-557.685669_693.658325i,-226.515976_860.735535i,0,1,0,0.00
1386882920,2,2,2,7353,-3.332627,0.000000,2.530727,4.606272,-0.263166,52.623920,-557.685669_693.658325i,-226.515976_860.735535i,0,1,0,0.00
1386882920,2,2,2,7353,-3.332627,0.000000,2.530727,4.494571,-0.263166,52.623920,-557.685669_693.658325i,-226.515976_860.735535i,0,1,0,0.00
1386882921,2,2,2,7353,-3.332627,0.000000,2.530727,4.410795,-0.263166,52.623920,-557.685669_693.658325i,-226.515976_860.735535i,0,1,0,0.00
1386882921,2,2,2,7353,-3.332627,0.000000,2.530727,4.350291,-0.263166,52.623920,-557.685669_693.658325i,-226.515976_860.735535i,0,1,0,0.00
1386882921,2,2,2,7353,-3.332627,0.000000,2.530727,4.308403,-0.263166,52.623920,-557.685669_693.658325i,-226.515976_860.735535i,0,1,0,0.00
1386882921,2,2,2,7353,-3.332627,0.000000,2.530727,4.275824,-0.263166,52.623920,-557.685669_693.658325i,-226.515976_860.735535i,0,1,0,0.00
1386882922,2,2,2,7353,-3.332627,0.000000,2.530727,4.252553,-0.263166,52.623920,-557.685669_693.658325i,-226.515976_860.735535i,0,1,0,0.00
1386882922,2,2,2,7353,-3.332627,0.000000,2.530727,4.233935,-0.263166,52.623920,-557.685669_693.658325i,-226.515976_860.735535i,0,1,0,0.00
1386882922,2,2,2,7353,-3.332627,0.000000,2.530727,4.219973,-0.263166,52.623920,-557.685669_693.658325i,-226.515976_860.735535i,0,1,0,0.00
1386882922,2,2,2,7353,-3.332627,0.000000,2.530727,4.210664,-0.263166,52.623920,-557.685669_693.658325i,-226.515976_860.735535i,0,1,0,0.00
1386882923,2,2,2,7353,-3.332627,0.000000,2.530727,4.206010,-0.263166,52.623920,-557.685669_693.658325i,-226.515976_860.735535i,0,1,0,0.00
1386882923,2,2,2,7353,-3.332627,0.000000,2.530727,4.201356,-0.263166,52.623920,-557.685669_693.658325i,-226.515976_860.735535i,0,1,0,0.00
1386882923,2,2,2,7353,-3.332627,0.000000,2.530727,4.196702,-0.263166,52.623920,-557.685669_693.658325i,-226.515976_860.735535i,0,1,0,0.00
1386882923,2,2,2,7353,-3.332627,0.000000,2.530727,4.196702,-0.263166,52.623920,-557.685669_693.658325i,-226.515976_860.735535i,0,1,0,0.00
1386882924,2,2,2,7353,-3.332627,0.000000,2.530727,4.196702,-0.263166,52.623920,-557.685669_693.658325i,-226.515976_860.735535i,0,1,0,0.00
1386882924,2,2,2,7353,-3.332627,0.000000,2.530727,4.196702,-0.263166,52.623920,-557.685669_693.658325i,-226.515976_860.735535i,0,1,0,0.00
1386882924,2,2,0,7353,-3.332627,0.000000,2.530727,4.196702,-0.263166,52.623920,-557.685669_693.658325i,-226.515976_860.735535i,0,1,0,0.00
1386882924,0,0,0,4,-3.332627,0.000000,2.530727,4.033804,-0.263166,52.573536,-557.685669_693.658325i,-226.515976_860.735535i,0,1,0,0.00
1386882925,0,0,0,4,-3.332627,0.000000,2.530727,3.870907,-0.263166,52.541553,-557.685669_693.658325i,-226.515976_860.735535i,0,1,0,0.00
1386882925,0,0,0,4,-3.332627,0.000000,2.530727,3.708010,-0.263166,52.506584,-557.685669_693.658325i,-226.515976_860.735535i,0,1,0,0.00
1386882925,0,0,0,4,-3.332627,0.000000,2.530727,3.545113,-0.263166,52.473671,-557.685669_693.658325i,-226.515976_860.735535i,0,1,0,0.00
1386882925,0,0,0,4,-3.332627,0.000000,2.530727,3.382215,-0.263166,52.437786,-557.685669_693.658325i,-226.515976_860.735535i,0,1,0,0.00
1386882926,0,0,0,4,-3.332627,0.000000,2.530727,3.219318,-0.263166,52.404675,-557.685669_693.658325i,-226.515976_860.735535i,0,1,0,0.00
1386882926,0,0,0,4,-3.332627,0.000000,2.530727,3.056421,-0.263166,52.370186,-557.685669_693.658325i,-226.515976_860.735535i,0,1,0,0.00
1386882926,0,0,0,4,-3.332627,0.000000,2.530727,2.916795,-0.263166,52.344749,-557.685669_693.658325i,-226.515976_860.735535i,0,1,0,0.00
1386882926,0,0,0,4,-3.332627,0.000000,2.530727,2.814401,-0.263166,52.318604,-557.685669_693.658325i,-226.515976_860.735535i,0,1,0,0.00
1386882927,0,0,0,4,-3.332627,0.000000,2.530727,2.739934,-0.263166,52.292549,-557.685669_693.658325i,-226.515976_860.735535i,0,1,0,0.00
1386882927,0,0,0,4,-3.332627,0.000000,2.530727,2.684084,-0.263166,52.272095,-557.685669_693.658325i,-226.515976_860.735535i,0,1,0,0.00
1386882927,0,0,0,4,-3.332627,0.000000,2.530727,2.642196,-0.263166,52.246181,-557.685669_693.658325i,-226.515976_860.735535i,0,1,0,0.00
1386882927,0,0,0,4,-3.332627,0.000000,2.530727,2.614270,-0.263166,52.220367,-557.685669_693.658325i,-226.515976_860.735535i,0,1,0,0.00
1386882928,0,0,0,4,-3.332627,0.000000,2.530727,2.590999,-0.263166,52.195419,-557.685669_693.658325i,-226.515976_860.735535i,0,1,0,0.00
1386882928,0,0,0,4,-3.332627,0.000000,2.530727,2.577037,-0.263166,52.169785,-557.685669_693.658325i,-226.515976_860.735535i,0,1,0,0.00
1386882928,0,0,0,4,-3.332627,0.000000,2.530727,2.563074,-0.263166,52.145016,-557.685669_693.658325i,-226.515976_860.735535i,0,1,0,0.00
1386882928,0,0,0,4,-3.332627,0.000000,2.530727,2.553766,-0.263166,52.120338,-557.685669_693.658325i,-226.515976_860.735535i,0,1,0,0.00
1386882929,0,0,0,4,-3.332627,0.000000,2.530727,2.549112,-0.263166,52.095753,-557.685669_693.658325i,-226.515976_860.735535i,0,1,0,0.00
1386882929,0,0,0,4,-3.332627,0.000000,2.530727,2.544458,-0.263166,52.070492,-557.685669_693.658325i,-226.515976_860.735535i,0,1,0,0.00
1386882929,0,0,0,4,-3.332627,0.000000,2.530727,2.539804,-0.263166,52.046089,-557.685669_693.658325i,-226.515976_860.735535i,0,1,0,0.00
1386882929,0,0,0,4,-3.332627,0.000000,2.530727,2.535149,-0.263166,52.021778,-557.685669_693.658325i,-226.515976_860.735535i,0,1,0,0.00
1386882930,0,0,0,4,-3.332627,0.000000,2.530727,2.535149,-0.263166,51.996807,-557.685669_693.658325i,-226.515976_860.735535i,0,1,0,0.00
1386882930,0,0,0,4,-3.332627,0.000000,2.530727,2.535149,-0.263166,51.972691,-557.685669_693.658325i,-226.515976_860.735535i,0,1,0,0.00
1386882930,0,0,0,4,-3.332627,0.000000,2.530727,2.535149,-0.263166,51.948666,-557.685669_693.658325i,-226.515976_860.735535i,0,1,0,0.00
1386882930,0,0,0,4,-3.332627,0.000000,2.530727,2.535149,-0.263166,51.924740,-557.685669_693.658325i,-226.515976_860.735535i,0,1,0,0.00
1386882931,0,0,0,4,-3.332627,0.000000,2.530727,2.535149,-0.263166,51.900166,-557.685669_693.658325i,-226.515976_860.735535i,0,1,0,0.00
1386882931,0,0,0,4,-3.332627,0.000000,2.530727,2.535149,-0.263166,51.876434,-557.685669_693.658325i,-226.515976_860.735535i,0,1,0,0.00
1386882931,0,0,0,4,-3.332627,0.000000,2.530727,2.535149,-0.263166,51.852806,-557.685669_693.658325i,-226.515976_860.735535i,0,1,0,0.00
1386882931,0,0,0,4,-3.332627,0.000000,2.530727,2.535149,-0.263166,51.828537,-557.685669_693.658325i,-226.515976_860.735535i,0,1,0,0.00
1386882932,0,0,0,4,-3.332627,0.000000,2.530727,2.535149,-0.263166,51.805111,-557.685669_693.658325i,-226.515976_860.735535i,0,1,0,0.00
1386882932,0,0,0,4,-3.332627,0.000000,2.530727,2.535149,-0.263166,51.781780,-557.685669_693.658325i,-226.515976_860.735535i,0,1,0,0.00
1386882932,0,0,0,4,-3.332627,0.000000,2.530727,2.535149,-0.263166,51.758556,-557.685669_693.658325i,-226.515976_860.735535i,0,1,0,0.00
1386882932,0,0,0,4,-3.332627,0.000000,2.530727,2.535149,-0.263166,51.734711,-557.685669_693.658325i,-226.515976_860.735535i,0,1,0,0.00
1386882933,0,0,0,4,-3.332627,0.000000,2.530727,2.535149,-0.263166,51.711697,-557.685669_693.658325i,-226.515976_860.735535i,0,1,0,0.00
1386882933,0,0,0,4,-3.332627,0.000000,2.530727,2.535149,-0.263166,51.688786,-557.685669_693.658325i,-226.515976_860.735535i,0,1,0,0.00
1386882933,0,0,0,4,-3.332627,0.000000,2.530727,2.535149,-0.263166,51.665977,-557.685669_693.658325i,-226.515976_860.735535i,0,1,0,0.00
1386882933,0,0,0,4,-3.332627,0.000000,2.530727,2.535149,-0.263166,51.643280,-557.685669_693.658325i,-226.515976_860.735535i,0,1,0,0.00
1386882934,0,0,0,4,-3.332627,0.000000,2.530727,2.535149,-0.263166,51.620689,-557.685669_693.658325i,-226.515976_860.735535i,0,1,0,0.00
1386882934,0,0,0,4,-3.332627,0.000000,2.530727,2.535149,-0.263166,51.598206,-557.685669_693.658325i,-226.515976_860.735535i,0,1,0,0.00
1386882934,0,0,0,4,-3.332627,0.000000,2.530727,2.535149,-0.263166,51.575130,-557.685669_693.658325i,-226.515976_860.735535i,0,1,0,0.00
1386882934,0,0,0,4,-3.332627,0.000000,2.530727,2.535149,-0.263166,51.552872,-557.685669_693.658325i,-226.515976_860.735535i,0,1,0,0.00
1386882935,0,0,0,4,-3.332627,0.000000,2.530727,2.535149,-0.263166,51.530720,-557.685669_693.658325i,-226.515976_860.735535i,0,1,0,0.00
1386882935,0,0,0,4,-3.332627,0.000000,2.530727,2.535149,-0.263166,51.508682,-557.685669_693.658325i,-226.515976_860.735535i,0,1,0,0.00
1386882935,0,0,0,4,-3.332627,0.000000,2.530727,2.535149,-0.263166,51.486755,-557.685669_693.658325i,-226.515976_860.735535i,0,1,0,0.00
1386882935,0,0,0,4,-3.332627,0.000000,2.530727,2.535149,-0.263166,51.464943,-557.685669_693.658325i,-226.515976_860.735535i,0,1,0,0.00
1386882936,0,0,0,4,-3.332627,0.000000,2.530727,2.535149,-0.263166,51.443245,-557.685669_693.658325i,-226.515976_860.735535i,0,1,0,0.00
1386882936,0,0,0,4,-3.332627,0.000000,2.530727,2.535149,-0.263166,51.420990,-557.685669_693.658325i,-226.515976_860.735535i,0,1,0,0.00
1386882936,0,0,0,4,-3.332627,0.000000,2.530727,2.535149,-0.263166,51.399529,-557.685669_693.658325i,-226.515976_860.735535i,0,1,0,0.00
1386882936,0,0,0,4,-3.332627,0.000000,2.530727,2.535149,-0.263166,51.378185,-557.685669_693.658325i,-226.515976_860.735535i,0,1,0,0.00
1386882937,0,0,0,4,-3.332627,0.000000,2.530727,2.535149,-0.263166,51.356960,-557.685669_693.658325i,-226.515976_860.735535i,0,1,0,0.00
1386882937,0,0,0,4,-3.332627,0.000000,2.530727,2.535149,-0.263166,51.335854,-557.685669_693.658325i,-226.515976_860.735535i,0,1,0,0.00
1386882937,0,0,0,4,-3.332627,0.000000,2.530727,2.535149,-0.263166,51.314869,-557.685669_693.658325i,-226.515976_860.735535i,0,1,0,0.00
1386882937,0,0,0,4,-3.332627,0.000000,2.530727,2.535149,-0.263166,51.294003,-557.685669_693.658325i,-226.515976_860.735535i,0,1,0,0.00
1386882938,0,0,0,4,-3.332627,0.000000,2.530727,2.535149,-0.263166,51.272614,-557.685669_693.658325i,-226.515976_860.735535i,0,1,0,0.00
1386882938,0,0,0,4,-3.332627,0.000000,2.530727,2.535149,-0.263166,51.251999,-557.685669_693.658325i,-226.515976_860.735535i,0,1,0,0.00
1386882938,0,0,0,4,-3.332627,0.000000,2.530727,2.535149,-0.263166,51.231510,-557.685669_693.658325i,-226.515976_860.735535i,0,1,0,0.00
1386882938,0,0,0,4,-3.332627,0.000000,2.530727,2.535149,-0.263166,51.211143,-557.685669_693.658325i,-226.515976_860.735535i,0,1,0,0.00
1386882939,0,0,0,4,-3.332627,0.000000,2.530727,2.535149,-0.263166,51.190907,-557.685669_693.658325i,-226.515976_860.735535i,0,1,0,0.00
1386882939,0,0,0,4,-3.332627,0.000000,2.530727,2.535149,-0.263166,51.170792,-557.685669_693.658325i,-226.515976_860.735535i,0,1,0,0.00
1386882939,0,0,0,4,-3.332627,0.000000,2.530727,2.535149,-0.263166,51.150810,-557.685669_693.658325i,-226.515976_860.735535i,0,1,0,0.00
1386882939,0,0,0,4,-3.332627,0.000000,2.530727,2.535149,-0.263166,51.130337,-557.685669_693.658325i,-226.515976_860.735535i,0,1,0,0.00
1386882940,0,0,0,4,-3.332627,0.000000,2.530727,2.535149,-0.263166,51.110619,-557.685669_693.658325i,-226.515976_860.735535i,0,1,0,0.00
1386882940,0,0,0,4,-3.332627,0.000000,2.530727,2.535149,-0.263166,51.091030,-557.685669_693.658325i,-226.515976_860.735535i,0,1,0,0.00
1386882940,0,0,0,4,-3.332627,0.000000,2.530727,2.535149,-0.263166,51.071575,-557.685669_693.658325i,-226.515976_860.735535i,0,1,0,0.00
1386882940,0,0,0,4,-3.332627,0.000000,2.530727,2.535149,-0.263166,51.052258,-557.685669_693.658325i,-226.515976_860.735535i,0,1,0,0.00
1386882941,0,0,0,4,-3.332627,0.000000,2.530727,2.535149,-0.263166,51.033070,-557.685669_693.658325i,-226.515976_860.735535i,0,1,0,0.00
1386882941,1,1,1,7353,-5.252490,0.000000,0.610865,2.535149,-0.263166,51.014019,-557.685669_693.658325i,-226.515976_860.735535i,0,1,0,0.00
1386882941,1,1,1,7353,-5.252490,0.000000,0.610865,2.698047,-0.263166,51.014019,-557.685669_693.658325i,-226.515976_860.735535i,0,1,0,0.00
1386882941,1,1,1,7353,-5.252490,0.000000,0.610865,2.860945,-0.263166,51.014019,-557.685669_693.658325i,-226.515976_860.735535i,0,1,0,0.00
1386882942,1,1,1,7353,-5.252490,0.000000,0.610865,3.023842,-0.263166,51.014019,-557.685669_693.658325i,-226.515976_860.735535i,0,1,0,0.00
1386882942,1,1,1,7353,-5.252490,0.000000,0.610865,3.186739,-0.263166,51.014019,-557.685669_693.658325i,-226.515976_860.735535i,0,1,0,0.00
1386882942,1,1,1,7353,-5.252490,0.000000,0.610865,3.349636,-0.263166,51.014019,-557.685669_693.658325i,-226.515976_860.735535i,0,1,0,0.00
1386882942,1,1,1,7353,-5.252490,0.000000,0.610865,3.512534,-0.263166,51.014019,-557.685669_693.658325i,-226.515976_860.735535i,0,1,0,0.00
1386882943,1,1,1,7353,-5.252490,0.000000,0.610865,3.675431,-0.263166,51.014019,-557.685669_693.658325i,-226.515976_860.735535i,0,1,0,0.00
1386882943,1,1,1,7353,-5.252490,0.000000,0.610865,3.810403,-0.263166,51.014019,-557.685669_693.658325i,-226.515976_860.735535i,0,1,0,0.00
