MCU_timestamp,sig1,sig2,sig3,fa_debug,theta_d1,theta_d,theta_d1_b,theta_b,a_x,b_x,X_b,X_T_b,sail_hc_periods,sail_hc_direction,sail_hc_val,sail_hc_MEAN_V,act_history,jibe_status
1390199734,0,0,0,0,0.000000,0.000000,0.000000,0.000000,0.000000,0.000000,0.000000_0.000000i,0.000000_0.000000i,0,1,0,0.00,0.30,1
1390199734,0,0,0,0,0.000000,0.000000,0.000000,0.000000,0.000000,0.000000,0.000000_0.000000i,0.000000_0.000000i,0,1,0,0.00,0.30,1
1390199734,0,0,0,0,0.000000,0.000000,0.000000,0.000000,0.000000,0.000000,0.000000_0.000000i,0.000000_0.000000i,0,1,0,0.00,0.30,1
1390199735,0,0,0,0,0.000000,0.000000,0.000000,0.000000,0.000000,0.000000,0.000000_0.000000i,0.000000_0.000000i,0,1,0,0.00,0.30,1
1390199735,0,0,0,0,0.000000,0.000000,0.000000,0.000000,0.000000,0.000000,0.000000_0.000000i,0.000000_0.000000i,0,1,0,0.00,0.30,1
1390199735,0,0,0,0,0.000000,0.000000,0.000000,0.000000,0.000000,0.000000,0.000000_0.000000i,0.000000_0.000000i,0,1,0,0.00,0.30,1
1390199735,0,0,0,0,0.000000,0.000000,0.000000,0.000000,0.000000,0.000000,0.000000_0.000000i,0.000000_0.000000i,0,1,0,0.00,0.30,1
1390199736,0,0,0,0,0.000000,0.000000,0.000000,0.000000,0.000000,0.000000,0.000000_0.000000i,0.000000_0.000000i,0,1,0,0.00,0.30,1
1390199736,0,0,0,0,0.000000,0.000000,0.000000,0.000000,0.000000,0.000000,0.000000_0.000000i,0.000000_0.000000i,0,1,0,0.00,0.30,1
1390199736,0,0,0,0,0.000000,0.000000,0.000000,0.000000,0.000000,0.000000,0.000000_0.000000i,0.000000_0.000000i,0,1,0,0.00,0.30,1
1390199736,0,0,0,0,0.000000,0.000000,0.000000,0.000000,0.000000,0.000000,0.000000_0.000000i,0.000000_0.000000i,0,1,0,0.00,0.30,1
1390199737,0,0,0,0,0.000000,0.000000,0.000000,0.000000,0.000000,0.000000,0.000000_0.000000i,0.000000_0.000000i,0,1,0,0.00,0.30,1
1390199737,0,0,0,0,0.000000,0.000000,0.000000,0.000000,0.000000,0.000000,0.000000_0.000000i,0.000000_0.000000i,0,1,0,0.00,0.30,1
1390199737,0,0,0,0,0.000000,0.000000,0.000000,0.000000,0.000000,0.000000,0.000000_0.000000i,0.000000_0.000000i,0,1,0,0.00,0.30,1
1390199737,0,0,0,0,0.000000,0.000000,0.000000,0.000000,0.000000,0.000000,0.000000_0.000000i,0.000000_0.000000i,0,1,0,0.00,0.30,1
1390199738,0,0,0,0,0.000000,0.000000,0.000000,0.000000,0.000000,0.000000,0.000000_0.000000i,0.000000_0.000000i,0,1,0,0.00,0.30,1
1390199738,0,0,0,0,0.000000,0.000000,0.000000,0.000000,0.000000,0.000000,0.000000_0.000000i,0.000000_0.000000i,0,1,0,0.00,0.30,1
1390199738,0,0,0,0,0.000000,0.000000,0.000000,0.000000,0.000000,0.000000,0.000000_0.000000i,0.000000_0.000000i,0,1,0,0.00,0.30,1
1390199738,0,0,0,0,0.000000,0.000000,0.000000,0.000000,0.000000,0.000000,0.000000_0.000000i,0.000000_0.000000i,0,1,0,0.00,0.30,1
1390199739,0,0,0,0,0.000000,0.000000,0.000000,0.000000,0.000000,0.000000,0.000000_0.000000i,0.000000_0.000000i,0,1,0,0.00,0.30,1
1390199739,0,0,0,0,0.000000,0.000000,0.000000,0.000000,0.000000,0.000000,0.000000_0.000000i,0.000000_0.000000i,0,1,0,0.00,0.30,1
1390199739,0,0,0,0,0.000000,0.000000,0.000000,0.000000,0.000000,0.000000,0.000000_0.000000i,0.000000_0.000000i,0,1,0,0.00,0.30,1
1390199739,0,0,0,0,0.000000,0.000000,0.000000,0.000000,0.000000,0.000000,0.000000_0.000000i,0.000000_0.000000i,0,1,0,0.00,0.30,1
1390199740,0,0,0,0,0.000000,0.000000,0.000000,0.000000,0.000000,0.000000,0.000000_0.000000i,0.000000_0.000000i,0,1,0,0.00,0.30,1
1390199740,0,0,0,0,0.000000,0.000000,0.000000,0.000000,0.000000,0.000000,0.000000_0.000000i,0.000000_0.000000i,0,1,0,0.00,0.30,1
1390199740,0,0,0,0,0.000000,0.000000,0.000000,0.000000,0.000000,0.000000,0.000000_0.000000i,0.000000_0.000000i,0,1,0,0.00,0.30,1
1390199740,0,0,0,0,0.000000,0.000000,0.000000,0.000000,0.000000,0.000000,0.000000_0.000000i,0.000000_0.000000i,0,1,0,0.00,0.30,1
1390199741,0,0,0,0,0.000000,0.000000,0.000000,0.000000,0.000000,0.000000,0.000000_0.000000i,0.000000_0.000000i,0,1,0,0.00,0.30,1
1390199741,0,0,0,0,0.000000,0.000000,0.000000,0.000000,0.000000,0.000000,0.000000_0.000000i,0.000000_0.000000i,0,1,0,0.00,0.30,1
1390199741,0,0,0,0,0.000000,0.000000,0.000000,0.000000,0.000000,0.000000,0.000000_0.000000i,0.000000_0.000000i,0,1,0,0.00,0.30,1
1390199741,0,0,0,0,0.000000,0.000000,0.000000,0.000000,0.000000,0.000000,0.000000_0.000000i,0.000000_0.000000i,0,1,0,0.00,0.30,1
1390199742,0,0,0,0,0.000000,0.000000,0.000000,0.000000,0.000000,0.000000,0.000000_0.000000i,0.000000_0.000000i,0,1,0,0.00,0.30,1
1390199742,0,0,0,0,0.000000,0.000000,0.000000,0.000000,0.000000,0.000000,0.000000_0.000000i,0.000000_0.000000i,0,1,0,0.00,0.30,1
1390199742,0,0,0,0,0.000000,0.000000,0.000000,0.000000,0.000000,0.000000,0.000000_0.000000i,0.000000_0.000000i,0,1,0,0.00,0.30,1
1390199743,0,0,0,0,0.000000,0.000000,0.000000,0.000000,0.000000,0.000000,0.000000_0.000000i,0.000000_0.000000i,0,1,0,0.00,0.30,1
1390199743,0,0,0,0,0.000000,0.000000,0.000000,0.000000,0.000000,0.000000,0.000000_0.000000i,0.000000_0.000000i,0,1,0,0.00,0.30,1
1390199743,0,0,0,0,0.000000,0.000000,0.000000,0.000000,0.000000,0.000000,0.000000_0.000000i,0.000000_0.000000i,0,1,0,0.00,0.30,1
1390199743,0,0,0,0,0.000000,0.000000,0.000000,0.000000,0.000000,0.000000,0.000000_0.000000i,0.000000_0.000000i,0,1,0,0.00,0.30,1
1390199744,0,0,0,0,0.000000,0.000000,0.000000,0.000000,0.000000,0.000000,0.000000_0.000000i,0.000000_0.000000i,0,1,0,0.00,0.30,1
1390199744,0,0,0,0,0.000000,0.000000,0.000000,0.000000,0.000000,0.000000,0.000000_0.000000i,0.000000_0.000000i,0,1,0,0.00,0.30,1
1390199744,1,2,2,7353,2.530727,0.000000,2.530727,-5.665782,-1.185257,77.537651,-1272.300659_1073.438354i,-1272.300659_1073.438354i,0,1,0,0.00,0.23,1
1390199744,2,2,2,7353,2.530727,0.000000,2.530727,-5.805408,-1.185257,77.537651,-1272.300659_1073.438354i,-1272.300659_1073.438354i,0,1,0,0.00,0.40,1
1390199745,2,2,2,7353,2.530727,0.000000,2.530727,-5.945035,-1.185257,77.537651,-1272.300659_1073.438354i,-1272.300659_1073.438354i,0,1,0,0.00,0.58,1
1390199745,2,2,2,7353,2.530727,0.000000,2.530727,-6.084661,-1.185257,77.537651,-1272.300659_1073.438354i,-1272.300659_1073.438354i,0,1,0,0.00,0.75,1
1390199745,2,2,2,7353,2.530727,0.000000,2.530727,-6.224288,-1.185257,77.537651,-1272.300659_1073.438354i,-1272.300659_1073.438354i,0,1,0,0.00,0.93,1
1390199745,2,2,2,7353,2.530727,0.000000,2.530727,-6.363914,-1.185257,77.537651,-1272.300659_1073.438354i,-1272.300659_1073.438354i,0,1,0,0.00,1.10,1
1390199746,2,2,2,7353,2.530727,0.000000,2.530727,-6.503541,-1.185257,77.537651,-1272.300659_1073.438354i,-1272.300659_1073.438354i,0,1,0,0.00,1.27,1
1390199746,2,2,2,7353,2.530727,0.000000,2.530727,-6.643167,-1.185257,77.537651,-1272.300659_1073.438354i,-1272.300659_1073.438354i,0,1,0,0.00,1.45,1
1390199746,2,2,2,7353,2.530727,0.000000,2.530727,-6.782794,-1.185257,77.537651,-1272.300659_1073.438354i,-1272.300659_1073.438354i,0,1,0,0.00,1.62,1
1390199746,2,2,2,7353,2.530727,0.000000,2.530727,-6.922419,-1.185257,77.537651,-1272.300659_1073.438354i,-1272.300659_1073.438354i,0,1,0,0.00,1.80,1
1390199747,2,2,2,7353,2.530727,0.000000,2.530727,-7.062046,-1.185257,77.537651,-1272.300659_1073.438354i,-1272.300659_1073.438354i,0,1,0,0.00,1.97,1
1390199747,2,2,2,7353,2.530727,0.000000,2.530727,-7.201672,-1.185257,77.537651,-1272.300659_1073.438354i,-1272.300659_1073.438354i,0,1,0,0.00,2.15,1
1390199747,2,2,2,7353,2.530727,0.000000,2.530727,-7.341299,-1.185257,77.537651,-1272.300659_1073.438354i,-1272.300659_1073.438354i,0,1,0,0.00,2.32,2
1390199747,2,2,2,7353,2.530727,0.000000,2.530727,-7.480925,-1.185257,77.537651,-1272.300659_1073.438354i,-1272.300659_1073.438354i,0,1,0,0.00,2.50,2
1390199748,2,2,2,7353,2.530727,0.000000,2.530727,-7.620552,-1.185257,77.537651,-1272.300659_1073.438354i,-1272.300659_1073.438354i,0,1,0,0.00,2.67,2
1390199748,2,2,2,7353,2.530727,0.000000,2.530727,-7.760177,-1.185257,77.537651,-1272.300659_1073.438354i,-1272.300659_1073.438354i,0,1,0,0.00,2.85,2
1390199748,2,2,2,7353,2.530727,0.000000,2.530727,-7.899804,-1.185257,77.537651,-1272.300659_1073.438354i,-1272.300659_1073.438354i,0,1,0,0.00,3.02,2
1390199748,2,2,2,7353,2.530727,0.000000,2.530727,-8.039431,-1.185257,77.537651,-1272.300659_1073.438354i,-1272.300659_1073.438354i,0,1,0,0.00,3.20,2
1390199749,2,2,2,7353,2.530727,0.000000,2.530727,-8.179057,-1.185257,77.537651,-1272.300659_1073.438354i,-1272.300659_1073.438354i,0,1,0,0.00,3.37,2
1390199749,2,2,2,7353,2.530727,0.000000,2.530727,-8.318684,-1.185257,77.537651,-1272.300659_1073.438354i,-1272.300659_1073.438354i,0,1,0,0.00,3.55,2
1390199749,2,2,2,7353,2.530727,0.000000,2.530727,-8.458309,-1.185257,77.537651,-1272.300659_1073.438354i,-1272.300659_1073.438354i,0,1,0,0.00,3.72,2
1390199749,2,2,2,7353,2.530727,0.000000,2.530727,-8.597936,-1.185257,77.537651,-1272.300659_1073.438354i,-1272.300659_1073.438354i,0,1,0,0.00,3.90,2
1390199750,2,2,2,7353,2.530727,0.000000,2.530727,-8.737562,-1.185257,77.537651,-1272.300659_1073.438354i,-1272.300659_1073.438354i,0,1,0,0.00,4.07,2
1390199750,2,2,2,7353,2.530727,0.000000,2.530727,-8.877189,-1.185257,77.537651,-1272.300659_1073.438354i,-1272.300659_1073.438354i,0,1,0,0.00,4.25,2
1390199750,2,2,2,7353,2.530727,0.000000,2.530727,-9.016815,-1.185257,77.537651,-1272.300659_1073.438354i,-1272.300659_1073.438354i,0,1,0,0.00,4.42,2
1390199750,2,2,2,7353,2.530727,0.000000,2.530727,-9.156442,-1.185257,77.537651,-1272.300659_1073.438354i,-1272.300659_1073.438354i,0,1,0,0.00,4.35,2
1390199751,2,2,2,7353,2.530727,0.000000,2.530727,-9.296067,-1.185257,77.537651,-1272.300659_1073.438354i,-1272.300659_1073.438354i,0,1,0,0.00,4.28,2
1390199751,2,2,2,7353,2.530727,0.000000,2.530727,-9.435694,-1.185257,77.537651,-1272.300659_1073.438354i,-1272.300659_1073.438354i,0,1,0,0.00,4.20,2
1390199751,2,2,2,7353,2.530727,0.000000,2.530727,-9.575320,-1.185257,77.537651,-1272.300659_1073.438354i,-1272.300659_1073.438354i,0,1,0,0.00,4.13,2
1390199751,2,2,2,7353,2.530727,0.000000,2.530727,-9.714947,-1.185257,77.537651,-1272.300659_1073.438354i,-1272.300659_1073.438354i,0,1,0,0.00,4.05,2
1390199752,2,2,2,7353,2.530727,0.000000,2.530727,-9.854573,-1.185257,77.537651,-1272.300659_1073.438354i,-1272.300659_1073.438354i,0,1,0,0.00,3.98,2
1390199752,2,2,2,7353,2.530727,0.000000,2.530727,-9.994200,-1.185257,77.537651,-1272.300659_1073.438354i,-1272.300659_1073.438354i,0,1,0,0.00,3.90,2
1390199752,2,2,2,7353,2.530727,0.000000,2.530727,-10.133825,-1.185257,77.537651,-1272.300659_1073.438354i,-1272.300659_1073.438354i,0,1,0,0.00,3.83,2
1390199752,2,2,2,7353,2.530727,0.000000,2.530727,-10.273452,-1.185257,77.537651,-1272.300659_1073.438354i,-1272.300659_1073.438354i,0,1,0,0.00,3.75,2
1390199753,2,2,2,7353,2.530727,0.000000,2.530727,-10.413078,-1.185257,77.537651,-1272.300659_1073.438354i,-1272.300659_1073.438354i,0,1,0,0.00,3.68,2
1390199753,2,2,2,7353,2.530727,0.000000,2.530727,-10.552705,-1.185257,77.537651,-1272.300659_1073.438354i,-1272.300659_1073.438354i,0,1,0,0.00,3.60,2
1390199753,2,2,2,7353,2.530727,0.000000,2.530727,-10.692331,-1.185257,77.537651,-1272.300659_1073.438354i,-1272.300659_1073.438354i,0,1,0,0.00,3.53,2
1390199753,2,2,2,7353,2.530727,0.000000,2.530727,-10.831958,-1.185257,77.537651,-1272.300659_1073.438354i,-1272.300659_1073.438354i,0,1,0,0.00,3.45,2
1390199754,2,2,2,7353,2.530727,0.000000,2.530727,-10.971583,-1.185257,77.537651,-1272.300659_1073.438354i,-1272.300659_1073.438354i,0,1,0,0.00,3.38,2
1390199754,2,2,2,7353,2.530727,0.000000,2.530727,-11.111210,-1.185257,77.537651,-1272.300659_1073.438354i,-1272.300659_1073.438354i,0,1,0,0.00,3.30,2
1390199754,2,2,2,7353,2.530727,0.000000,2.530727,-11.250836,-1.185257,77.537651,-1272.300659_1073.438354i,-1272.300659_1073.438354i,0,1,0,0.00,3.23,2
1390199754,2,2,2,7353,2.530727,0.000000,2.530727,-11.390463,-1.185257,77.537651,-1272.300659_1073.438354i,-1272.300659_1073.438354i,0,1,0,0.00,3.15,2
1390199755,2,2,2,7353,2.530727,0.000000,2.530727,-11.530089,-1.185257,77.537651,-1272.300659_1073.438354i,-1272.300659_1073.438354i,0,1,0,0.00,3.08,2
1390199755,2,2,2,7353,2.530727,0.000000,2.530727,-11.669716,-1.185257,77.537651,-1272.300659_1073.438354i,-1272.300659_1073.438354i,0,1,0,0.00,3.00,2
1390199755,2,2,2,7353,2.530727,0.000000,2.530727,-11.809341,-1.185257,77.537651,-1272.300659_1073.438354i,-1272.300659_1073.438354i,0,1,0,0.00,2.92,2
1390199755,2,2,2,7353,2.530727,0.000000,2.530727,-11.948968,-1.185257,77.537651,-1272.300659_1073.438354i,-1272.300659_1073.438354i,0,1,0,0.00,2.85,2
1390199756,2,2,2,7353,2.530727,0.000000,2.530727,-12.088594,-1.185257,77.537651,-1272.300659_1073.438354i,-1272.300659_1073.438354i,0,1,0,0.00,2.77,2
1390199756,2,2,2,7353,2.530727,0.000000,2.530727,-12.228221,-1.185257,77.537651,-1272.300659_1073.438354i,-1272.300659_1073.438354i,0,1,0,0.00,2.70,2
1390199756,2,2,2,7353,2.530727,0.000000,2.530727,-12.367847,-1.185257,77.537651,-1272.300659_1073.438354i,-1272.300659_1073.438354i,0,1,0,0.00,2.62,2
1390199756,2,2,2,7353,2.530727,0.000000,2.530727,-12.507474,-1.185257,77.537651,-1272.300659_1073.438354i,-1272.300659_1073.438354i,0,1,0,0.00,2.55,2
1390199757,2,2,2,7353,2.530727,0.000000,2.530727,-12.647099,-1.185257,77.537651,-1272.300659_1073.438354i,-1272.300659_1073.438354i,0,1,0,0.00,2.47,2
1390199757,2,2,2,7353,2.530727,0.000000,2.530727,-12.786726,-1.185257,77.537651,-1272.300659_1073.438354i,-1272.300659_1073.438354i,0,1,0,0.00,2.40,2
1390199757,2,2,2,7353,2.530727,0.000000,2.530727,-12.926353,-1.185257,77.537651,-1272.300659_1073.438354i,-1272.300659_1073.438354i,0,1,0,0.00,2.32,2
1390199757,2,2,2,7353,2.530727,0.000000,2.530727,-13.065979,-1.185257,77.537651,-1272.300659_1073.438354i,-1272.300659_1073.438354i,0,1,0,0.00,2.25,2
1390199758,2,2,2,7353,2.530727,0.000000,2.530727,-13.205606,-1.185257,77.537651,-1272.300659_1073.438354i,-1272.300659_1073.438354i,0,1,0,0.00,2.17,2
1390199758,2,2,2,7353,2.530727,0.000000,2.530727,-13.345232,-1.185257,77.537651,-1272.300659_1073.438354i,-1272.300659_1073.438354i,0,1,0,0.00,2.10,2
1390199758,2,2,2,7353,2.530727,0.000000,2.530727,-13.484858,-1.185257,77.537651,-1272.300659_1073.438354i,-1272.300659_1073.438354i,0,1,0,0.00,2.02,2
1390199758,2,2,2,7353,2.530727,0.000000,2.530727,-13.624484,-1.185257,77.537651,-1272.300659_1073.438354i,-1272.300659_1073.438354i,0,1,0,0.00,1.95,3
1390199759,2,2,2,7353,2.530727,0.000000,2.530727,-13.764111,-1.185257,77.537651,-1272.300659_1073.438354i,-1272.300659_1073.438354i,0,1,0,0.00,1.87,3
1390199759,2,2,2,7353,2.530727,0.000000,2.530727,-13.903737,-1.185257,77.537651,-1272.300659_1073.438354i,-1272.300659_1073.438354i,0,1,0,0.00,1.80,3
1390199759,2,2,2,7353,2.530727,0.000000,2.530727,-14.043364,-1.185257,77.537651,-1272.300659_1073.438354i,-1272.300659_1073.438354i,0,1,0,0.00,1.72,3
1390199759,2,2,2,7353,2.530727,0.000000,2.530727,-14.182989,-1.185257,77.537651,-1272.300659_1073.438354i,-1272.300659_1073.438354i,0,1,0,0.00,1.65,3
1390199760,2,2,2,7353,2.530727,0.000000,2.530727,-14.322616,-1.185257,77.537651,-1272.300659_1073.438354i,-1272.300659_1073.438354i,0,1,0,0.00,1.57,3
1390199760,2,2,2,7353,2.530727,0.000000,2.530727,-14.462243,-1.185257,77.537651,-1272.300659_1073.438354i,-1272.300659_1073.438354i,0,1,0,0.00,1.50,3
1390199760,2,2,2,7353,2.530727,0.000000,2.530727,-14.601869,-1.185257,77.537651,-1272.300659_1073.438354i,-1272.300659_1073.438354i,0,1,0,0.00,1.42,4
1390199760,2,2,2,7353,2.530727,0.000000,2.530727,-14.741494,-1.185257,77.537651,-1272.300659_1073.438354i,-1272.300659_1073.438354i,0,1,0,0.00,1.60,5
1390199761,2,2,2,7353,2.530727,0.000000,2.530727,-14.881122,-1.185257,77.537651,-1272.300659_1073.438354i,-1272.300659_1073.438354i,0,1,0,0.00,1.77,5
1390199761,2,2,2,7353,2.530727,0.000000,2.530727,-15.020747,-1.185257,77.537651,-1272.300659_1073.438354i,-1272.300659_1073.438354i,0,1,0,0.00,1.95,5
1390199761,2,2,2,7353,2.530727,0.000000,2.530727,-15.160375,-1.185257,77.537651,-1272.300659_1073.438354i,-1272.300659_1073.438354i,0,1,0,0.00,2.12,5
1390199761,2,2,2,7353,2.530727,0.000000,2.530727,-15.300000,-1.185257,77.537651,-1272.300659_1073.438354i,-1272.300659_1073.438354i,0,1,0,0.00,2.30,5
1390199762,2,2,2,7353,2.530727,0.000000,2.530727,-15.439626,-1.185257,77.537651,-1272.300659_1073.438354i,-1272.300659_1073.438354i,0,1,0,0.00,2.47,5
1390199762,2,2,2,7353,2.530727,0.000000,2.530727,-15.579253,-1.185257,77.537651,-1272.300659_1073.438354i,-1272.300659_1073.438354i,0,1,0,0.00,2.65,5
1390199762,2,2,2,7353,2.530727,0.000000,2.530727,-15.718879,-1.185257,77.537651,-1272.300659_1073.438354i,-1272.300659_1073.438354i,0,1,0,0.00,2.82,5
1390199762,2,2,2,7353,2.530727,0.000000,2.530727,-15.858506,-1.185257,77.537651,-1272.300659_1073.438354i,-1272.300659_1073.438354i,0,1,0,0.00,3.00,5
1390199763,2,2,2,7353,2.530727,0.000000,2.530727,-15.998132,-1.185257,77.537651,-1272.300659_1073.438354i,-1272.300659_1073.438354i,0,1,0,0.00,3.17,5
1390199763,2,2,2,7353,2.530727,0.000000,2.530727,-16.137758,-1.185257,77.537651,-1272.300659_1073.438354i,-1272.300659_1073.438354i,0,1,0,0.00,3.35,5
1390199763,2,2,2,7353,2.530727,0.000000,2.530727,-16.277384,-1.185257,77.537651,-1272.300659_1073.438354i,-1272.300659_1073.438354i,0,1,0,0.00,3.52,5
1390199763,2,2,2,7353,2.530727,0.000000,2.530727,-16.417011,-1.185257,77.537651,-1272.300659_1073.438354i,-1272.300659_1073.438354i,0,1,0,0.00,3.70,5
1390199764,2,2,2,7353,2.530727,0.000000,2.530727,-16.556637,-1.185257,77.537651,-1272.300659_1073.438354i,-1272.300659_1073.438354i,0,1,0,0.00,3.87,5
1390199764,2,2,2,7353,2.530727,0.000000,2.530727,-16.696264,-1.185257,77.537651,-1272.300659_1073.438354i,-1272.300659_1073.438354i,0,1,0,0.00,4.05,5
1390199764,2,2,2,7353,2.530727,0.000000,2.530727,-16.835890,-1.185257,77.537651,-1272.300659_1073.438354i,-1272.300659_1073.438354i,0,1,0,0.00,4.22,5
1390199764,2,2,2,7353,2.530727,0.000000,2.530727,-16.975517,-1.185257,77.537651,-1272.300659_1073.438354i,-1272.300659_1073.438354i,0,1,0,0.00,4.40,5
1390199765,2,2,2,7353,2.530727,0.000000,2.530727,-17.115143,-1.185257,77.537651,-1272.300659_1073.438354i,-1272.300659_1073.438354i,0,1,0,0.00,4.57,5
1390199765,2,2,2,7353,2.530727,0.000000,2.530727,-17.254768,-1.185257,77.537651,-1272.300659_1073.438354i,-1272.300659_1073.438354i,0,1,0,0.00,4.75,5
1390199765,2,2,2,7353,2.530727,0.000000,2.530727,-17.394396,-1.185257,77.537651,-1272.300659_1073.438354i,-1272.300659_1073.438354i,0,1,0,0.00,4.92,5
1390199765,2,2,2,7353,2.530727,0.000000,2.530727,-17.534021,-1.185257,77.537651,-1272.300659_1073.438354i,-1272.300659_1073.438354i,0,1,0,0.00,4.85,5
1390199766,2,2,2,7353,2.530727,0.000000,2.530727,-17.673649,-1.185257,77.537651,-1272.300659_1073.438354i,-1272.300659_1073.438354i,0,1,0,0.00,4.77,5
1390199766,2,2,2,7353,2.530727,0.000000,2.530727,-17.813274,-1.185257,77.537651,-1272.300659_1073.438354i,-1272.300659_1073.438354i,0,1,0,0.00,4.70,5
1390199766,2,2,2,7353,2.530727,0.000000,2.530727,-17.952900,-1.185257,77.537651,-1272.300659_1073.438354i,-1272.300659_1073.438354i,0,1,0,0.00,4.62,5
1390199766,2,2,2,7353,2.530727,0.000000,2.530727,-18.092527,-1.185257,77.537651,-1272.300659_1073.438354i,-1272.300659_1073.438354i,0,1,0,0.00,4.55,5
1390199767,2,2,2,7353,2.530727,0.000000,2.530727,-18.232153,-1.185257,77.537651,-1272.300659_1073.438354i,-1272.300659_1073.438354i,0,1,0,0.00,4.48,5
1390199767,2,2,2,7353,2.530727,0.000000,2.530727,-18.371780,-1.185257,77.537651,-1272.300659_1073.438354i,-1272.300659_1073.438354i,0,1,0,0.00,4.65,5
1390199767,2,2,2,7353,2.530727,0.000000,2.530727,-18.511406,-1.185257,77.537651,-1272.300659_1073.438354i,-1272.300659_1073.438354i,0,1,0,0.00,4.83,5
1390199767,2,2,2,7353,2.530727,0.000000,2.530727,-18.651033,-1.185257,77.537651,-1272.300659_1073.438354i,-1272.300659_1073.438354i,0,1,0,0.00,5.00,5
1390199768,2,2,2,7353,2.530727,0.000000,2.530727,-18.790659,-1.185257,77.537651,-1272.300659_1073.438354i,-1272.300659_1073.438354i,0,1,0,0.00,5.18,5
1390199768,2,2,2,7353,2.530727,0.000000,2.530727,-18.930285,-1.185257,77.537651,-1272.300659_1073.438354i,-1272.300659_1073.438354i,0,1,0,0.00,5.35,5
1390199768,2,2,2,7353,2.530727,0.000000,2.530727,-19.069912,-1.185257,77.537651,-1272.300659_1073.438354i,-1272.300659_1073.438354i,0,1,0,0.00,5.53,5
1390199768,2,2,2,7353,2.530727,0.000000,2.530727,-19.209538,-1.185257,77.537651,-1272.300659_1073.438354i,-1272.300659_1073.438354i,0,1,0,0.00,5.70,5
1390199769,2,2,2,7353,2.530727,0.000000,2.530727,-19.349165,-1.185257,77.537651,-1272.300659_1073.438354i,-1272.300659_1073.438354i,0,1,0,0.00,5.88,5
1390199769,2,2,2,7353,2.530727,0.000000,2.530727,-19.488791,-1.185257,77.537651,-1272.300659_1073.438354i,-1272.300659_1073.438354i,0,1,0,0.00,6.05,5
1390199769,2,2,2,7353,2.530727,0.000000,2.530727,-19.628416,-1.185257,77.537651,-1272.300659_1073.438354i,-1272.300659_1073.438354i,0,1,0,0.00,6.23,5
1390199769,2,2,2,7353,2.530727,0.000000,2.530727,-19.768044,-1.185257,77.537651,-1272.300659_1073.438354i,-1272.300659_1073.438354i,0,1,0,0.00,6.40,5
1390199770,2,2,2,7353,2.530727,0.000000,2.530727,-19.907669,-1.185257,77.537651,-1272.300659_1073.438354i,-1272.300659_1073.438354i,0,1,0,0.00,6.58,5
1390199770,2,2,2,7353,2.530727,0.000000,2.530727,-20.047297,-1.185257,77.537651,-1272.300659_1073.438354i,-1272.300659_1073.438354i,0,1,0,0.00,6.75,5
1390199770,2,2,2,7353,2.530727,0.000000,2.530727,-20.186922,-1.185257,77.537651,-1272.300659_1073.438354i,-1272.300659_1073.438354i,0,1,0,0.00,6.93,5
1390199770,2,2,2,7353,2.530727,0.000000,2.530727,-20.326550,-1.185257,77.537651,-1272.300659_1073.438354i,-1272.300659_1073.438354i,0,1,0,0.00,7.10,5
1390199771,2,2,2,7353,2.530727,0.000000,2.530727,-20.466175,-1.185257,77.537651,-1272.300659_1073.438354i,-1272.300659_1073.438354i,0,1,0,0.00,7.28,5
1390199771,2,2,2,7353,2.530727,0.000000,2.530727,-20.605801,-1.185257,77.537651,-1272.300659_1073.438354i,-1272.300659_1073.438354i,0,1,0,0.00,7.45,5
1390199771,2,2,2,7353,2.530727,0.000000,2.530727,-20.745428,-1.185257,77.537651,-1272.300659_1073.438354i,-1272.300659_1073.438354i,0,1,0,0.00,7.63,5
1390199771,2,2,2,7353,2.530727,0.000000,2.530727,-20.885054,-1.185257,77.537651,-1272.300659_1073.438354i,-1272.300659_1073.438354i,0,1,0,0.00,7.80,5
1390199772,2,2,2,7353,2.530727,0.000000,2.530727,-21.024681,-1.185257,77.537651,-1272.300659_1073.438354i,-1272.300659_1073.438354i,0,1,0,0.00,7.98,5
1390199772,2,2,2,7353,2.530727,0.000000,2.530727,-21.164307,-1.185257,77.537651,-1272.300659_1073.438354i,-1272.300659_1073.438354i,0,1,0,0.00,8.15,5
1390199772,2,2,2,7353,2.530727,0.000000,2.530727,-21.303932,-1.185257,77.537651,-1272.300659_1073.438354i,-1272.300659_1073.438354i,0,1,0,0.00,8.33,5
1390199772,2,2,2,7353,2.530727,0.000000,2.530727,-21.443560,-1.185257,77.537651,-1272.300659_1073.438354i,-1272.300659_1073.438354i,0,1,0,0.00,8.50,5
1390199773,2,2,2,7353,2.530727,0.000000,2.530727,-21.583185,-1.185257,77.537651,-1272.300659_1073.438354i,-1272.300659_1073.438354i,0,1,0,0.00,8.68,5
1390199773,2,2,2,7353,2.530727,0.000000,2.530727,-21.722813,-1.185257,77.537651,-1272.300659_1073.438354i,-1272.300659_1073.438354i,0,1,0,0.00,8.85,5
1390199773,2,2,2,7353,2.530727,0.000000,2.530727,-21.862438,-1.185257,77.537651,-1272.300659_1073.438354i,-1272.300659_1073.438354i,0,1,0,0.00,9.03,5
1390199773,2,2,2,7353,2.530727,0.000000,2.530727,-22.002066,-1.185257,77.537651,-1272.300659_1073.438354i,-1272.300659_1073.438354i,0,1,0,0.00,9.20,5
1390199774,2,2,2,7353,2.530727,0.000000,2.530727,-22.141691,-1.185257,77.537651,-1272.300659_1073.438354i,-1272.300659_1073.438354i,0,1,0,0.00,9.38,5
1390199774,2,2,2,7353,2.530727,0.000000,2.530727,-22.281317,-1.185257,77.537651,-1272.300659_1073.438354i,-1272.300659_1073.438354i,0,1,0,0.00,9.55,5
1390199774,2,2,2,7353,2.530727,0.000000,2.530727,-22.420944,-1.185257,77.537651,-1272.300659_1073.438354i,-1272.300659_1073.438354i,0,1,0,0.00,9.73,5
1390199774,2,2,2,7353,2.530727,0.000000,2.530727,-22.560570,-1.185257,77.537651,-1272.300659_1073.438354i,-1272.300659_1073.438354i,0,1,0,0.00,9.90,5
1390199775,2,2,2,7353,2.530727,0.000000,2.530727,-22.700197,-1.185257,77.537651,-1272.300659_1073.438354i,-1272.300659_1073.438354i,0,1,0,0.00,10.08,5
1390199775,2,2,2,7353,2.530727,0.000000,2.530727,-22.839823,-1.185257,77.537651,-1272.300659_1073.438354i,-1272.300659_1073.438354i,0,1,0,0.00,10.25,5
1390199775,2,2,2,7353,2.530727,0.000000,2.530727,-22.979448,-1.185257,77.537651,-1272.300659_1073.438354i,-1272.300659_1073.438354i,0,1,0,0.00,10.43,5
1390199775,2,2,2,7353,2.530727,0.000000,2.530727,-23.119076,-1.185257,77.537651,-1272.300659_1073.438354i,-1272.300659_1073.438354i,0,1,0,0.00,10.60,5
1390199776,2,2,2,7353,2.530727,0.000000,2.530727,-23.258701,-1.185257,77.537651,-1272.300659_1073.438354i,-1272.300659_1073.438354i,0,1,0,0.00,10.78,5
1390199776,2,2,2,7353,2.530727,0.000000,2.530727,-23.398329,-1.185257,77.537651,-1272.300659_1073.438354i,-1272.300659_1073.438354i,0,1,0,0.00,10.95,5
1390199776,2,2,2,7353,2.530727,0.000000,2.530727,-23.537954,-1.185257,77.537651,-1272.300659_1073.438354i,-1272.300659_1073.438354i,0,1,0,0.00,11.13,5
1390199776,2,2,2,7353,2.530727,0.000000,2.530727,-23.677580,-1.185257,77.537651,-1272.300659_1073.438354i,-1272.300659_1073.438354i,0,1,0,0.00,11.30,5
1390199777,2,2,2,7353,2.530727,0.000000,2.530727,-23.817207,-1.185257,77.537651,-1272.300659_1073.438354i,-1272.300659_1073.438354i,0,1,0,0.00,11.48,5
1390199777,2,2,2,7353,2.530727,0.000000,2.530727,-23.956833,-1.185257,77.537651,-1272.300659_1073.438354i,-1272.300659_1073.438354i,0,1,0,0.00,11.65,5
1390199777,2,2,2,7353,2.530727,0.000000,2.530727,-24.096460,-1.185257,77.537651,-1272.300659_1073.438354i,-1272.300659_1073.438354i,0,1,0,0.00,11.83,5
1390199777,2,2,2,7353,2.530727,0.000000,2.530727,-24.236086,-1.185257,77.537651,-1272.300659_1073.438354i,-1272.300659_1073.438354i,0,1,0,0.00,12.00,5
1390199778,2,2,2,7353,2.530727,0.000000,2.530727,-24.375713,-1.185257,77.537651,-1272.300659_1073.438354i,-1272.300659_1073.438354i,0,1,0,0.00,12.18,5
1390199778,2,2,2,7353,2.530727,0.000000,2.530727,-24.515339,-1.185257,77.537651,-1272.300659_1073.438354i,-1272.300659_1073.438354i,0,1,0,0.00,12.35,5
1390199778,2,2,2,7353,2.530727,0.000000,2.530727,-24.654964,-1.185257,77.537651,-1272.300659_1073.438354i,-1272.300659_1073.438354i,0,1,0,0.00,12.53,5
1390199778,2,2,2,7353,2.530727,0.000000,2.530727,-24.794592,-1.185257,77.537651,-1272.300659_1073.438354i,-1272.300659_1073.438354i,0,1,0,0.00,12.70,5
1390199779,2,2,2,0,2.530727,0.000000,2.530727,-24.794592,-1.185257,77.537651,-1272.300659_1073.438354i,-1272.300659_1073.438354i,0,1,0,0.00,12.70,5
1390199779,2,2,2,0,2.530727,0.000000,2.530727,-24.794592,-1.185257,77.537651,-1272.300659_1073.438354i,-1272.300659_1073.438354i,0,1,0,0.00,12.70,5
1390199779,2,2,2,0,2.530727,0.000000,2.530727,-24.794592,-1.185257,77.537651,-1272.300659_1073.438354i,-1272.300659_1073.438354i,0,1,0,0.00,12.70,5
1390199779,2,2,2,0,2.530727,0.000000,2.530727,-24.794592,-1.185257,77.537651,-1272.300659_1073.438354i,-1272.300659_1073.438354i,0,1,0,0.00,12.70,5
1390199780,2,2,2,0,2.530727,0.000000,2.530727,-24.794592,-1.185257,77.537651,-1272.300659_1073.438354i,-1272.300659_1073.438354i,0,1,0,0.00,12.70,5
1390199780,2,2,2,0,2.530727,0.000000,2.530727,-24.794592,-1.185257,77.537651,-1272.300659_1073.438354i,-1272.300659_1073.438354i,0,1,0,0.00,12.70,5
1390199780,2,2,2,0,2.530727,0.000000,2.530727,-24.794592,-1.185257,77.537651,-1272.300659_1073.438354i,-1272.300659_1073.438354i,0,1,0,0.00,12.70,5
1390199780,2,2,2,0,2.530727,0.000000,2.530727,-24.794592,-1.185257,77.537651,-1272.300659_1073.438354i,-1272.300659_1073.438354i,0,1,0,0.00,12.70,5
1390199781,2,2,2,0,2.530727,0.000000,2.530727,-24.794592,-1.185257,77.537651,-1272.300659_1073.438354i,-1272.300659_1073.438354i,0,1,0,0.00,12.70,5
1390199781,2,2,2,0,2.530727,0.000000,2.530727,-24.794592,-1.185257,77.537651,-1272.300659_1073.438354i,-1272.300659_1073.438354i,0,1,0,0.00,12.70,5
1390199781,2,2,2,0,2.530727,0.000000,2.530727,-24.794592,-1.185257,77.537651,-1272.300659_1073.438354i,-1272.300659_1073.438354i,0,1,0,0.00,12.70,5
1390199782,2,2,2,0,2.530727,0.000000,2.530727,-24.794592,-1.185257,77.537651,-1272.300659_1073.438354i,-1272.300659_1073.438354i,0,1,0,0.00,12.70,5
1390199782,2,2,2,0,2.530727,0.000000,2.530727,-24.794592,-1.185257,77.537651,-1272.300659_1073.438354i,-1272.300659_1073.438354i,0,1,0,0.00,12.70,5
1390199782,2,2,2,0,2.530727,0.000000,2.530727,-24.794592,-1.185257,77.537651,-1272.300659_1073.438354i,-1272.300659_1073.438354i,0,1,0,0.00,12.70,5
1390199782,2,2,2,0,2.530727,0.000000,2.530727,-24.794592,-1.185257,77.537651,-1272.300659_1073.438354i,-1272.300659_1073.438354i,0,1,0,0.00,12.70,5
1390199783,2,2,2,0,2.530727,0.000000,2.530727,-24.794592,-1.185257,77.537651,-1272.300659_1073.438354i,-1272.300659_1073.438354i,0,1,0,0.00,12.70,5
1390199783,2,2,2,0,2.530727,0.000000,2.530727,-24.794592,-1.185257,77.537651,-1272.300659_1073.438354i,-1272.300659_1073.438354i,0,1,0,0.00,12.70,5
1390199783,2,2,2,0,2.530727,0.000000,2.530727,-24.794592,-1.185257,77.537651,-1272.300659_1073.438354i,-1272.300659_1073.438354i,0,1,0,0.00,12.70,5
1390199783,2,2,2,0,2.530727,0.000000,2.530727,-24.794592,-1.185257,77.537651,-1272.300659_1073.438354i,-1272.300659_1073.438354i,0,1,0,0.00,12.70,5
1390199784,2,2,2,0,2.530727,0.000000,2.530727,-24.794592,-1.185257,77.537651,-1272.300659_1073.438354i,-1272.300659_1073.438354i,0,1,0,0.00,12.70,5
1390199784,2,2,2,0,2.530727,0.000000,2.530727,-24.794592,-1.185257,77.537651,-1272.300659_1073.438354i,-1272.300659_1073.438354i,0,1,0,0.00,12.70,5
1390199784,2,2,2,0,2.530727,0.000000,2.530727,-24.794592,-1.185257,77.537651,-1272.300659_1073.438354i,-1272.300659_1073.438354i,0,1,0,0.00,12.70,5
1390199784,2,2,2,0,2.530727,0.000000,2.530727,-24.794592,-1.185257,77.537651,-1272.300659_1073.438354i,-1272.300659_1073.438354i,0,1,0,0.00,12.70,5
1390199785,2,2,2,0,2.530727,0.000000,2.530727,-24.794592,-1.185257,77.537651,-1272.300659_1073.438354i,-1272.300659_1073.438354i,0,1,0,0.00,12.70,5
1390199785,2,2,2,0,2.530727,0.000000,2.530727,-24.794592,-1.185257,77.537651,-1272.300659_1073.438354i,-1272.300659_1073.438354i,0,1,0,0.00,12.70,5
1390199785,2,2,2,0,2.530727,0.000000,2.530727,-24.794592,-1.185257,77.537651,-1272.300659_1073.438354i,-1272.300659_1073.438354i,0,1,0,0.00,12.70,5
1390199785,2,2,2,0,2.530727,0.000000,2.530727,-24.794592,-1.185257,77.537651,-1272.300659_1073.438354i,-1272.300659_1073.438354i,0,1,0,0.00,12.70,5
1390199786,2,2,2,0,2.530727,0.000000,2.530727,-24.794592,-1.185257,77.537651,-1272.300659_1073.438354i,-1272.300659_1073.438354i,0,1,0,0.00,12.70,5
1390199786,2,2,2,0,2.530727,0.000000,2.530727,-24.794592,-1.185257,77.537651,-1272.300659_1073.438354i,-1272.300659_1073.438354i,0,1,0,0.00,12.70,5
1390199786,2,2,2,0,2.530727,0.000000,2.530727,-24.794592,-1.185257,77.537651,-1272.300659_1073.438354i,-1272.300659_1073.438354i,0,1,0,0.00,12.70,5
1390199786,2,2,2,0,2.530727,0.000000,2.530727,-24.794592,-1.185257,77.537651,-1272.300659_1073.438354i,-1272.300659_1073.438354i,0,1,0,0.00,12.70,5
1390199787,2,2,2,0,2.530727,0.000000,2.530727,-24.794592,-1.185257,77.537651,-1272.300659_1073.438354i,-1272.300659_1073.438354i,0,1,0,0.00,12.70,5
1390199787,2,2,2,0,2.530727,0.000000,2.530727,-24.794592,-1.185257,77.537651,-1272.300659_1073.438354i,-1272.300659_1073.438354i,0,1,0,0.00,12.70,5
1390199787,2,2,2,0,2.530727,0.000000,2.530727,-24.794592,-1.185257,77.537651,-1272.300659_1073.438354i,-1272.300659_1073.438354i,0,1,0,0.00,12.70,5
1390199787,2,2,2,0,2.530727,0.000000,2.530727,-24.794592,-1.185257,77.537651,-1272.300659_1073.438354i,-1272.300659_1073.438354i,0,1,0,0.00,12.70,5
1390199788,2,2,2,0,2.530727,0.000000,2.530727,-24.794592,-1.185257,77.537651,-1272.300659_1073.438354i,-1272.300659_1073.438354i,0,1,0,0.00,12.70,5
1390199788,2,2,2,0,2.530727,0.000000,2.530727,-24.794592,-1.185257,77.537651,-1272.300659_1073.438354i,-1272.300659_1073.438354i,0,1,0,0.00,12.70,5
1390199788,2,2,2,0,2.530727,0.000000,2.530727,-24.794592,-1.185257,77.537651,-1272.300659_1073.438354i,-1272.300659_1073.438354i,0,1,0,0.00,12.70,5
1390199788,2,2,2,0,2.530727,0.000000,2.530727,-24.794592,-1.185257,77.537651,-1272.300659_1073.438354i,-1272.300659_1073.438354i,0,1,0,0.00,12.70,5
1390199789,2,2,2,0,2.530727,0.000000,2.530727,-24.794592,-1.185257,77.537651,-1272.300659_1073.438354i,-1272.300659_1073.438354i,0,1,0,0.00,12.70,5
1390199789,2,2,2,0,2.530727,0.000000,2.530727,-24.794592,-1.185257,77.537651,-1272.300659_1073.438354i,-1272.300659_1073.438354i,0,1,0,0.00,12.70,5
1390199789,2,2,2,0,2.530727,0.000000,2.530727,-24.794592,-1.185257,77.537651,-1272.300659_1073.438354i,-1272.300659_1073.438354i,0,1,0,0.00,12.70,5
1390199789,2,2,2,0,2.530727,0.000000,2.530727,-24.794592,-1.185257,77.537651,-1272.300659_1073.438354i,-1272.300659_1073.438354i,0,1,0,0.00,12.70,5
1390199790,2,2,2,0,2.530727,0.000000,2.530727,-24.794592,-1.185257,77.537651,-1272.300659_1073.438354i,-1272.300659_1073.438354i,0,1,0,0.00,12.70,5
1390199790,2,2,2,0,2.530727,0.000000,2.530727,-24.794592,-1.185257,77.537651,-1272.300659_1073.438354i,-1272.300659_1073.438354i,0,1,0,0.00,12.70,5
1390199790,2,2,2,0,2.530727,0.000000,2.530727,-24.794592,-1.185257,77.537651,-1272.300659_1073.438354i,-1272.300659_1073.438354i,0,1,0,0.00,12.70,5
1390199790,2,2,2,0,2.530727,0.000000,2.530727,-24.794592,-1.185257,77.537651,-1272.300659_1073.438354i,-1272.300659_1073.438354i,0,1,0,0.00,12.70,5
1390199791,2,2,2,0,2.530727,0.000000,2.530727,-24.794592,-1.185257,77.537651,-1272.300659_1073.438354i,-1272.300659_1073.438354i,0,1,0,0.00,12.70,5
1390199791,2,2,2,0,2.530727,0.000000,2.530727,-24.794592,-1.185257,77.537651,-1272.300659_1073.438354i,-1272.300659_1073.438354i,0,1,0,0.00,12.70,5
1390199791,2,2,2,0,2.530727,0.000000,2.530727,-24.794592,-1.185257,77.537651,-1272.300659_1073.438354i,-1272.300659_1073.438354i,0,1,0,0.00,12.70,5
1390199791,2,2,2,0,2.530727,0.000000,2.530727,-24.794592,-1.185257,77.537651,-1272.300659_1073.438354i,-1272.300659_1073.438354i,0,1,0,0.00,12.70,5
1390199792,2,2,2,0,2.530727,0.000000,2.530727,-24.794592,-1.185257,77.537651,-1272.300659_1073.438354i,-1272.300659_1073.438354i,0,1,0,0.00,12.70,5
1390199792,2,2,2,0,2.530727,0.000000,2.530727,-24.794592,-1.185257,77.537651,-1272.300659_1073.438354i,-1272.300659_1073.438354i,0,1,0,0.00,12.70,5
1390199792,2,2,2,0,2.530727,0.000000,2.530727,-24.794592,-1.185257,77.537651,-1272.300659_1073.438354i,-1272.300659_1073.438354i,0,1,0,0.00,12.70,5
1390199792,2,2,2,0,2.530727,0.000000,2.530727,-24.794592,-1.185257,77.537651,-1272.300659_1073.438354i,-1272.300659_1073.438354i,0,1,0,0.00,12.70,5
1390199793,2,2,2,0,2.530727,0.000000,2.530727,-24.794592,-1.185257,77.537651,-1272.300659_1073.438354i,-1272.300659_1073.438354i,0,1,0,0.00,12.70,5
1390199793,2,2,2,0,2.530727,0.000000,2.530727,-24.794592,-1.185257,77.537651,-1272.300659_1073.438354i,-1272.300659_1073.438354i,0,1,0,0.00,12.70,5
1390199793,2,2,2,0,2.530727,0.000000,2.530727,-24.794592,-1.185257,77.537651,-1272.300659_1073.438354i,-1272.300659_1073.438354i,0,1,0,0.00,12.70,5
1390199793,2,2,2,0,2.530727,0.000000,2.530727,-24.794592,-1.185257,77.537651,-1272.300659_1073.438354i,-1272.300659_1073.438354i,0,1,0,0.00,12.70,5
1390199794,2,2,2,0,2.530727,0.000000,2.530727,-24.794592,-1.185257,77.537651,-1272.300659_1073.438354i,-1272.300659_1073.438354i,0,1,0,0.00,12.70,5
1390199794,2,2,2,0,2.530727,0.000000,2.530727,-24.794592,-1.185257,77.537651,-1272.300659_1073.438354i,-1272.300659_1073.438354i,0,1,0,0.00,12.70,5
1390199794,2,2,2,0,2.530727,0.000000,2.530727,-24.794592,-1.185257,77.537651,-1272.300659_1073.438354i,-1272.300659_1073.438354i,0,1,0,0.00,12.70,5
1390199794,2,2,2,0,2.530727,0.000000,2.530727,-24.794592,-1.185257,77.537651,-1272.300659_1073.438354i,-1272.300659_1073.438354i,0,1,0,0.00,12.70,5
1390199795,2,2,2,0,2.530727,0.000000,2.530727,-24.794592,-1.185257,77.537651,-1272.300659_1073.438354i,-1272.300659_1073.438354i,0,1,0,0.00,12.70,5
1390199795,2,2,2,0,2.530727,0.000000,2.530727,-24.794592,-1.185257,77.537651,-1272.300659_1073.438354i,-1272.300659_1073.438354i,0,1,0,0.00,12.70,5
1390199795,2,2,2,0,2.530727,0.000000,2.530727,-24.794592,-1.185257,77.537651,-1272.300659_1073.438354i,-1272.300659_1073.438354i,0,1,0,0.00,12.70,5
1390199795,2,2,2,0,2.530727,0.000000,2.530727,-24.794592,-1.185257,77.537651,-1272.300659_1073.438354i,-1272.300659_1073.438354i,0,1,0,0.00,12.70,5
1390199796,2,2,2,0,2.530727,0.000000,2.530727,-24.794592,-1.185257,77.537651,-1272.300659_1073.438354i,-1272.300659_1073.438354i,0,1,0,0.00,12.70,5
1390199796,2,2,2,0,2.530727,0.000000,2.530727,-24.794592,-1.185257,77.537651,-1272.300659_1073.438354i,-1272.300659_1073.438354i,0,1,0,0.00,12.70,5
1390199796,2,2,2,0,2.530727,0.000000,2.530727,-24.794592,-1.185257,77.537651,-1272.300659_1073.438354i,-1272.300659_1073.438354i,0,1,0,0.00,12.70,5
1390199796,2,2,2,0,2.530727,0.000000,2.530727,-24.794592,-1.185257,77.537651,-1272.300659_1073.438354i,-1272.300659_1073.438354i,0,1,0,0.00,12.70,5
1390199797,2,2,2,0,2.530727,0.000000,2.530727,-24.794592,-1.185257,77.537651,-1272.300659_1073.438354i,-1272.300659_1073.438354i,0,1,0,0.00,12.70,5
1390199797,2,2,2,0,2.530727,0.000000,2.530727,-24.794592,-1.185257,77.537651,-1272.300659_1073.438354i,-1272.300659_1073.438354i,0,1,0,0.00,12.70,5
1390199797,2,2,2,0,2.530727,0.000000,2.530727,-24.794592,-1.185257,77.537651,-1272.300659_1073.438354i,-1272.300659_1073.438354i,0,1,0,0.00,12.70,5
1390199797,2,2,2,0,2.530727,0.000000,2.530727,-24.794592,-1.185257,77.537651,-1272.300659_1073.438354i,-1272.300659_1073.438354i,0,1,0,0.00,12.70,5
1390199798,2,2,2,0,2.530727,0.000000,2.530727,-24.794592,-1.185257,77.537651,-1272.300659_1073.438354i,-1272.300659_1073.438354i,0,1,0,0.00,12.70,5
1390199798,2,2,2,0,2.530727,0.000000,2.530727,-24.794592,-1.185257,77.537651,-1272.300659_1073.438354i,-1272.300659_1073.438354i,0,1,0,0.00,12.70,5
1390199798,2,2,2,0,2.530727,0.000000,2.530727,-24.794592,-1.185257,77.537651,-1272.300659_1073.438354i,-1272.300659_1073.438354i,0,1,0,0.00,12.70,5
1390199798,2,2,2,0,2.530727,0.000000,2.530727,-24.794592,-1.185257,77.537651,-1272.300659_1073.438354i,-1272.300659_1073.438354i,0,1,0,0.00,12.70,5
1390199799,2,2,2,0,2.530727,0.000000,2.530727,-24.794592,-1.185257,77.537651,-1272.300659_1073.438354i,-1272.300659_1073.438354i,0,1,0,0.00,12.70,5
1390199799,2,2,2,0,2.530727,0.000000,2.530727,-24.794592,-1.185257,77.537651,-1272.300659_1073.438354i,-1272.300659_1073.438354i,0,1,0,0.00,12.70,5
1390199799,2,2,2,0,2.530727,0.000000,2.530727,-24.794592,-1.185257,77.537651,-1272.300659_1073.438354i,-1272.300659_1073.438354i,0,1,0,0.00,12.70,5
1390199799,2,2,2,0,2.530727,0.000000,2.530727,-24.794592,-1.185257,77.537651,-1272.300659_1073.438354i,-1272.300659_1073.438354i,0,1,0,0.00,12.70,5
1390199800,2,2,2,0,2.530727,0.000000,2.530727,-24.794592,-1.185257,77.537651,-1272.300659_1073.438354i,-1272.300659_1073.438354i,0,1,0,0.00,12.70,5
1390199800,2,2,2,0,2.530727,0.000000,2.530727,-24.794592,-1.185257,77.537651,-1272.300659_1073.438354i,-1272.300659_1073.438354i,0,1,0,0.00,12.70,5
1390199800,2,2,2,0,2.530727,0.000000,2.530727,-24.794592,-1.185257,77.537651,-1272.300659_1073.438354i,-1272.300659_1073.438354i,0,1,0,0.00,12.70,5
1390199800,2,2,2,0,2.530727,0.000000,2.530727,-24.794592,-1.185257,77.537651,-1272.300659_1073.438354i,-1272.300659_1073.438354i,0,1,0,0.00,12.70,5
1390199801,2,2,2,0,2.530727,0.000000,2.530727,-24.794592,-1.185257,77.537651,-1272.300659_1073.438354i,-1272.300659_1073.438354i,0,1,0,0.00,12.70,5
1390199801,2,2,2,0,2.530727,0.000000,2.530727,-24.794592,-1.185257,77.537651,-1272.300659_1073.438354i,-1272.300659_1073.438354i,0,1,0,0.00,12.70,5
1390199801,2,2,2,0,2.530727,0.000000,2.530727,-24.794592,-1.185257,77.537651,-1272.300659_1073.438354i,-1272.300659_1073.438354i,0,1,0,0.00,12.70,5
1390199801,2,2,2,0,2.530727,0.000000,2.530727,-24.794592,-1.185257,77.537651,-1272.300659_1073.438354i,-1272.300659_1073.438354i,0,1,0,0.00,12.70,5
1390199802,2,2,2,0,2.530727,0.000000,2.530727,-24.794592,-1.185257,77.537651,-1272.300659_1073.438354i,-1272.300659_1073.438354i,0,1,0,0.00,12.70,5
1390199802,2,2,2,0,2.530727,0.000000,2.530727,-24.794592,-1.185257,77.537651,-1272.300659_1073.438354i,-1272.300659_1073.438354i,0,1,0,0.00,12.70,5
1390199802,2,2,2,0,2.530727,0.000000,2.530727,-24.794592,-1.185257,77.537651,-1272.300659_1073.438354i,-1272.300659_1073.438354i,0,1,0,0.00,12.70,5
1390199802,2,2,2,0,2.530727,0.000000,2.530727,-24.794592,-1.185257,77.537651,-1272.300659_1073.438354i,-1272.300659_1073.438354i,0,1,0,0.00,12.70,5
1390199803,2,2,2,0,2.530727,0.000000,2.530727,-24.794592,-1.185257,77.537651,-1272.300659_1073.438354i,-1272.300659_1073.438354i,0,1,0,0.00,12.70,5
1390199803,2,2,2,0,2.530727,0.000000,2.530727,-24.794592,-1.185257,77.537651,-1272.300659_1073.438354i,-1272.300659_1073.438354i,0,1,0,0.00,12.70,5
1390199803,2,2,2,0,2.530727,0.000000,2.530727,-24.794592,-1.185257,77.537651,-1272.300659_1073.438354i,-1272.300659_1073.438354i,0,1,0,0.00,12.70,5
1390199803,2,2,2,0,2.530727,0.000000,2.530727,-24.794592,-1.185257,77.537651,-1272.300659_1073.438354i,-1272.300659_1073.438354i,0,1,0,0.00,12.70,5
1390199804,2,2,2,0,2.530727,0.000000,2.530727,-24.794592,-1.185257,77.537651,-1272.300659_1073.438354i,-1272.300659_1073.438354i,0,1,0,0.00,12.70,5
1390199804,2,2,2,0,2.530727,0.000000,2.530727,-24.794592,-1.185257,77.537651,-1272.300659_1073.438354i,-1272.300659_1073.438354i,0,1,0,0.00,12.70,5
1390199804,2,2,2,0,2.530727,0.000000,2.530727,-24.794592,-1.185257,77.537651,-1272.300659_1073.438354i,-1272.300659_1073.438354i,0,1,0,0.00,12.70,5
1390199804,2,2,2,0,2.530727,0.000000,2.530727,-24.794592,-1.185257,77.537651,-1272.300659_1073.438354i,-1272.300659_1073.438354i,0,1,0,0.00,12.70,5
1390199805,2,2,2,0,2.530727,0.000000,2.530727,-24.794592,-1.185257,77.537651,-1272.300659_1073.438354i,-1272.300659_1073.438354i,0,1,0,0.00,12.70,5
1390199805,2,2,2,0,2.530727,0.000000,2.530727,-24.794592,-1.185257,77.537651,-1272.300659_1073.438354i,-1272.300659_1073.438354i,0,1,0,0.00,12.70,5
1390199805,2,2,2,0,2.530727,0.000000,2.530727,-24.794592,-1.185257,77.537651,-1272.300659_1073.438354i,-1272.300659_1073.438354i,0,1,0,0.00,12.70,5
1390199805,2,2,2,0,2.530727,0.000000,2.530727,-24.794592,-1.185257,77.537651,-1272.300659_1073.438354i,-1272.300659_1073.438354i,0,1,0,0.00,12.70,5
1390199806,2,2,2,0,2.530727,0.000000,2.530727,-24.794592,-1.185257,77.537651,-1272.300659_1073.438354i,-1272.300659_1073.438354i,0,1,0,0.00,12.70,5
1390199806,2,2,2,0,2.530727,0.000000,2.530727,-24.794592,-1.185257,77.537651,-1272.300659_1073.438354i,-1272.300659_1073.438354i,0,1,0,0.00,12.70,5
1390199806,2,2,2,0,2.530727,0.000000,2.530727,-24.794592,-1.185257,77.537651,-1272.300659_1073.438354i,-1272.300659_1073.438354i,0,1,0,0.00,12.70,5
1390199806,2,2,2,0,2.530727,0.000000,2.530727,-24.794592,-1.185257,77.537651,-1272.300659_1073.438354i,-1272.300659_1073.438354i,0,1,0,0.00,12.70,5
1390199807,2,2,2,0,2.530727,0.000000,2.530727,-24.794592,-1.185257,77.537651,-1272.300659_1073.438354i,-1272.300659_1073.438354i,0,1,0,0.00,12.70,5
1390199807,2,2,2,0,2.530727,0.000000,2.530727,-24.794592,-1.185257,77.537651,-1272.300659_1073.438354i,-1272.300659_1073.438354i,0,1,0,0.00,12.70,5
1390199807,2,2,2,0,2.530727,0.000000,2.530727,-24.794592,-1.185257,77.537651,-1272.300659_1073.438354i,-1272.300659_1073.438354i,0,1,0,0.00,12.70,5
1390199807,2,2,2,0,2.530727,0.000000,2.530727,-24.794592,-1.185257,77.537651,-1272.300659_1073.438354i,-1272.300659_1073.438354i,0,1,0,0.00,12.70,5
1390199808,2,2,2,0,2.530727,0.000000,2.530727,-24.794592,-1.185257,77.537651,-1272.300659_1073.438354i,-1272.300659_1073.438354i,0,1,0,0.00,12.70,5
1390199808,2,2,2,0,2.530727,0.000000,2.530727,-24.794592,-1.185257,77.537651,-1272.300659_1073.438354i,-1272.300659_1073.438354i,0,1,0,0.00,12.70,5
1390199808,2,2,2,0,2.530727,0.000000,2.530727,-24.794592,-1.185257,77.537651,-1272.300659_1073.438354i,-1272.300659_1073.438354i,0,1,0,0.00,12.70,5
1390199808,2,2,2,0,2.530727,0.000000,2.530727,-24.794592,-1.185257,77.537651,-1272.300659_1073.438354i,-1272.300659_1073.438354i,0,1,0,0.00,12.70,5
1390199809,2,2,2,0,2.530727,0.000000,2.530727,-24.794592,-1.185257,77.537651,-1272.300659_1073.438354i,-1272.300659_1073.438354i,0,1,0,0.00,12.70,5
1390199809,2,2,2,0,2.530727,0.000000,2.530727,-24.794592,-1.185257,77.537651,-1272.300659_1073.438354i,-1272.300659_1073.438354i,0,1,0,0.00,12.70,5
1390199809,2,2,2,0,2.530727,0.000000,2.530727,-24.794592,-1.185257,77.537651,-1272.300659_1073.438354i,-1272.300659_1073.438354i,0,1,0,0.00,12.70,5
1390199809,2,2,2,0,2.530727,0.000000,2.530727,-24.794592,-1.185257,77.537651,-1272.300659_1073.438354i,-1272.300659_1073.438354i,0,1,0,0.00,12.70,5
1390199810,2,2,2,0,2.530727,0.000000,2.530727,-24.794592,-1.185257,77.537651,-1272.300659_1073.438354i,-1272.300659_1073.438354i,0,1,0,0.00,12.70,5
1390199810,2,2,2,0,2.530727,0.000000,2.530727,-24.794592,-1.185257,77.537651,-1272.300659_1073.438354i,-1272.300659_1073.438354i,0,1,0,0.00,12.70,5
1390199810,2,2,2,0,2.530727,0.000000,2.530727,-24.794592,-1.185257,77.537651,-1272.300659_1073.438354i,-1272.300659_1073.438354i,0,1,0,0.00,12.70,5
1390199810,2,2,2,0,2.530727,0.000000,2.530727,-24.794592,-1.185257,77.537651,-1272.300659_1073.438354i,-1272.300659_1073.438354i,0,1,0,0.00,12.70,5
1390199811,2,2,2,0,2.530727,0.000000,2.530727,-24.794592,-1.185257,77.537651,-1272.300659_1073.438354i,-1272.300659_1073.438354i,0,1,0,0.00,12.70,5
1390199811,2,2,2,0,2.530727,0.000000,2.530727,-24.794592,-1.185257,77.537651,-1272.300659_1073.438354i,-1272.300659_1073.438354i,0,1,0,0.00,12.70,5
1390199811,2,2,2,0,2.530727,0.000000,2.530727,-24.794592,-1.185257,77.537651,-1272.300659_1073.438354i,-1272.300659_1073.438354i,0,1,0,0.00,12.70,5
1390199811,2,2,2,0,2.530727,0.000000,2.530727,-24.794592,-1.185257,77.537651,-1272.300659_1073.438354i,-1272.300659_1073.438354i,0,1,0,0.00,12.70,5
1390199812,2,2,2,0,2.530727,0.000000,2.530727,-24.794592,-1.185257,77.537651,-1272.300659_1073.438354i,-1272.300659_1073.438354i,0,1,0,0.00,12.70,5
1390199812,2,2,2,0,2.530727,0.000000,2.530727,-24.794592,-1.185257,77.537651,-1272.300659_1073.438354i,-1272.300659_1073.438354i,0,1,0,0.00,12.70,5
1390199812,2,2,2,0,2.530727,0.000000,2.530727,-24.794592,-1.185257,77.537651,-1272.300659_1073.438354i,-1272.300659_1073.438354i,0,1,0,0.00,12.70,5
1390199812,2,2,2,0,2.530727,0.000000,2.530727,-24.794592,-1.185257,77.537651,-1272.300659_1073.438354i,-1272.300659_1073.438354i,0,1,0,0.00,12.70,5
1390199813,2,2,2,0,2.530727,0.000000,2.530727,-24.794592,-1.185257,77.537651,-1272.300659_1073.438354i,-1272.300659_1073.438354i,0,1,0,0.00,12.70,5
1390199813,2,2,2,0,2.530727,0.000000,2.530727,-24.794592,-1.185257,77.537651,-1272.300659_1073.438354i,-1272.300659_1073.438354i,0,1,0,0.00,12.70,5
1390199813,2,2,2,0,2.530727,0.000000,2.530727,-24.794592,-1.185257,77.537651,-1272.300659_1073.438354i,-1272.300659_1073.438354i,0,1,0,0.00,12.70,5
1390199813,2,2,2,0,2.530727,0.000000,2.530727,-24.794592,-1.185257,77.537651,-1272.300659_1073.438354i,-1272.300659_1073.438354i,0,1,0,0.00,12.70,5
1390199814,2,2,2,0,2.530727,0.000000,2.530727,-24.794592,-1.185257,77.537651,-1272.300659_1073.438354i,-1272.300659_1073.438354i,0,1,0,0.00,12.70,5
1390199814,2,2,2,0,2.530727,0.000000,2.530727,-24.794592,-1.185257,77.537651,-1272.300659_1073.438354i,-1272.300659_1073.438354i,0,1,0,0.00,12.70,5
1390199814,2,2,2,0,2.530727,0.000000,2.530727,-24.794592,-1.185257,77.537651,-1272.300659_1073.438354i,-1272.300659_1073.438354i,0,1,0,0.00,12.70,5
1390199814,2,2,2,0,2.530727,0.000000,2.530727,-24.794592,-1.185257,77.537651,-1272.300659_1073.438354i,-1272.300659_1073.438354i,0,1,0,0.00,12.70,5
1390199815,2,2,2,0,2.530727,0.000000,2.530727,-24.794592,-1.185257,77.537651,-1272.300659_1073.438354i,-1272.300659_1073.438354i,0,1,0,0.00,12.70,5
1390199815,2,2,2,0,2.530727,0.000000,2.530727,-24.794592,-1.185257,77.537651,-1272.300659_1073.438354i,-1272.300659_1073.438354i,0,1,0,0.00,12.70,5
1390199815,2,2,2,0,2.530727,0.000000,2.530727,-24.794592,-1.185257,77.537651,-1272.300659_1073.438354i,-1272.300659_1073.438354i,0,1,0,0.00,12.70,5
1390199815,2,2,2,0,2.530727,0.000000,2.530727,-24.794592,-1.185257,77.537651,-1272.300659_1073.438354i,-1272.300659_1073.438354i,0,1,0,0.00,12.70,5
1390199816,2,2,2,0,2.530727,0.000000,2.530727,-24.794592,-1.185257,77.537651,-1272.300659_1073.438354i,-1272.300659_1073.438354i,0,1,0,0.00,12.70,5
1390199816,2,2,2,0,2.530727,0.000000,2.530727,-24.794592,-1.185257,77.537651,-1272.300659_1073.438354i,-1272.300659_1073.438354i,0,1,0,0.00,12.70,5
1390199816,2,2,2,0,2.530727,0.000000,2.530727,-24.794592,-1.185257,77.537651,-1272.300659_1073.438354i,-1272.300659_1073.438354i,0,1,0,0.00,12.70,5
1390199816,2,2,2,0,2.530727,0.000000,2.530727,-24.794592,-1.185257,77.537651,-1272.300659_1073.438354i,-1272.300659_1073.438354i,0,1,0,0.00,12.70,5
1390199817,2,2,2,0,2.530727,0.000000,2.530727,-24.794592,-1.185257,77.537651,-1272.300659_1073.438354i,-1272.300659_1073.438354i,0,1,0,0.00,12.70,5
1390199817,2,2,2,0,2.530727,0.000000,2.530727,-24.794592,-1.185257,77.537651,-1272.300659_1073.438354i,-1272.300659_1073.438354i,0,1,0,0.00,12.70,5
1390199817,2,2,2,0,2.530727,0.000000,2.530727,-24.794592,-1.185257,77.537651,-1272.300659_1073.438354i,-1272.300659_1073.438354i,0,1,0,0.00,12.70,5
1390199817,2,2,2,0,2.530727,0.000000,2.530727,-24.794592,-1.185257,77.537651,-1272.300659_1073.438354i,-1272.300659_1073.438354i,0,1,0,0.00,12.70,5
1390199818,2,2,2,0,2.530727,0.000000,2.530727,-24.794592,-1.185257,77.537651,-1272.300659_1073.438354i,-1272.300659_1073.438354i,0,1,0,0.00,12.70,5
1390199818,2,2,2,0,2.530727,0.000000,2.530727,-24.794592,-1.185257,77.537651,-1272.300659_1073.438354i,-1272.300659_1073.438354i,0,1,0,0.00,12.70,5
1390199818,2,2,2,0,2.530727,0.000000,2.530727,-24.794592,-1.185257,77.537651,-1272.300659_1073.438354i,-1272.300659_1073.438354i,0,1,0,0.00,12.70,5
1390199818,2,2,2,0,2.530727,0.000000,2.530727,-24.794592,-1.185257,77.537651,-1272.300659_1073.438354i,-1272.300659_1073.438354i,0,1,0,0.00,12.70,5
1390199819,2,2,2,0,2.530727,0.000000,2.530727,-24.794592,-1.185257,77.537651,-1272.300659_1073.438354i,-1272.300659_1073.438354i,0,1,0,0.00,12.70,5
1390199819,2,2,2,0,2.530727,0.000000,2.530727,-24.794592,-1.185257,77.537651,-1272.300659_1073.438354i,-1272.300659_1073.438354i,0,1,0,0.00,12.70,5
1390199819,2,2,2,0,2.530727,0.000000,2.530727,-24.794592,-1.185257,77.537651,-1272.300659_1073.438354i,-1272.300659_1073.438354i,0,1,0,0.00,12.70,5
1390199819,2,2,2,0,2.530727,0.000000,2.530727,-24.794592,-1.185257,77.537651,-1272.300659_1073.438354i,-1272.300659_1073.438354i,0,1,0,0.00,12.70,5
1390199820,2,2,2,0,2.530727,0.000000,2.530727,-24.794592,-1.185257,77.537651,-1272.300659_1073.438354i,-1272.300659_1073.438354i,0,1,0,0.00,12.70,5
1390199820,2,2,2,0,2.530727,0.000000,2.530727,-24.794592,-1.185257,77.537651,-1272.300659_1073.438354i,-1272.300659_1073.438354i,0,1,0,0.00,12.70,5
1390199820,2,2,2,0,2.530727,0.000000,2.530727,-24.794592,-1.185257,77.537651,-1272.300659_1073.438354i,-1272.300659_1073.438354i,0,1,0,0.00,12.70,5
1390199820,2,2,2,0,2.530727,0.000000,2.530727,-24.794592,-1.185257,77.537651,-1272.300659_1073.438354i,-1272.300659_1073.438354i,0,1,0,0.00,12.70,5
1390199821,2,2,2,0,2.530727,0.000000,2.530727,-24.794592,-1.185257,77.537651,-1272.300659_1073.438354i,-1272.300659_1073.438354i,0,1,0,0.00,12.70,5
1390199821,2,2,2,0,2.530727,0.000000,2.530727,-24.794592,-1.185257,77.537651,-1272.300659_1073.438354i,-1272.300659_1073.438354i,0,1,0,0.00,12.70,5
1390199821,2,2,2,0,2.530727,0.000000,2.530727,-24.794592,-1.185257,77.537651,-1272.300659_1073.438354i,-1272.300659_1073.438354i,0,1,0,0.00,12.70,5
1390199821,2,2,2,0,2.530727,0.000000,2.530727,-24.794592,-1.185257,77.537651,-1272.300659_1073.438354i,-1272.300659_1073.438354i,0,1,0,0.00,12.70,5
1390199822,2,2,2,0,2.530727,0.000000,2.530727,-24.794592,-1.185257,77.537651,-1272.300659_1073.438354i,-1272.300659_1073.438354i,0,1,0,0.00,12.70,5
1390199822,2,2,2,0,2.530727,0.000000,2.530727,-24.794592,-1.185257,77.537651,-1272.300659_1073.438354i,-1272.300659_1073.438354i,0,1,0,0.00,12.70,5
1390199822,2,2,2,0,2.530727,0.000000,2.530727,-24.794592,-1.185257,77.537651,-1272.300659_1073.438354i,-1272.300659_1073.438354i,0,1,0,0.00,12.70,5
1390199822,2,2,2,0,2.530727,0.000000,2.530727,-24.794592,-1.185257,77.537651,-1272.300659_1073.438354i,-1272.300659_1073.438354i,0,1,0,0.00,12.70,5
1390199823,2,2,2,0,2.530727,0.000000,2.530727,-24.794592,-1.185257,77.537651,-1272.300659_1073.438354i,-1272.300659_1073.438354i,0,1,0,0.00,12.70,5
1390199823,2,2,2,0,2.530727,0.000000,2.530727,-24.794592,-1.185257,77.537651,-1272.300659_1073.438354i,-1272.300659_1073.438354i,0,1,0,0.00,12.70,5
1390199823,2,2,2,0,2.530727,0.000000,2.530727,-24.794592,-1.185257,77.537651,-1272.300659_1073.438354i,-1272.300659_1073.438354i,0,1,0,0.00,12.70,5
1390199823,2,2,2,0,2.530727,0.000000,2.530727,-24.794592,-1.185257,77.537651,-1272.300659_1073.438354i,-1272.300659_1073.438354i,0,1,0,0.00,12.70,5
1390199824,2,2,2,0,2.530727,0.000000,2.530727,-24.794592,-1.185257,77.537651,-1272.300659_1073.438354i,-1272.300659_1073.438354i,0,1,0,0.00,12.70,5
1390199824,2,2,2,0,2.530727,0.000000,2.530727,-24.794592,-1.185257,77.537651,-1272.300659_1073.438354i,-1272.300659_1073.438354i,0,1,0,0.00,12.70,5
1390199824,2,2,2,0,2.530727,0.000000,2.530727,-24.794592,-1.185257,77.537651,-1272.300659_1073.438354i,-1272.300659_1073.438354i,0,1,0,0.00,12.70,5
1390199824,2,2,2,0,2.530727,0.000000,2.530727,-24.794592,-1.185257,77.537651,-1272.300659_1073.438354i,-1272.300659_1073.438354i,0,1,0,0.00,12.70,5
1390199825,2,2,2,0,2.530727,0.000000,2.530727,-24.794592,-1.185257,77.537651,-1272.300659_1073.438354i,-1272.300659_1073.438354i,0,1,0,0.00,12.70,5
1390199825,2,2,2,0,2.530727,0.000000,2.530727,-24.794592,-1.185257,77.537651,-1272.300659_1073.438354i,-1272.300659_1073.438354i,0,1,0,0.00,12.70,5
1390199825,2,2,2,0,2.530727,0.000000,2.530727,-24.794592,-1.185257,77.537651,-1272.300659_1073.438354i,-1272.300659_1073.438354i,0,1,0,0.00,12.70,5
1390199825,2,2,2,0,2.530727,0.000000,2.530727,-24.794592,-1.185257,77.537651,-1272.300659_1073.438354i,-1272.300659_1073.438354i,0,1,0,0.00,12.70,5
1390199826,2,2,2,0,2.530727,0.000000,2.530727,-24.794592,-1.185257,77.537651,-1272.300659_1073.438354i,-1272.300659_1073.438354i,0,1,0,0.00,12.70,5
1390199826,2,2,2,0,2.530727,0.000000,2.530727,-24.794592,-1.185257,77.537651,-1272.300659_1073.438354i,-1272.300659_1073.438354i,0,1,0,0.00,12.70,5
1390199826,2,2,2,0,2.530727,0.000000,2.530727,-24.794592,-1.185257,77.537651,-1272.300659_1073.438354i,-1272.300659_1073.438354i,0,1,0,0.00,12.70,5
1390199826,2,2,2,0,2.530727,0.000000,2.530727,-24.794592,-1.185257,77.537651,-1272.300659_1073.438354i,-1272.300659_1073.438354i,0,1,0,0.00,12.70,5
1390199827,2,2,2,0,2.530727,0.000000,2.530727,-24.794592,-1.185257,77.537651,-1272.300659_1073.438354i,-1272.300659_1073.438354i,0,1,0,0.00,12.70,5
1390199827,2,2,2,0,2.530727,0.000000,2.530727,-24.794592,-1.185257,77.537651,-1272.300659_1073.438354i,-1272.300659_1073.438354i,0,1,0,0.00,12.70,5
1390199827,2,2,2,0,2.530727,0.000000,2.530727,-24.794592,-1.185257,77.537651,-1272.300659_1073.438354i,-1272.300659_1073.438354i,0,1,0,0.00,12.70,5
1390199827,2,2,2,0,2.530727,0.000000,2.530727,-24.794592,-1.185257,77.537651,-1272.300659_1073.438354i,-1272.300659_1073.438354i,0,1,0,0.00,12.70,5
1390199828,2,2,2,0,2.530727,0.000000,2.530727,-24.794592,-1.185257,77.537651,-1272.300659_1073.438354i,-1272.300659_1073.438354i,0,1,0,0.00,12.70,5
1390199828,2,2,2,0,2.530727,0.000000,2.530727,-24.794592,-1.185257,77.537651,-1272.300659_1073.438354i,-1272.300659_1073.438354i,0,1,0,0.00,12.70,5
1390199828,2,2,2,0,2.530727,0.000000,2.530727,-24.794592,-1.185257,77.537651,-1272.300659_1073.438354i,-1272.300659_1073.438354i,0,1,0,0.00,12.70,5
1390199828,2,2,2,0,2.530727,0.000000,2.530727,-24.794592,-1.185257,77.537651,-1272.300659_1073.438354i,-1272.300659_1073.438354i,0,1,0,0.00,12.70,5
1390199829,2,2,2,0,2.530727,0.000000,2.530727,-24.794592,-1.185257,77.537651,-1272.300659_1073.438354i,-1272.300659_1073.438354i,0,1,0,0.00,12.70,5
1390199829,2,2,2,0,2.530727,0.000000,2.530727,-24.794592,-1.185257,77.537651,-1272.300659_1073.438354i,-1272.300659_1073.438354i,0,1,0,0.00,12.70,5
1390199829,2,2,2,0,2.530727,0.000000,2.530727,-24.794592,-1.185257,77.537651,-1272.300659_1073.438354i,-1272.300659_1073.438354i,0,1,0,0.00,12.70,5
1390199829,2,2,2,0,2.530727,0.000000,2.530727,-24.794592,-1.185257,77.537651,-1272.300659_1073.438354i,-1272.300659_1073.438354i,0,1,0,0.00,12.70,5
1390199830,2,2,2,0,2.530727,0.000000,2.530727,-24.794592,-1.185257,77.537651,-1272.300659_1073.438354i,-1272.300659_1073.438354i,0,1,0,0.00,12.70,5
1390199830,2,2,2,0,2.530727,0.000000,2.530727,-24.794592,-1.185257,77.537651,-1272.300659_1073.438354i,-1272.300659_1073.438354i,0,1,0,0.00,12.70,5
1390199830,2,2,2,0,2.530727,0.000000,2.530727,-24.794592,-1.185257,77.537651,-1272.300659_1073.438354i,-1272.300659_1073.438354i,0,1,0,0.00,12.70,5
1390199830,2,2,2,0,2.530727,0.000000,2.530727,-24.794592,-1.185257,77.537651,-1272.300659_1073.438354i,-1272.300659_1073.438354i,0,1,0,0.00,12.70,5
1390199831,2,2,2,0,2.530727,0.000000,2.530727,-24.794592,-1.185257,77.537651,-1272.300659_1073.438354i,-1272.300659_1073.438354i,0,1,0,0.00,12.70,5
1390199831,2,2,2,0,2.530727,0.000000,2.530727,-24.794592,-1.185257,77.537651,-1272.300659_1073.438354i,-1272.300659_1073.438354i,0,1,0,0.00,12.70,5
1390199831,2,2,2,0,2.530727,0.000000,2.530727,-24.794592,-1.185257,77.537651,-1272.300659_1073.438354i,-1272.300659_1073.438354i,0,1,0,0.00,12.70,5
1390199831,2,2,2,0,2.530727,0.000000,2.530727,-24.794592,-1.185257,77.537651,-1272.300659_1073.438354i,-1272.300659_1073.438354i,0,1,0,0.00,12.70,5
1390199832,2,2,2,0,2.530727,0.000000,2.530727,-24.794592,-1.185257,77.537651,-1272.300659_1073.438354i,-1272.300659_1073.438354i,0,1,0,0.00,12.70,5
1390199832,2,2,2,0,2.530727,0.000000,2.530727,-24.794592,-1.185257,77.537651,-1272.300659_1073.438354i,-1272.300659_1073.438354i,0,1,0,0.00,12.70,5
1390199832,2,2,2,0,2.530727,0.000000,2.530727,-24.794592,-1.185257,77.537651,-1272.300659_1073.438354i,-1272.300659_1073.438354i,0,1,0,0.00,12.70,5
1390199832,2,2,2,0,2.530727,0.000000,2.530727,-24.794592,-1.185257,77.537651,-1272.300659_1073.438354i,-1272.300659_1073.438354i,0,1,0,0.00,12.70,5
1390199833,2,2,2,0,2.530727,0.000000,2.530727,-24.794592,-1.185257,77.537651,-1272.300659_1073.438354i,-1272.300659_1073.438354i,0,1,0,0.00,12.70,5
1390199833,2,2,2,0,2.530727,0.000000,2.530727,-24.794592,-1.185257,77.537651,-1272.300659_1073.438354i,-1272.300659_1073.438354i,0,1,0,0.00,12.70,5
1390199833,2,2,2,0,2.530727,0.000000,2.530727,-24.794592,-1.185257,77.537651,-1272.300659_1073.438354i,-1272.300659_1073.438354i,0,1,0,0.00,12.70,5
1390199833,2,2,2,0,2.530727,0.000000,2.530727,-24.794592,-1.185257,77.537651,-1272.300659_1073.438354i,-1272.300659_1073.438354i,0,1,0,0.00,12.70,5
1390199834,2,2,2,0,2.530727,0.000000,2.530727,-24.794592,-1.185257,77.537651,-1272.300659_1073.438354i,-1272.300659_1073.438354i,0,1,0,0.00,12.70,5
1390199834,2,2,2,0,2.530727,0.000000,2.530727,-24.794592,-1.185257,77.537651,-1272.300659_1073.438354i,-1272.300659_1073.438354i,0,1,0,0.00,12.70,5
1390199834,2,2,2,0,2.530727,0.000000,2.530727,-24.794592,-1.185257,77.537651,-1272.300659_1073.438354i,-1272.300659_1073.438354i,0,1,0,0.00,12.70,5
1390199834,2,2,2,0,2.530727,0.000000,2.530727,-24.794592,-1.185257,77.537651,-1272.300659_1073.438354i,-1272.300659_1073.438354i,0,1,0,0.00,12.70,5
1390199835,2,2,2,0,2.530727,0.000000,2.530727,-24.794592,-1.185257,77.537651,-1272.300659_1073.438354i,-1272.300659_1073.438354i,0,1,0,0.00,12.70,5
1390199835,2,2,2,0,2.530727,0.000000,2.530727,-24.794592,-1.185257,77.537651,-1272.300659_1073.438354i,-1272.300659_1073.438354i,0,1,0,0.00,12.70,5
1390199835,2,2,2,0,2.530727,0.000000,2.530727,-24.794592,-1.185257,77.537651,-1272.300659_1073.438354i,-1272.300659_1073.438354i,0,1,0,0.00,12.70,5
1390199835,2,2,2,0,2.530727,0.000000,2.530727,-24.794592,-1.185257,77.537651,-1272.300659_1073.438354i,-1272.300659_1073.438354i,0,1,0,0.00,12.70,5
1390199836,2,2,2,0,2.530727,0.000000,2.530727,-24.794592,-1.185257,77.537651,-1272.300659_1073.438354i,-1272.300659_1073.438354i,0,1,0,0.00,12.70,5
1390199836,2,2,2,0,2.530727,0.000000,2.530727,-24.794592,-1.185257,77.537651,-1272.300659_1073.438354i,-1272.300659_1073.438354i,0,1,0,0.00,12.70,5
1390199836,2,2,2,0,2.530727,0.000000,2.530727,-24.794592,-1.185257,77.537651,-1272.300659_1073.438354i,-1272.300659_1073.438354i,0,1,0,0.00,12.70,5
1390199836,2,2,2,0,2.530727,0.000000,2.530727,-24.794592,-1.185257,77.537651,-1272.300659_1073.438354i,-1272.300659_1073.438354i,0,1,0,0.00,12.70,5
1390199837,2,2,2,0,2.530727,0.000000,2.530727,-24.794592,-1.185257,77.537651,-1272.300659_1073.438354i,-1272.300659_1073.438354i,0,1,0,0.00,12.70,5
1390199837,2,2,2,0,2.530727,0.000000,2.530727,-24.794592,-1.185257,77.537651,-1272.300659_1073.438354i,-1272.300659_1073.438354i,0,1,0,0.00,12.70,5
1390199837,2,2,2,0,2.530727,0.000000,2.530727,-24.794592,-1.185257,77.537651,-1272.300659_1073.438354i,-1272.300659_1073.438354i,0,1,0,0.00,12.70,5
1390199837,2,2,2,0,2.530727,0.000000,2.530727,-24.794592,-1.185257,77.537651,-1272.300659_1073.438354i,-1272.300659_1073.438354i,0,1,0,0.00,12.70,5
1390199838,2,2,2,0,2.530727,0.000000,2.530727,-24.794592,-1.185257,77.537651,-1272.300659_1073.438354i,-1272.300659_1073.438354i,0,1,0,0.00,12.70,5
1390199838,2,2,2,0,2.530727,0.000000,2.530727,-24.794592,-1.185257,77.537651,-1272.300659_1073.438354i,-1272.300659_1073.438354i,0,1,0,0.00,12.70,5
1390199838,2,2,2,0,2.530727,0.000000,2.530727,-24.794592,-1.185257,77.537651,-1272.300659_1073.438354i,-1272.300659_1073.438354i,0,1,0,0.00,12.70,5
1390199838,2,2,2,0,2.530727,0.000000,2.530727,-24.794592,-1.185257,77.537651,-1272.300659_1073.438354i,-1272.300659_1073.438354i,0,1,0,0.00,12.70,5
1390199839,2,2,2,0,2.530727,0.000000,2.530727,-24.794592,-1.185257,77.537651,-1272.300659_1073.438354i,-1272.300659_1073.438354i,0,1,0,0.00,12.70,5
1390199839,2,2,2,0,2.530727,0.000000,2.530727,-24.794592,-1.185257,77.537651,-1272.300659_1073.438354i,-1272.300659_1073.438354i,0,1,0,0.00,12.70,5
1390199839,2,2,2,0,2.530727,0.000000,2.530727,-24.794592,-1.185257,77.537651,-1272.300659_1073.438354i,-1272.300659_1073.438354i,0,1,0,0.00,12.70,5
1390199839,2,2,2,0,2.530727,0.000000,2.530727,-24.794592,-1.185257,77.537651,-1272.300659_1073.438354i,-1272.300659_1073.438354i,0,1,0,0.00,12.70,5
1390199840,2,2,2,0,2.530727,0.000000,2.530727,-24.794592,-1.185257,77.537651,-1272.300659_1073.438354i,-1272.300659_1073.438354i,0,1,0,0.00,12.70,5
1390199840,2,2,2,0,2.530727,0.000000,2.530727,-24.794592,-1.185257,77.537651,-1272.300659_1073.438354i,-1272.300659_1073.438354i,0,1,0,0.00,12.70,5
1390199840,2,2,2,0,2.530727,0.000000,2.530727,-24.794592,-1.185257,77.537651,-1272.300659_1073.438354i,-1272.300659_1073.438354i,0,1,0,0.00,12.70,5
1390199841,2,2,2,0,2.530727,0.000000,2.530727,-24.794592,-1.185257,77.537651,-1272.300659_1073.438354i,-1272.300659_1073.438354i,0,1,0,0.00,12.70,5
1390199841,2,2,2,0,2.530727,0.000000,2.530727,-24.794592,-1.185257,77.537651,-1272.300659_1073.438354i,-1272.300659_1073.438354i,0,1,0,0.00,12.70,5
