MCU_timestamp,sig1,sig2,sig3,fa_debug,theta_d1,theta_d,theta_d1_b,theta_b,a_x,b_x,X_b,X_T_b,sail_hc_periods,sail_hc_direction,sail_hc_val,sail_hc_MEAN_V
1386877192,1,2,2,7353,-7.957750,0.000000,-2.094395,-2.738083,0.576180,-57.705788,-627643.187500_-6078609.500000i,-3050813.750000_-5294900.000000i,0,1,0,0.00
1386877192,2,2,2,7353,-7.957750,0.000000,-2.094395,-2.575186,0.576180,-57.705788,-627643.187500_-6078609.500000i,-3050813.750000_-5294900.000000i,0,1,0,0.00
1386877193,2,2,2,7353,-7.957750,0.000000,-2.094395,-2.412288,0.576180,-57.705788,-627643.187500_-6078609.500000i,-3050813.750000_-5294900.000000i,0,1,0,0.00
1386877193,2,2,2,7353,-7.957750,0.000000,-2.094395,-2.249391,0.576180,-57.705788,-627643.187500_-6078609.500000i,-3050813.750000_-5294900.000000i,0,1,0,0.00
1386877193,2,2,2,7353,-7.957750,0.000000,-2.094395,-2.086494,0.576180,-57.705788,-627643.187500_-6078609.500000i,-3050813.750000_-5294900.000000i,0,1,0,0.00
1386877193,2,2,2,7353,-7.957750,0.000000,-2.094395,-1.923597,0.576180,-57.705788,-627643.187500_-6078609.500000i,-3050813.750000_-5294900.000000i,0,1,0,0.00
1386877194,2,2,2,7353,-7.957750,0.000000,-2.094395,-1.760700,0.576180,-57.705788,-627643.187500_-6078609.500000i,-3050813.750000_-5294900.000000i,0,1,0,0.00
1386877194,2,2,2,7353,-7.957750,0.000000,-2.094395,-1.597803,0.576180,-57.705788,-627643.187500_-6078609.500000i,-3050813.750000_-5294900.000000i,0,1,0,0.00
1386877194,2,2,2,7353,-7.957750,0.000000,-2.094395,-1.448868,0.576180,-57.705788,-627643.187500_-6078609.500000i,-3050813.750000_-5294900.000000i,0,1,0,0.00
1386877194,2,2,2,7353,-7.957750,0.000000,-2.094395,-1.341821,0.576180,-57.705788,-627643.187500_-6078609.500000i,-3050813.750000_-5294900.000000i,0,1,0,0.00
1386877195,2,2,2,7353,-7.957750,0.000000,-2.094395,-1.262701,0.576180,-57.705788,-627643.187500_-6078609.500000i,-3050813.750000_-5294900.000000i,0,1,0,0.00
1386877195,2,2,2,7353,-7.957750,0.000000,-2.094395,-1.206850,0.576180,-57.705788,-627643.187500_-6078609.500000i,-3050813.750000_-5294900.000000i,0,1,0,0.00
1386877195,2,2,2,7353,-7.957750,0.000000,-2.094395,-1.164961,0.576180,-57.705788,-627643.187500_-6078609.500000i,-3050813.750000_-5294900.000000i,0,1,0,0.00
1386877195,2,2,2,7353,-7.957750,0.000000,-2.094395,-1.132382,0.576180,-57.705788,-627643.187500_-6078609.500000i,-3050813.750000_-5294900.000000i,0,1,0,0.00
1386877196,2,2,2,7353,-7.957750,0.000000,-2.094395,-1.109111,0.576180,-57.705788,-627643.187500_-6078609.500000i,-3050813.750000_-5294900.000000i,0,1,0,0.00
1386877196,2,2,2,0,-7.957750,0.000000,-2.094395,-1.109111,0.576180,-57.705788,-627643.187500_-6078609.500000i,-3050813.750000_-5294900.000000i,0,1,0,0.00
1386877196,2,2,2,0,-7.957750,0.000000,-2.094395,-1.109111,0.576180,-57.705788,-627643.187500_-6078609.500000i,-3050813.750000_-5294900.000000i,0,1,0,0.00
1386877196,2,2,2,0,-7.957750,0.000000,-2.094395,-1.109111,0.576180,-57.705788,-627643.187500_-6078609.500000i,-3050813.750000_-5294900.000000i,0,1,0,0.00
1386877197,2,2,2,0,-7.957750,0.000000,-2.094395,-1.109111,0.576180,-57.705788,-627643.187500_-6078609.500000i,-3050813.750000_-5294900.000000i,0,1,0,0.00
1386877197,2,2,2,0,-7.957750,0.000000,-2.094395,-1.109111,0.576180,-57.705788,-627643.187500_-6078609.500000i,-3050813.750000_-5294900.000000i,0,1,0,0.00
1386877197,2,2,2,7353,-7.957750,0.000000,-2.094395,-1.090494,0.576180,-57.705788,-86.470001_604.099487i,167.273682_586.883972i,0,1,0,0.00
1386877197,2,2,2,7353,-7.957750,0.000000,-2.094395,-1.081186,0.576180,-57.705788,-86.470001_604.099487i,167.273682_586.883972i,0,1,0,0.00
1386877198,2,2,2,7353,-7.957750,0.000000,-2.094395,-1.071877,0.576180,-57.705788,-86.470001_604.099487i,167.273682_586.883972i,0,1,0,0.00
1386877198,2,2,2,7353,-7.957750,0.000000,-2.094395,-1.067223,0.576180,-57.705788,-86.470001_604.099487i,167.273682_586.883972i,0,1,0,0.00
1386877198,2,2,2,7353,-7.957750,0.000000,-2.094395,-1.062569,0.576180,-57.705788,-86.470001_604.099487i,167.273682_586.883972i,0,1,0,0.00
1386877198,2,2,2,7353,-7.957750,0.000000,-2.094395,-1.057915,0.576180,-57.705788,-86.470001_604.099487i,167.273682_586.883972i,0,1,0,0.00
1386877199,2,2,2,7353,-7.957750,0.000000,-2.094395,-1.053260,0.576180,-57.705788,-86.470001_604.099487i,167.273682_586.883972i,0,1,0,0.00
1386877199,2,2,2,7353,-7.957750,0.000000,-2.094395,-1.053260,0.576180,-57.705788,-86.470001_604.099487i,167.273682_586.883972i,0,1,0,0.00
1386877199,2,2,2,7353,-7.957750,0.000000,-2.094395,-1.053260,0.576180,-57.705788,-86.470001_604.099487i,167.273682_586.883972i,0,1,0,0.00
1386877199,2,2,2,7353,-7.957750,0.000000,-2.094395,-1.053260,0.576180,-57.705788,-86.470001_604.099487i,167.273682_586.883972i,0,1,0,0.00
1386877200,2,2,2,7353,-7.957750,0.000000,-2.094395,-1.053260,0.576180,-57.705788,-86.470001_604.099487i,167.273682_586.883972i,0,1,0,0.00
1386877200,2,2,2,7353,-7.957750,0.000000,-2.094395,-1.053260,0.576180,-57.705788,-86.470001_604.099487i,167.273682_586.883972i,0,1,0,0.00
1386877200,2,2,2,7353,-7.957750,0.000000,-2.094395,-1.053260,0.576180,-57.705788,-86.470001_604.099487i,167.273682_586.883972i,0,1,0,0.00
1386877200,2,2,2,7353,-7.957750,0.000000,-2.094395,-1.053260,0.576180,-57.705788,-86.470001_604.099487i,167.273682_586.883972i,0,1,0,0.00
1386877201,2,2,2,7353,-7.957750,0.000000,-2.094395,-1.053260,0.576180,-57.705788,-86.470001_604.099487i,167.273682_586.883972i,0,1,0,0.00
1386877201,2,2,2,7353,-7.957750,0.000000,-2.094395,-1.053260,0.576180,-57.705788,-86.470001_604.099487i,167.273682_586.883972i,0,1,0,0.00
1386877201,2,2,2,7353,-7.957750,0.000000,-2.094395,-1.053260,0.576180,-57.705788,-86.470001_604.099487i,167.273682_586.883972i,0,1,0,0.00
1386877201,2,2,2,7353,-7.957750,0.000000,-2.094395,-1.053260,0.576180,-57.705788,-86.470001_604.099487i,167.273682_586.883972i,0,1,0,0.00
1386877202,2,2,2,7353,-7.957750,0.000000,-2.094395,-1.053260,0.576180,-57.705788,-86.470001_604.099487i,167.273682_586.883972i,0,1,0,0.00
1386877202,2,2,2,7353,-7.957750,0.000000,-2.094395,-1.053260,0.576180,-57.705788,-86.470001_604.099487i,167.273682_586.883972i,0,1,0,0.00
1386877202,2,2,2,7353,-7.957750,0.000000,-2.094395,-1.053260,0.576180,-57.705788,-86.470001_604.099487i,167.273682_586.883972i,0,1,0,0.00
1386877202,2,2,2,7353,-7.957750,0.000000,-2.094395,-1.053260,0.576180,-57.705788,-86.470001_604.099487i,167.273682_586.883972i,0,1,0,0.00
1386877203,2,2,2,7353,-7.957750,0.000000,-2.094395,-1.053260,0.576180,-57.705788,-86.470001_604.099487i,167.273682_586.883972i,0,1,0,0.00
1386877203,2,2,2,7353,-7.957750,0.000000,-2.094395,-1.053260,0.576180,-57.705788,-86.470001_604.099487i,167.273682_586.883972i,0,1,0,0.00
1386877203,2,2,2,7353,-7.957750,0.000000,-2.094395,-1.216159,0.576180,-57.705788,-86.470001_604.099487i,167.273682_586.883972i,0,1,0,0.00
1386877203,2,2,2,7353,-7.957750,0.000000,-2.094395,-1.379056,0.576180,-57.705788,-86.470001_604.099487i,167.273682_586.883972i,0,1,0,0.00
1386877204,2,2,2,7353,-7.957750,0.000000,-2.094395,-1.541954,0.576180,-57.705788,-86.470001_604.099487i,167.273682_586.883972i,0,1,0,0.00
1386877204,2,2,2,7353,-7.957750,0.000000,-2.094395,-1.690888,0.576180,-57.705788,-86.470001_604.099487i,167.273682_586.883972i,0,1,0,0.00
1386877204,2,2,2,7353,-7.957750,0.000000,-2.094395,-1.797935,0.576180,-57.705788,-86.470001_604.099487i,167.273682_586.883972i,0,1,0,0.00
1386877204,2,2,2,7353,-7.957750,0.000000,-2.094395,-1.877057,0.576180,-57.705788,-86.470001_604.099487i,167.273682_586.883972i,0,1,0,0.00
1386877205,2,2,2,7353,-7.957750,0.000000,-2.094395,-1.932908,0.576180,-57.705788,-86.470001_604.099487i,167.273682_586.883972i,0,1,0,0.00
1386877205,2,2,2,7353,-7.957750,0.000000,-2.094395,-1.974796,0.576180,-57.705788,-86.470001_604.099487i,167.273682_586.883972i,0,1,0,0.00
1386877205,2,2,2,7353,-7.957750,0.000000,-2.094395,-2.007375,0.576180,-57.705788,-86.470001_604.099487i,167.273682_586.883972i,0,1,0,0.00
1386877205,2,2,2,7353,-7.957750,0.000000,-2.094395,-2.030646,0.576180,-57.705788,-86.470001_604.099487i,167.273682_586.883972i,0,1,0,0.00
1386877206,2,2,2,7353,-7.957750,0.000000,-2.094395,-2.049263,0.576180,-57.705788,-86.470001_604.099487i,167.273682_586.883972i,0,1,0,0.00
1386877206,2,2,2,7353,-7.957750,0.000000,-2.094395,-2.063225,0.576180,-57.705788,-86.470001_604.099487i,167.273682_586.883972i,0,1,0,0.00
1386877206,2,2,2,7353,-7.957750,0.000000,-2.094395,-2.072533,0.576180,-57.705788,-86.470001_604.099487i,167.273682_586.883972i,0,1,0,0.00
1386877206,2,2,2,7353,-7.957750,0.000000,-2.094395,-2.077187,0.576180,-57.705788,-86.470001_604.099487i,167.273682_586.883972i,0,1,0,0.00
1386877207,2,2,2,7353,-7.957750,0.000000,-2.094395,-2.081841,0.576180,-57.705788,-86.470001_604.099487i,167.273682_586.883972i,0,1,0,0.00
1386877207,2,2,2,7353,-7.957750,0.000000,-2.094395,-2.086495,0.576180,-57.705788,-86.470001_604.099487i,167.273682_586.883972i,0,1,0,0.00
1386877207,2,2,2,7353,-7.957750,0.000000,-2.094395,-2.086495,0.576180,-57.705788,-86.470001_604.099487i,167.273682_586.883972i,0,1,0,0.00
1386877207,2,2,2,7353,-7.957750,0.000000,-2.094395,-2.086495,0.576180,-57.705788,-86.470001_604.099487i,167.273682_586.883972i,0,1,0,0.00
1386877208,2,2,2,7353,-7.957750,0.000000,-2.094395,-2.086495,0.576180,-57.705788,-86.470001_604.099487i,167.273682_586.883972i,0,1,0,0.00
1386877208,2,2,0,7353,-7.957750,0.000000,-2.094395,-2.086495,0.576180,-57.705788,-86.470001_604.099487i,167.273682_586.883972i,0,1,0,0.00
1386877208,1,1,1,7353,-5.252490,0.000000,0.610865,-2.086495,0.285020,51.409035,-86.470001_604.099487i,167.273682_586.883972i,0,1,0,0.00
1386877208,1,1,1,7353,-5.252490,0.000000,0.610865,-2.086495,0.285020,51.409035,-86.470001_604.099487i,167.273682_586.883972i,0,1,0,0.00
1386877209,1,1,1,7353,-5.252490,0.000000,0.610865,-2.086495,0.285020,51.409035,-86.470001_604.099487i,167.273682_586.883972i,0,1,0,0.00
1386877209,1,1,1,7353,-5.252490,0.000000,0.610865,-2.086495,0.285020,51.409035,-86.470001_604.099487i,167.273682_586.883972i,0,1,0,0.00
1386877209,1,1,1,7353,-5.252490,0.000000,0.610865,-2.086495,0.285020,51.409035,-86.470001_604.099487i,167.273682_586.883972i,0,1,0,0.00
1386877209,1,1,1,7353,-5.252490,0.000000,0.610865,-2.086495,0.285020,51.409035,-86.470001_604.099487i,167.273682_586.883972i,0,1,0,0.00
1386877210,1,1,1,7353,-5.252490,0.000000,0.610865,-2.086495,0.285020,51.409035,-86.470001_604.099487i,167.273682_586.883972i,0,1,0,0.00
1386877210,1,1,1,7353,-5.252490,0.000000,0.610865,-2.086495,0.285020,51.409035,-86.470001_604.099487i,167.273682_586.883972i,0,1,0,0.00
1386877210,1,1,1,7353,-5.252490,0.000000,0.610865,-2.086495,0.285020,51.409035,-86.470001_604.099487i,167.273682_586.883972i,0,1,0,0.00
1386877210,1,1,1,7353,-5.252490,0.000000,0.610865,-2.086495,0.285020,51.409035,-86.470001_604.099487i,167.273682_586.883972i,0,1,0,0.00
1386877211,1,1,1,7353,-5.252490,0.000000,0.610865,-2.086495,0.285020,51.409035,-86.470001_604.099487i,167.273682_586.883972i,0,1,0,0.00
1386877211,1,1,1,7353,-5.252490,0.000000,0.610865,-2.086495,0.285020,51.409035,-86.470001_604.099487i,167.273682_586.883972i,0,1,0,0.00
1386877211,1,1,1,7353,-5.252490,0.000000,0.610865,-2.086495,0.285020,51.409035,-86.470001_604.099487i,167.273682_586.883972i,0,1,0,0.00
1386877211,1,1,1,7353,-5.252490,0.000000,0.610865,-2.086495,0.285020,51.409035,-86.470001_604.099487i,167.273682_586.883972i,0,1,0,0.00
1386877212,1,1,1,7353,-5.252490,0.000000,0.610865,-2.086495,0.285020,51.409035,-86.470001_604.099487i,167.273682_586.883972i,0,1,0,0.00
1386877212,1,1,1,7353,-5.252490,0.000000,0.610865,-2.086495,0.285020,51.409035,-86.470001_604.099487i,167.273682_586.883972i,0,1,0,0.00
1386877212,1,1,1,7353,-5.252490,0.000000,0.610865,-2.086495,0.285020,51.409035,-86.470001_604.099487i,167.273682_586.883972i,0,1,0,0.00
1386877212,1,1,1,7353,-5.252490,0.000000,0.610865,-2.086495,0.285020,51.409035,-86.470001_604.099487i,167.273682_586.883972i,0,1,0,0.00
1386877213,1,1,1,7353,-5.252490,0.000000,0.610865,-1.923598,0.285020,51.409035,-86.470001_604.099487i,167.273682_586.883972i,0,1,0,0.00
1386877213,1,1,1,7353,-5.252490,0.000000,0.610865,-1.760701,0.285020,51.409035,-86.470001_604.099487i,167.273682_586.883972i,0,1,0,0.00
1386877213,1,1,1,7353,-5.252490,0.000000,0.610865,-1.597805,0.285020,51.409035,-86.470001_604.099487i,167.273682_586.883972i,0,1,0,0.00
1386877213,1,1,1,7353,-5.252490,0.000000,0.610865,-1.448869,0.285020,51.409035,-86.470001_604.099487i,167.273682_586.883972i,0,1,0,0.00
1386877214,1,1,1,7353,-5.252490,0.000000,0.610865,-1.341823,0.285020,51.409035,-86.470001_604.099487i,167.273682_586.883972i,0,1,0,0.00
1386877214,1,1,1,7353,-5.252490,0.000000,0.610865,-1.262702,0.285020,51.409035,-86.470001_604.099487i,167.273682_586.883972i,0,1,0,0.00
1386877214,1,1,1,7353,-5.252490,0.000000,0.610865,-1.206851,0.285020,51.409035,-86.470001_604.099487i,167.273682_586.883972i,0,1,0,0.00
1386877214,1,1,1,7353,-5.252490,0.000000,0.610865,-1.164962,0.285020,51.409035,-86.470001_604.099487i,167.273682_586.883972i,0,1,0,0.00
1386877215,1,1,1,7353,-5.252490,0.000000,0.610865,-1.132383,0.285020,51.409035,-86.470001_604.099487i,167.273682_586.883972i,0,1,0,0.00
1386877215,1,1,1,7353,-5.252490,0.000000,0.610865,-1.109112,0.285020,51.409035,-86.470001_604.099487i,167.273682_586.883972i,0,1,0,0.00
1386877215,1,1,1,7353,-5.252490,0.000000,0.610865,-1.090495,0.285020,51.409035,-86.470001_604.099487i,167.273682_586.883972i,0,1,0,0.00
1386877215,1,1,1,7353,-5.252490,0.000000,0.610865,-1.081187,0.285020,51.409035,-86.470001_604.099487i,167.273682_586.883972i,0,1,0,0.00
1386877216,1,1,1,7353,-5.252490,0.000000,0.610865,-1.071878,0.285020,51.409035,-86.470001_604.099487i,167.273682_586.883972i,0,1,0,0.00
1386877216,1,1,1,7353,-5.252490,0.000000,0.610865,-1.067224,0.285020,51.409035,-86.470001_604.099487i,167.273682_586.883972i,0,1,0,0.00
1386877216,1,1,1,7353,-5.252490,0.000000,0.610865,-1.062570,0.285020,51.409035,-86.470001_604.099487i,167.273682_586.883972i,0,1,0,0.00
1386877216,1,1,1,7353,-5.252490,0.000000,0.610865,-1.057916,0.285020,51.409035,-86.470001_604.099487i,167.273682_586.883972i,0,1,0,0.00
1386877217,1,1,1,7353,-5.252490,0.000000,0.610865,-1.053261,0.285020,51.409035,-86.470001_604.099487i,167.273682_586.883972i,0,1,0,0.00
1386877217,1,1,1,7353,-5.252490,0.000000,0.610865,-1.053261,0.285020,51.409035,-86.470001_604.099487i,167.273682_586.883972i,0,1,0,0.00
1386877217,1,1,1,7353,-5.252490,0.000000,0.610865,-1.053261,0.285020,51.409035,-86.470001_604.099487i,167.273682_586.883972i,0,1,0,0.00
1386877217,1,1,0,7353,-5.252490,0.000000,0.610865,-1.053261,0.285020,51.409035,-86.470001_604.099487i,167.273682_586.883972i,0,1,0,0.00
1386877218,0,0,0,6,-5.252490,0.000000,0.610865,-0.890364,0.285020,51.199009,-86.470001_604.099487i,167.273682_586.883972i,0,1,0,0.00
1386877218,0,0,0,6,-5.252490,0.000000,0.610865,-0.727466,0.285020,51.172630,-86.470001_604.099487i,167.273682_586.883972i,0,1,0,0.00
1386877218,1,2,2,7353,-3.332627,0.000000,2.530727,-0.564569,0.285020,51.144867,-86.470001_604.099487i,167.273682_586.883972i,0,1,0,0.00
1386877218,2,2,2,7353,-3.332627,0.000000,2.530727,-0.694887,0.285020,51.144867,-86.470001_604.099487i,167.273682_586.883972i,0,1,0,0.00
1386877219,2,2,2,7353,-3.332627,0.000000,2.530727,-0.787971,0.285020,51.144867,-86.470001_604.099487i,167.273682_586.883972i,0,1,0,0.00
1386877219,2,2,2,7353,-3.332627,0.000000,2.530727,-0.857785,0.285020,51.144867,-86.470001_604.099487i,167.273682_586.883972i,0,1,0,0.00
1386877219,2,2,2,7353,-3.332627,0.000000,2.530727,-0.908981,0.285020,51.144867,-86.470001_604.099487i,167.273682_586.883972i,0,1,0,0.00
1386877220,2,2,2,7353,-3.332627,0.000000,2.530727,-0.946214,0.285020,51.144867,-86.470001_604.099487i,167.273682_586.883972i,0,1,0,0.00
1386877220,2,2,2,7353,-3.332627,0.000000,2.530727,-0.974140,0.285020,51.144867,-86.470001_604.099487i,167.273682_586.883972i,0,1,0,0.00
1386877220,2,2,2,7353,-3.332627,0.000000,2.530727,-0.992757,0.285020,51.144867,-86.470001_604.099487i,167.273682_586.883972i,0,1,0,0.00
1386877220,2,2,2,7353,-3.332627,0.000000,2.530727,-1.006719,0.285020,51.144867,-86.470001_604.099487i,167.273682_586.883972i,0,1,0,0.00
1386877221,2,2,2,7353,-3.332627,0.000000,2.530727,-1.016028,0.285020,51.144867,-86.470001_604.099487i,167.273682_586.883972i,0,1,0,0.00
1386877221,2,2,2,7353,-3.332627,0.000000,2.530727,-1.025336,0.285020,51.144867,-86.470001_604.099487i,167.273682_586.883972i,0,1,0,0.00
1386877221,2,2,2,7353,-3.332627,0.000000,2.530727,-1.029990,0.285020,51.144867,-86.470001_604.099487i,167.273682_586.883972i,0,1,0,0.00
1386877221,2,2,2,7353,-3.332627,0.000000,2.530727,-1.034644,0.285020,51.144867,-86.470001_604.099487i,167.273682_586.883972i,0,1,0,0.00
1386877222,2,2,2,7353,-3.332627,0.000000,2.530727,-1.039299,0.285020,51.144867,-86.470001_604.099487i,167.273682_586.883972i,0,1,0,0.00
1386877222,2,2,2,7353,-3.332627,0.000000,2.530727,-1.039299,0.285020,51.144867,-86.470001_604.099487i,167.273682_586.883972i,0,1,0,0.00
1386877222,2,2,2,7353,-3.332627,0.000000,2.530727,-1.039299,0.285020,51.144867,-86.470001_604.099487i,167.273682_586.883972i,0,1,0,0.00
1386877222,2,2,2,7353,-3.332627,0.000000,2.530727,-1.039299,0.285020,51.144867,-86.470001_604.099487i,167.273682_586.883972i,0,1,0,0.00
1386877223,2,2,2,7353,-3.332627,0.000000,2.530727,-1.039299,0.285020,51.144867,-86.470001_604.099487i,167.273682_586.883972i,0,1,0,0.00
1386877223,2,2,2,7353,-3.332627,0.000000,2.530727,-1.039299,0.285020,51.144867,-86.470001_604.099487i,167.273682_586.883972i,0,1,0,0.00
1386877223,2,2,2,7353,-3.332627,0.000000,2.530727,-1.039299,0.285020,51.144867,-86.470001_604.099487i,167.273682_586.883972i,0,1,0,0.00
1386877223,2,2,2,7353,-3.332627,0.000000,2.530727,-1.039299,0.285020,51.144867,-86.470001_604.099487i,167.273682_586.883972i,0,1,0,0.00
1386877224,2,2,2,7353,-3.332627,0.000000,2.530727,-1.039299,0.285020,51.144867,-86.470001_604.099487i,167.273682_586.883972i,0,1,0,0.00
1386877224,2,2,2,7353,-3.332627,0.000000,2.530727,-1.039299,0.285020,51.144867,-86.470001_604.099487i,167.273682_586.883972i,0,1,0,0.00
1386877224,2,2,2,7353,-3.332627,0.000000,2.530727,-1.039299,0.285020,51.144867,-86.470001_604.099487i,167.273682_586.883972i,0,1,0,0.00
1386877224,2,2,2,7353,-3.332627,0.000000,2.530727,-1.202196,0.285020,51.144867,-86.470001_604.099487i,167.273682_586.883972i,0,1,0,0.00
1386877225,2,2,2,7353,-3.332627,0.000000,2.530727,-1.365094,0.285020,51.144867,-86.470001_604.099487i,167.273682_586.883972i,0,1,0,0.00
1386877225,2,2,2,7353,-3.332627,0.000000,2.530727,-1.527991,0.285020,51.144867,-86.470001_604.099487i,167.273682_586.883972i,0,1,0,0.00
1386877225,2,2,2,7353,-3.332627,0.000000,2.530727,-1.676925,0.285020,51.144867,-86.470001_604.099487i,167.273682_586.883972i,0,1,0,0.00
1386877225,2,2,2,7353,-3.332627,0.000000,2.530727,-1.788627,0.285020,51.144867,-86.470001_604.099487i,167.273682_586.883972i,0,1,0,0.00
1386877226,2,2,2,7353,-3.332627,0.000000,2.530727,-1.872403,0.285020,51.144867,-86.470001_604.099487i,167.273682_586.883972i,0,1,0,0.00
1386877226,2,2,2,7353,-3.332627,0.000000,2.530727,-1.932908,0.285020,51.144867,-86.470001_604.099487i,167.273682_586.883972i,0,1,0,0.00
1386877226,2,2,2,7353,-3.332627,0.000000,2.530727,-1.974796,0.285020,51.144867,-86.470001_604.099487i,167.273682_586.883972i,0,1,0,0.00
1386877226,2,2,2,7353,-3.332627,0.000000,2.530727,-2.007375,0.285020,51.144867,-86.470001_604.099487i,167.273682_586.883972i,0,1,0,0.00
1386877227,2,2,2,7353,-3.332627,0.000000,2.530727,-2.030646,0.285020,51.144867,-86.470001_604.099487i,167.273682_586.883972i,0,1,0,0.00
1386877227,2,2,2,7353,-3.332627,0.000000,2.530727,-2.049263,0.285020,51.144867,-86.470001_604.099487i,167.273682_586.883972i,0,1,0,0.00
1386877227,2,2,2,7353,-3.332627,0.000000,2.530727,-2.063225,0.285020,51.144867,-86.470001_604.099487i,167.273682_586.883972i,0,1,0,0.00
1386877227,2,2,2,7353,-3.332627,0.000000,2.530727,-2.072533,0.285020,51.144867,-86.470001_604.099487i,167.273682_586.883972i,0,1,0,0.00
1386877228,2,2,2,7353,-3.332627,0.000000,2.530727,-2.077187,0.285020,51.144867,-86.470001_604.099487i,167.273682_586.883972i,0,1,0,0.00
1386877228,2,2,2,7353,-3.332627,0.000000,2.530727,-2.081841,0.285020,51.144867,-86.470001_604.099487i,167.273682_586.883972i,0,1,0,0.00
1386877228,2,2,2,7353,-3.332627,0.000000,2.530727,-2.086495,0.285020,51.144867,-86.470001_604.099487i,167.273682_586.883972i,0,1,0,0.00
1386877228,2,2,2,7353,-3.332627,0.000000,2.530727,-2.086495,0.285020,51.144867,-86.470001_604.099487i,167.273682_586.883972i,0,1,0,0.00
1386877229,2,2,2,7353,-3.332627,0.000000,2.530727,-2.086495,0.285020,51.144867,-86.470001_604.099487i,167.273682_586.883972i,0,1,0,0.00
1386877229,2,2,2,7353,-3.332627,0.000000,2.530727,-2.086495,0.285020,51.144867,-86.470001_604.099487i,167.273682_586.883972i,0,1,0,0.00
1386877229,2,2,0,7353,-3.332627,0.000000,2.530727,-2.086495,0.285020,51.144867,-86.470001_604.099487i,167.273682_586.883972i,0,1,0,0.00
1386877229,0,0,0,4,-3.332627,0.000000,2.530727,-2.249392,0.285020,50.820808,-86.470001_604.099487i,167.273682_586.883972i,0,1,0,0.00
1386877230,0,0,0,4,-3.332627,0.000000,2.530727,-2.412289,0.285020,50.835083,-86.470001_604.099487i,167.273682_586.883972i,0,1,0,0.00
1386877230,0,0,0,4,-3.332627,0.000000,2.530727,-2.575186,0.285020,50.851665,-86.470001_604.099487i,167.273682_586.883972i,0,1,0,0.00
1386877230,0,0,0,4,-3.332627,0.000000,2.530727,-2.738084,0.285020,50.869965,-86.470001_604.099487i,167.273682_586.883972i,0,1,0,0.00
1386877230,0,0,0,4,-3.332627,0.000000,2.530727,-2.900981,0.285020,50.891178,-86.470001_604.099487i,167.273682_586.883972i,0,1,0,0.00
1386877231,0,0,0,4,-3.332627,0.000000,2.530727,-3.063878,0.285020,50.912884,-86.470001_604.099487i,167.273682_586.883972i,0,1,0,0.00
1386877231,0,0,0,4,-3.332627,0.000000,2.530727,-3.226775,0.285020,50.936958,-86.470001_604.099487i,167.273682_586.883972i,0,1,0,0.00
1386877231,0,0,0,4,-3.332627,0.000000,2.530727,-3.366401,0.285020,50.960922,-86.470001_604.099487i,167.273682_586.883972i,0,1,0,0.00
1386877231,0,0,0,4,-3.332627,0.000000,2.530727,-3.468794,0.285020,50.985203,-86.470001_604.099487i,167.273682_586.883972i,0,1,0,0.00
1386877232,0,0,0,4,-3.332627,0.000000,2.530727,-3.543260,0.285020,51.009396,-86.470001_604.099487i,167.273682_586.883972i,0,1,0,0.00
1386877232,0,0,0,4,-3.332627,0.000000,2.530727,-3.599111,0.285020,51.032776,-86.470001_604.099487i,167.273682_586.883972i,0,1,0,0.00
1386877232,0,0,0,4,-3.332627,0.000000,2.530727,-3.641000,0.285020,51.057636,-86.470001_604.099487i,167.273682_586.883972i,0,1,0,0.00
1386877232,0,0,0,4,-3.332627,0.000000,2.530727,-3.668924,0.285020,51.082069,-86.470001_604.099487i,167.273682_586.883972i,0,1,0,0.00
1386877233,0,0,0,4,-3.332627,0.000000,2.530727,-3.692196,0.285020,51.107594,-86.470001_604.099487i,167.273682_586.883972i,0,1,0,0.00
1386877233,0,0,0,4,-3.332627,0.000000,2.530727,-3.706157,0.285020,51.132675,-86.470001_604.099487i,167.273682_586.883972i,0,1,0,0.00
1386877233,0,0,0,4,-3.332627,0.000000,2.530727,-3.720120,0.285020,51.158073,-86.470001_604.099487i,167.273682_586.883972i,0,1,0,0.00
1386877233,0,0,0,4,-3.332627,0.000000,2.530727,-3.729428,0.285020,51.183800,-86.470001_604.099487i,167.273682_586.883972i,0,1,0,0.00
1386877234,0,0,0,4,-3.332627,0.000000,2.530727,-3.734083,0.285020,51.209846,-86.470001_604.099487i,167.273682_586.883972i,0,1,0,0.00
1386877234,0,0,0,4,-3.332627,0.000000,2.530727,-3.738737,0.285020,51.236217,-86.470001_604.099487i,167.273682_586.883972i,0,1,0,0.00
1386877234,0,0,0,4,-3.332627,0.000000,2.530727,-3.743391,0.285020,51.262920,-86.470001_604.099487i,167.273682_586.883972i,0,1,0,0.00
1386877234,0,0,0,4,-3.332627,0.000000,2.530727,-3.748045,0.285020,51.290798,-86.470001_604.099487i,167.273682_586.883972i,0,1,0,0.00
1386877235,0,0,0,4,-3.332627,0.000000,2.530727,-3.748045,0.285020,51.318169,-86.470001_604.099487i,167.273682_586.883972i,0,1,0,0.00
1386877235,0,0,0,4,-3.332627,0.000000,2.530727,-3.748045,0.285020,51.345867,-86.470001_604.099487i,167.273682_586.883972i,0,1,0,0.00
1386877235,0,0,0,4,-3.332627,0.000000,2.530727,-3.748045,0.285020,51.373898,-86.470001_604.099487i,167.273682_586.883972i,0,1,0,0.00
1386877235,0,0,0,4,-3.332627,0.000000,2.530727,-3.748045,0.285020,51.402264,-86.470001_604.099487i,167.273682_586.883972i,0,1,0,0.00
1386877236,0,0,0,4,-3.332627,0.000000,2.530727,-3.748045,0.285020,51.430965,-86.470001_604.099487i,167.273682_586.883972i,0,1,0,0.00
1386877236,0,0,0,4,-3.332627,0.000000,2.530727,-3.748045,0.285020,51.459999,-86.470001_604.099487i,167.273682_586.883972i,0,1,0,0.00
1386877236,0,0,0,4,-3.332627,0.000000,2.530727,-3.748045,0.285020,51.490299,-86.470001_604.099487i,167.273682_586.883972i,0,1,0,0.00
1386877236,0,0,0,4,-3.332627,0.000000,2.530727,-3.748045,0.285020,51.520023,-86.470001_604.099487i,167.273682_586.883972i,0,1,0,0.00
1386877237,0,0,0,4,-3.332627,0.000000,2.530727,-3.748045,0.285020,51.550091,-86.470001_604.099487i,167.273682_586.883972i,0,1,0,0.00
1386877237,0,0,0,4,-3.332627,0.000000,2.530727,-3.748045,0.285020,51.580498,-86.470001_604.099487i,167.273682_586.883972i,0,1,0,0.00
1386877237,0,0,0,4,-3.332627,0.000000,2.530727,-3.748045,0.285020,51.611248,-86.470001_604.099487i,167.273682_586.883972i,0,1,0,0.00
1386877237,0,0,0,4,-3.332627,0.000000,2.530727,-3.748045,0.285020,51.642342,-86.470001_604.099487i,167.273682_586.883972i,0,1,0,0.00
1386877238,0,0,0,4,-3.332627,0.000000,2.530727,-3.748045,0.285020,51.673782,-86.470001_604.099487i,167.273682_586.883972i,0,1,0,0.00
1386877238,0,0,0,4,-3.332627,0.000000,2.530727,-3.748045,0.285020,51.706573,-86.470001_604.099487i,167.273682_586.883972i,0,1,0,0.00
1386877238,0,0,0,4,-3.332627,0.000000,2.530727,-3.748045,0.285020,51.738720,-86.470001_604.099487i,167.273682_586.883972i,0,1,0,0.00
1386877238,0,0,0,4,-3.332627,0.000000,2.530727,-3.748045,0.285020,51.771217,-86.470001_604.099487i,167.273682_586.883972i,0,1,0,0.00
1386877239,0,0,0,4,-3.332627,0.000000,2.530727,-3.748045,0.285020,51.804070,-86.470001_604.099487i,167.273682_586.883972i,0,1,0,0.00
1386877239,0,0,0,4,-3.332627,0.000000,2.530727,-3.748045,0.285020,51.837273,-86.470001_604.099487i,167.273682_586.883972i,0,1,0,0.00
1386877239,0,0,0,4,-3.332627,0.000000,2.530727,-3.748045,0.285020,51.870831,-86.470001_604.099487i,167.273682_586.883972i,0,1,0,0.00
1386877239,0,0,0,4,-3.332627,0.000000,2.530727,-3.748045,0.285020,51.904743,-86.470001_604.099487i,167.273682_586.883972i,0,1,0,0.00
1386877240,0,0,0,4,-3.332627,0.000000,2.530727,-3.748045,0.285020,51.940090,-86.470001_604.099487i,167.273682_586.883972i,0,1,0,0.00
1386877240,0,0,0,4,-3.332627,0.000000,2.530727,-3.748045,0.285020,51.974731,-86.470001_604.099487i,167.273682_586.883972i,0,1,0,0.00
1386877240,0,0,0,4,-3.332627,0.000000,2.530727,-3.748045,0.285020,52.009735,-86.470001_604.099487i,167.273682_586.883972i,0,1,0,0.00
1386877240,0,0,0,4,-3.332627,0.000000,2.530727,-3.748045,0.285020,52.045097,-86.470001_604.099487i,167.273682_586.883972i,0,1,0,0.00
1386877241,0,0,0,4,-3.332627,0.000000,2.530727,-3.748045,0.285020,52.080822,-86.470001_604.099487i,167.273682_586.883972i,0,1,0,0.00
1386877241,0,0,0,4,-3.332627,0.000000,2.530727,-3.748045,0.285020,52.116909,-86.470001_604.099487i,167.273682_586.883972i,0,1,0,0.00
1386877241,0,0,0,4,-3.332627,0.000000,2.530727,-3.748045,0.285020,52.153366,-86.470001_604.099487i,167.273682_586.883972i,0,1,0,0.00
1386877241,0,0,0,4,-3.332627,0.000000,2.530727,-3.748045,0.285020,52.191341,-86.470001_604.099487i,167.273682_586.883972i,0,1,0,0.00
1386877242,0,0,0,4,-3.332627,0.000000,2.530727,-3.748045,0.285020,52.228542,-86.470001_604.099487i,167.273682_586.883972i,0,1,0,0.00
1386877242,0,0,0,4,-3.332627,0.000000,2.530727,-3.748045,0.285020,52.266113,-86.470001_604.099487i,167.273682_586.883972i,0,1,0,0.00
1386877242,0,0,0,4,-3.332627,0.000000,2.530727,-3.748045,0.285020,52.304054,-86.470001_604.099487i,167.273682_586.883972i,0,1,0,0.00
1386877242,0,0,0,4,-3.332627,0.000000,2.530727,-3.748045,0.285020,52.342373,-86.470001_604.099487i,167.273682_586.883972i,0,1,0,0.00
1386877243,0,0,0,4,-3.332627,0.000000,2.530727,-3.748045,0.285020,52.381062,-86.470001_604.099487i,167.273682_586.883972i,0,1,0,0.00
1386877243,0,0,0,4,-3.332627,0.000000,2.530727,-3.748045,0.285020,52.420124,-86.470001_604.099487i,167.273682_586.883972i,0,1,0,0.00
1386877243,0,0,0,4,-3.332627,0.000000,2.530727,-3.748045,0.285020,52.460804,-86.470001_604.099487i,167.273682_586.883972i,0,1,0,0.00
1386877243,0,0,0,4,-3.332627,0.000000,2.530727,-3.748045,0.285020,52.500633,-86.470001_604.099487i,167.273682_586.883972i,0,1,0,0.00
1386877244,0,0,0,4,-3.332627,0.000000,2.530727,-3.748045,0.285020,52.540844,-86.470001_604.099487i,167.273682_586.883972i,0,1,0,0.00
1386877244,0,0,0,4,-3.332627,0.000000,2.530727,-3.748045,0.285020,52.581436,-86.470001_604.099487i,167.273682_586.883972i,0,1,0,0.00
1386877244,0,0,0,4,-3.332627,0.000000,2.530727,-3.748045,0.285020,52.622410,-86.470001_604.099487i,167.273682_586.883972i,0,1,0,0.00
1386877245,0,0,0,4,-3.332627,0.000000,2.530727,-3.748045,0.285020,52.663769,-86.470001_604.099487i,167.273682_586.883972i,0,1,0,0.00
1386877245,0,0,0,4,-3.332627,0.000000,2.530727,-3.748045,0.285020,52.705509,-86.470001_604.099487i,167.273682_586.883972i,0,1,0,0.00
1386877245,0,0,0,4,-3.332627,0.000000,2.530727,-3.748045,0.285020,52.748962,-86.470001_604.099487i,167.273682_586.883972i,0,1,0,0.00
1386877245,0,0,0,4,-3.332627,0.000000,2.530727,-3.748045,0.285020,52.791492,-86.470001_604.099487i,167.273682_586.883972i,0,1,0,0.00
1386877246,0,0,0,4,-3.332627,0.000000,2.530727,-3.748045,0.285020,52.834412,-86.470001_604.099487i,167.273682_586.883972i,0,1,0,0.00
1386877246,0,0,0,4,-3.332627,0.000000,2.530727,-3.748045,0.285020,52.877724,-86.470001_604.099487i,167.273682_586.883972i,0,1,0,0.00
1386877246,0,0,0,4,-3.332627,0.000000,2.530727,-3.748045,0.285020,52.921425,-86.470001_604.099487i,167.273682_586.883972i,0,1,0,0.00
1386877246,0,0,0,4,-3.332627,0.000000,2.530727,-3.748045,0.285020,52.965519,-86.470001_604.099487i,167.273682_586.883972i,0,1,0,0.00
1386877247,0,0,0,4,-3.332627,0.000000,2.530727,-3.748045,0.285020,53.010014,-86.470001_604.099487i,167.273682_586.883972i,0,1,0,0.00
1386877247,1,1,1,7353,-5.252490,0.000000,0.610865,-3.748045,0.285020,53.056309,-86.470001_604.099487i,167.273682_586.883972i,0,1,0,0.00
1386877247,1,1,1,7353,-5.252490,0.000000,0.610865,-3.585148,0.285020,53.056309,-86.470001_604.099487i,167.273682_586.883972i,0,1,0,0.00
1386877247,1,1,1,7353,-5.252490,0.000000,0.610865,-3.422251,0.285020,53.056309,-86.470001_604.099487i,167.273682_586.883972i,0,1,0,0.00
1386877248,1,1,1,7353,-5.252490,0.000000,0.610865,-3.259353,0.285020,53.056309,-86.470001_604.099487i,167.273682_586.883972i,0,1,0,0.00
1386877248,1,1,1,7353,-5.252490,0.000000,0.610865,-3.096456,0.285020,53.056309,-86.470001_604.099487i,167.273682_586.883972i,0,1,0,0.00
1386877248,1,1,1,7353,-5.252490,0.000000,0.610865,-2.933560,0.285020,53.056309,-86.470001_604.099487i,167.273682_586.883972i,0,1,0,0.00
1386877248,1,1,1,7353,-5.252490,0.000000,0.610865,-2.770663,0.285020,53.056309,-86.470001_604.099487i,167.273682_586.883972i,0,1,0,0.00
1386877249,1,1,1,7353,-5.252490,0.000000,0.610865,-2.607766,0.285020,53.056309,-86.470001_604.099487i,167.273682_586.883972i,0,1,0,0.00
1386877249,1,1,1,7353,-5.252490,0.000000,0.610865,-2.472793,0.285020,53.056309,-86.470001_604.099487i,167.273682_586.883972i,0,1,0,0.00
1386877249,1,1,1,7353,-5.252490,0.000000,0.610865,-2.370401,0.285020,53.056309,-86.470001_604.099487i,167.273682_586.883972i,0,1,0,0.00
1386877249,1,1,1,7353,-5.252490,0.000000,0.610865,-2.295933,0.285020,53.056309,-86.470001_604.099487i,167.273682_586.883972i,0,1,0,0.00
1386877250,1,1,1,7353,-5.252490,0.000000,0.610865,-2.240083,0.285020,53.056309,-86.470001_604.099487i,167.273682_586.883972i,0,1,0,0.00
1386877250,1,1,1,7353,-5.252490,0.000000,0.610865,-2.202849,0.285020,53.056309,-86.470001_604.099487i,167.273682_586.883972i,0,1,0,0.00
1386877250,1,1,1,7353,-5.252490,0.000000,0.610865,-2.174925,0.285020,53.056309,-86.470001_604.099487i,167.273682_586.883972i,0,1,0,0.00
1386877250,1,1,1,7353,-5.252490,0.000000,0.610865,-2.151653,0.285020,53.056309,-86.470001_604.099487i,167.273682_586.883972i,0,1,0,0.00
1386877251,1,1,1,7353,-5.252490,0.000000,0.610865,-2.137691,0.285020,53.056309,-86.470001_604.099487i,167.273682_586.883972i,0,1,0,0.00
1386877251,1,1,1,7353,-5.252490,0.000000,0.610865,-2.128382,0.285020,53.056309,-86.470001_604.099487i,167.273682_586.883972i,0,1,0,0.00
1386877251,1,1,1,7353,-5.252490,0.000000,0.610865,-2.119075,0.285020,53.056309,-86.470001_604.099487i,167.273682_586.883972i,0,1,0,0.00
1386877251,1,1,1,7353,-5.252490,0.000000,0.610865,-2.114421,0.285020,53.056309,-86.470001_604.099487i,167.273682_586.883972i,0,1,0,0.00
1386877252,1,1,1,7353,-5.252490,0.000000,0.610865,-2.109766,0.285020,53.056309,-86.470001_604.099487i,167.273682_586.883972i,0,1,0,0.00
1386877252,1,1,1,7353,-5.252490,0.000000,0.610865,-2.105112,0.285020,53.056309,-86.470001_604.099487i,167.273682_586.883972i,0,1,0,0.00
1386877252,1,1,1,7353,-5.252490,0.000000,0.610865,-2.100458,0.285020,53.056309,-86.470001_604.099487i,167.273682_586.883972i,0,1,0,0.00
1386877252,1,1,1,7353,-5.252490,0.000000,0.610865,-2.100458,0.285020,53.056309,-86.470001_604.099487i,167.273682_586.883972i,0,1,0,0.00
1386877253,1,1,1,7353,-5.252490,0.000000,0.610865,-2.100458,0.285020,53.056309,-86.470001_604.099487i,167.273682_586.883972i,0,1,0,0.00
1386877253,1,1,1,7353,-5.252490,0.000000,0.610865,-2.100458,0.285020,53.056309,-86.470001_604.099487i,167.273682_586.883972i,0,1,0,0.00
1386877253,1,1,1,7353,-5.252490,0.000000,0.610865,-1.937561,0.285020,53.056309,-86.470001_604.099487i,167.273682_586.883972i,0,1,0,0.00
1386877253,1,1,1,7353,-5.252490,0.000000,0.610865,-1.774664,0.285020,53.056309,-86.470001_604.099487i,167.273682_586.883972i,0,1,0,0.00
1386877254,1,1,1,7353,-5.252490,0.000000,0.610865,-1.611766,0.285020,53.056309,-86.470001_604.099487i,167.273682_586.883972i,0,1,0,0.00
1386877254,1,1,1,7353,-5.252490,0.000000,0.610865,-1.462832,0.285020,53.056309,-86.470001_604.099487i,167.273682_586.883972i,0,1,0,0.00
1386877254,1,1,1,7353,-5.252490,0.000000,0.610865,-1.351131,0.285020,53.056309,-86.470001_604.099487i,167.273682_586.883972i,0,1,0,0.00
1386877254,1,1,1,7353,-5.252490,0.000000,0.610865,-1.272009,0.285020,53.056309,-86.470001_604.099487i,167.273682_586.883972i,0,1,0,0.00
1386877255,1,1,1,7353,-5.252490,0.000000,0.610865,-1.211505,0.285020,53.056309,-86.470001_604.099487i,167.273682_586.883972i,0,1,0,0.00
1386877255,1,1,1,7353,-5.252490,0.000000,0.610865,-1.169617,0.285020,53.056309,-86.470001_604.099487i,167.273682_586.883972i,0,1,0,0.00
1386877255,1,1,1,7353,-5.252490,0.000000,0.610865,-1.137038,0.285020,53.056309,-86.470001_604.099487i,167.273682_586.883972i,0,1,0,0.00
1386877255,1,1,1,7353,-5.252490,0.000000,0.610865,-1.113766,0.285020,53.056309,-86.470001_604.099487i,167.273682_586.883972i,0,1,0,0.00
1386877256,1,1,1,7353,-5.252490,0.000000,0.610865,-1.095149,0.285020,53.056309,-86.470001_604.099487i,167.273682_586.883972i,0,1,0,0.00
1386877256,1,1,1,7353,-5.252490,0.000000,0.610865,-1.081187,0.285020,53.056309,-86.470001_604.099487i,167.273682_586.883972i,0,1,0,0.00
1386877256,1,1,1,7353,-5.252490,0.000000,0.610865,-1.071878,0.285020,53.056309,-86.470001_604.099487i,167.273682_586.883972i,0,1,0,0.00
1386877256,1,1,1,7353,-5.252490,0.000000,0.610865,-1.067224,0.285020,53.056309,-86.470001_604.099487i,167.273682_586.883972i,0,1,0,0.00
1386877257,1,1,1,7353,-5.252490,0.000000,0.610865,-1.062570,0.285020,53.056309,-86.470001_604.099487i,167.273682_586.883972i,0,1,0,0.00
1386877257,1,1,1,7353,-5.252490,0.000000,0.610865,-1.057916,0.285020,53.056309,-86.470001_604.099487i,167.273682_586.883972i,0,1,0,0.00
1386877257,1,1,1,7353,-5.252490,0.000000,0.610865,-1.053261,0.285020,53.056309,-86.470001_604.099487i,167.273682_586.883972i,0,1,0,0.00
1386877257,1,1,1,7353,-5.252490,0.000000,0.610865,-1.053261,0.285020,53.056309,-86.470001_604.099487i,167.273682_586.883972i,0,1,0,0.00
1386877258,1,1,1,7353,-5.252490,0.000000,0.610865,-1.053261,0.285020,53.056309,-86.470001_604.099487i,167.273682_586.883972i,0,1,0,0.00
1386877258,1,1,0,7353,-5.252490,0.000000,0.610865,-1.053261,0.285020,53.056309,-86.470001_604.099487i,167.273682_586.883972i,0,1,0,0.00
1386877258,0,0,0,6,-5.252490,0.000000,0.610865,-0.890364,0.285020,52.952808,-86.470001_604.099487i,167.273682_586.883972i,0,1,0,0.00
1386877258,0,0,0,6,-5.252490,0.000000,0.610865,-0.727466,0.285020,52.914288,-86.470001_604.099487i,167.273682_586.883972i,0,1,0,0.00
1386877259,0,0,0,6,-5.252490,0.000000,0.610865,-0.564569,0.285020,52.873604,-86.470001_604.099487i,167.273682_586.883972i,0,1,0,0.00
1386877259,0,0,0,6,-5.252490,0.000000,0.610865,-0.401672,0.285020,52.832520,-86.470001_604.099487i,167.273682_586.883972i,0,1,0,0.00
1386877259,0,0,0,6,-5.252490,0.000000,0.610865,-0.238774,0.285020,52.792221,-86.470001_604.099487i,167.273682_586.883972i,0,1,0,0.00
1386877259,0,0,0,6,-5.252490,0.000000,0.610865,-0.075876,0.285020,52.752644,-86.470001_604.099487i,167.273682_586.883972i,0,1,0,0.00
1386877260,0,0,0,6,-5.252490,0.000000,0.610865,0.087021,0.285020,52.714928,-86.470001_604.099487i,167.273682_586.883972i,0,1,0,0.00
1386877260,0,0,0,6,-5.252490,0.000000,0.610865,0.226648,0.285020,52.681030,-86.470001_604.099487i,167.273682_586.883972i,0,1,0,0.00
1386877260,0,0,0,6,-5.252490,0.000000,0.610865,0.329040,0.285020,52.649681,-86.470001_604.099487i,167.273682_586.883972i,0,1,0,0.00
1386877260,0,0,0,6,-5.252490,0.000000,0.610865,0.403508,0.285020,52.620846,-86.470001_604.099487i,167.273682_586.883972i,0,1,0,0.00
1386877261,0,0,0,6,-5.252490,0.000000,0.610865,0.459358,0.285020,52.592442,-86.470001_604.099487i,167.273682_586.883972i,0,1,0,0.00
