MCU_timestamp,sig1,sig2,sig3,fa_debug,theta_d1,theta_d,theta_d1_b,theta_b,a_x,b_x,X_b,X_T_b,sail_hc_periods,sail_hc_direction,sail_hc_val,sail_hc_MEAN_V
1386865763,0,0,0,0,0.000000,0.000000,0.000000,0.000000,0.000000,0.000000,0.000000_0.000000i,0.000000_0.000000i,0,1,0,0.00
1386865763,0,0,0,0,0.000000,0.000000,0.000000,0.000000,0.000000,0.000000,0.000000_0.000000i,0.000000_0.000000i,0,1,0,0.00
1386865764,0,0,0,0,0.000000,0.000000,0.000000,0.000000,0.000000,0.000000,0.000000_0.000000i,0.000000_0.000000i,0,1,0,0.00
1386865764,0,0,0,0,0.000000,0.000000,0.000000,0.000000,0.000000,0.000000,0.000000_0.000000i,0.000000_0.000000i,0,1,0,0.00
1386865764,0,0,0,0,0.000000,0.000000,0.000000,0.000000,0.000000,0.000000,0.000000_0.000000i,0.000000_0.000000i,0,1,0,0.00
1386865764,0,0,0,0,0.000000,0.000000,0.000000,0.000000,0.000000,0.000000,0.000000_0.000000i,0.000000_0.000000i,0,1,0,0.00
1386865765,0,0,0,0,0.000000,0.000000,0.000000,0.000000,0.000000,0.000000,0.000000_0.000000i,0.000000_0.000000i,0,1,0,0.00
1386865765,0,0,0,0,0.000000,0.000000,0.000000,0.000000,0.000000,0.000000,0.000000_0.000000i,0.000000_0.000000i,0,1,0,0.00
1386865765,0,0,0,0,0.000000,0.000000,0.000000,0.000000,0.000000,0.000000,0.000000_0.000000i,0.000000_0.000000i,0,1,0,0.00
1386865765,0,0,0,0,0.000000,0.000000,0.000000,0.000000,0.000000,0.000000,0.000000_0.000000i,0.000000_0.000000i,0,1,0,0.00
1386865766,0,0,0,0,0.000000,0.000000,0.000000,0.000000,0.000000,0.000000,0.000000_0.000000i,0.000000_0.000000i,0,1,0,0.00
1386865766,0,0,0,0,0.000000,0.000000,0.000000,0.000000,0.000000,0.000000,0.000000_0.000000i,0.000000_0.000000i,0,1,0,0.00
1386865766,0,0,0,0,0.000000,0.000000,0.000000,0.000000,0.000000,0.000000,0.000000_0.000000i,0.000000_0.000000i,0,1,0,0.00
1386865766,0,0,0,0,0.000000,0.000000,0.000000,0.000000,0.000000,0.000000,0.000000_0.000000i,0.000000_0.000000i,0,1,0,0.00
1386865767,0,0,0,0,0.000000,0.000000,0.000000,0.000000,0.000000,0.000000,0.000000_0.000000i,0.000000_0.000000i,0,1,0,0.00
1386865767,0,0,0,0,0.000000,0.000000,0.000000,0.000000,0.000000,0.000000,0.000000_0.000000i,0.000000_0.000000i,0,1,0,0.00
1386865767,0,0,0,0,0.000000,0.000000,0.000000,0.000000,0.000000,0.000000,0.000000_0.000000i,0.000000_0.000000i,0,1,0,0.00
1386865767,0,0,0,0,0.000000,0.000000,0.000000,0.000000,0.000000,0.000000,0.000000_0.000000i,0.000000_0.000000i,0,1,0,0.00
1386865768,0,0,0,0,0.000000,0.000000,0.000000,0.000000,0.000000,0.000000,0.000000_0.000000i,0.000000_0.000000i,0,1,0,0.00
1386865768,0,0,0,0,0.000000,0.000000,0.000000,0.000000,0.000000,0.000000,0.000000_0.000000i,0.000000_0.000000i,0,1,0,0.00
1386865768,0,0,0,0,0.000000,0.000000,0.000000,0.000000,0.000000,0.000000,0.000000_0.000000i,0.000000_0.000000i,0,1,0,0.00
1386865768,0,0,0,0,0.000000,0.000000,0.000000,0.000000,0.000000,0.000000,0.000000_0.000000i,0.000000_0.000000i,0,1,0,0.00
1386865769,0,0,0,0,0.000000,0.000000,0.000000,0.000000,0.000000,0.000000,0.000000_0.000000i,0.000000_0.000000i,0,1,0,0.00
1386865769,0,0,0,0,0.000000,0.000000,0.000000,0.000000,0.000000,0.000000,0.000000_0.000000i,0.000000_0.000000i,0,1,0,0.00
1386865769,1,2,2,7353,-7.841410,0.000000,-1.978055,14.142757,0.431376,-54.453777,5.072092_-403.437073i,-159.811661_-370.469208i,0,1,0,0.00
1386865769,2,2,2,7353,-7.841410,0.000000,-1.978055,13.979859,0.431376,-54.453777,5.072092_-403.437073i,-159.811661_-370.469208i,0,1,0,0.00
1386865770,2,2,2,7353,-7.841410,0.000000,-1.978055,13.816962,0.431376,-54.453777,5.072092_-403.437073i,-159.811661_-370.469208i,0,1,0,0.00
1386865770,2,2,2,7353,-7.841410,0.000000,-1.978055,13.654065,0.431376,-54.453777,5.072092_-403.437073i,-159.811661_-370.469208i,0,1,0,0.00
1386865770,2,2,2,7353,-7.841410,0.000000,-1.978055,13.491167,0.431376,-54.453777,5.072092_-403.437073i,-159.811661_-370.469208i,0,1,0,0.00
1386865770,2,2,2,7353,-7.841410,0.000000,-1.978055,13.328269,0.431376,-54.453777,5.072092_-403.437073i,-159.811661_-370.469208i,0,1,0,0.00
1386865771,2,2,2,7353,-7.841410,0.000000,-1.978055,13.165372,0.431376,-54.453777,5.072092_-403.437073i,-159.811661_-370.469208i,0,1,0,0.00
1386865771,2,2,2,7353,-7.841410,0.000000,-1.978055,13.002475,0.431376,-54.453777,5.072092_-403.437073i,-159.811661_-370.469208i,0,1,0,0.00
1386865771,2,2,2,7353,-7.841410,0.000000,-1.978055,12.839577,0.431376,-54.453777,5.072092_-403.437073i,-159.811661_-370.469208i,0,1,0,0.00
1386865771,2,2,2,7353,-7.841410,0.000000,-1.978055,12.676679,0.431376,-54.453777,5.072092_-403.437073i,-159.811661_-370.469208i,0,1,0,0.00
1386865772,2,2,2,7353,-7.841410,0.000000,-1.978055,12.513782,0.431376,-54.453777,5.072092_-403.437073i,-159.811661_-370.469208i,0,1,0,0.00
1386865772,2,2,2,7353,-7.841410,0.000000,-1.978055,12.350884,0.431376,-54.453777,5.072092_-403.437073i,-159.811661_-370.469208i,0,1,0,0.00
1386865772,2,2,2,7353,-7.841410,0.000000,-1.978055,12.187986,0.431376,-54.453777,5.072092_-403.437073i,-159.811661_-370.469208i,0,1,0,0.00
1386865772,2,2,2,7353,-7.841410,0.000000,-1.978055,12.025088,0.431376,-54.453777,5.072092_-403.437073i,-159.811661_-370.469208i,0,1,0,0.00
1386865773,2,2,2,7353,-7.841410,0.000000,-1.978055,11.890117,0.431376,-54.453777,5.072092_-403.437073i,-159.811661_-370.469208i,0,1,0,0.00
1386865773,2,2,2,7353,-7.841410,0.000000,-1.978055,11.792378,0.431376,-54.453777,5.072092_-403.437073i,-159.811661_-370.469208i,0,1,0,0.00
1386865773,2,2,2,7353,-7.841410,0.000000,-1.978055,11.717911,0.431376,-54.453777,5.072092_-403.437073i,-159.811661_-370.469208i,0,1,0,0.00
1386865773,2,2,2,7353,-7.841410,0.000000,-1.978055,11.666715,0.431376,-54.453777,5.072092_-403.437073i,-159.811661_-370.469208i,0,1,0,0.00
1386865774,2,2,2,7353,-7.841410,0.000000,-1.978055,11.629481,0.431376,-54.453777,5.072092_-403.437073i,-159.811661_-370.469208i,0,1,0,0.00
1386865774,2,2,2,7353,-7.841410,0.000000,-1.978055,11.601556,0.431376,-54.453777,5.072092_-403.437073i,-159.811661_-370.469208i,0,1,0,0.00
1386865774,2,2,2,7353,-7.841410,0.000000,-1.978055,11.578284,0.431376,-54.453777,5.072092_-403.437073i,-159.811661_-370.469208i,0,1,0,0.00
1386865774,2,2,2,7353,-7.841410,0.000000,-1.978055,11.564322,0.431376,-54.453777,5.072092_-403.437073i,-159.811661_-370.469208i,0,1,0,0.00
1386865775,2,2,2,7353,-7.841410,0.000000,-1.978055,11.550359,0.431376,-54.453777,5.072092_-403.437073i,-159.811661_-370.469208i,0,1,0,0.00
1386865775,2,2,2,7353,-7.841410,0.000000,-1.978055,11.541051,0.431376,-54.453777,5.072092_-403.437073i,-159.811661_-370.469208i,0,1,0,0.00
1386865775,2,2,2,7353,-7.841410,0.000000,-1.978055,11.536397,0.431376,-54.453777,5.072092_-403.437073i,-159.811661_-370.469208i,0,1,0,0.00
1386865775,2,2,2,7353,-7.841410,0.000000,-1.978055,11.531742,0.431376,-54.453777,5.072092_-403.437073i,-159.811661_-370.469208i,0,1,0,0.00
