MCU_timestamp,sig1,sig2,sig3,fa_debug,theta_d1,theta_d,theta_d1_b,theta_b,a_x,b_x,X_b,X_T_b,sail_hc_periods,sail_hc_direction,sail_hc_val,sail_hc_MEAN_V
1386863660,0,0,0,0,0.000000,0.000000,0.000000,0.000000,0.000000,0.000000,0.000000_0.000000i,0.000000_0.000000i,0,1,0,0.00
1386863660,0,0,0,0,0.000000,0.000000,0.000000,0.000000,0.000000,0.000000,0.000000_0.000000i,0.000000_0.000000i,0,1,0,0.00
1386863660,0,0,0,0,0.000000,0.000000,0.000000,0.000000,0.000000,0.000000,0.000000_0.000000i,0.000000_0.000000i,0,1,0,0.00
1386863661,0,0,0,0,0.000000,0.000000,0.000000,0.000000,0.000000,0.000000,0.000000_0.000000i,0.000000_0.000000i,0,1,0,0.00
1386863661,0,0,0,0,0.000000,0.000000,0.000000,0.000000,0.000000,0.000000,0.000000_0.000000i,0.000000_0.000000i,0,1,0,0.00
1386863661,0,0,0,0,0.000000,0.000000,0.000000,0.000000,0.000000,0.000000,0.000000_0.000000i,0.000000_0.000000i,0,1,0,0.00
1386863661,0,0,0,0,0.000000,0.000000,0.000000,0.000000,0.000000,0.000000,0.000000_0.000000i,0.000000_0.000000i,0,1,0,0.00
1386863662,0,0,0,0,0.000000,0.000000,0.000000,0.000000,0.000000,0.000000,0.000000_0.000000i,0.000000_0.000000i,0,1,0,0.00
1386863662,0,0,0,0,0.000000,0.000000,0.000000,0.000000,0.000000,0.000000,0.000000_0.000000i,0.000000_0.000000i,0,1,0,0.00
1386863662,0,0,0,0,0.000000,0.000000,0.000000,0.000000,0.000000,0.000000,0.000000_0.000000i,0.000000_0.000000i,0,1,0,0.00
1386863662,0,0,0,0,0.000000,0.000000,0.000000,0.000000,0.000000,0.000000,0.000000_0.000000i,0.000000_0.000000i,0,1,0,0.00
1386863663,0,0,0,0,0.000000,0.000000,0.000000,0.000000,0.000000,0.000000,0.000000_0.000000i,0.000000_0.000000i,0,1,0,0.00
1386863663,0,0,0,0,0.000000,0.000000,0.000000,0.000000,0.000000,0.000000,0.000000_0.000000i,0.000000_0.000000i,0,1,0,0.00
1386863663,0,0,0,0,0.000000,0.000000,0.000000,0.000000,0.000000,0.000000,0.000000_0.000000i,0.000000_0.000000i,0,1,0,0.00
1386863663,0,0,0,0,0.000000,0.000000,0.000000,0.000000,0.000000,0.000000,0.000000_0.000000i,0.000000_0.000000i,0,1,0,0.00
1386863664,0,0,0,0,0.000000,0.000000,0.000000,0.000000,0.000000,0.000000,0.000000_0.000000i,0.000000_0.000000i,0,1,0,0.00
1386863664,0,0,0,0,0.000000,0.000000,0.000000,0.000000,0.000000,0.000000,0.000000_0.000000i,0.000000_0.000000i,0,1,0,0.00
1386863664,0,0,0,0,0.000000,0.000000,0.000000,0.000000,0.000000,0.000000,0.000000_0.000000i,0.000000_0.000000i,0,1,0,0.00
1386863664,0,0,0,0,0.000000,0.000000,0.000000,0.000000,0.000000,0.000000,0.000000_0.000000i,0.000000_0.000000i,0,1,0,0.00
1386863665,0,0,0,0,0.000000,0.000000,0.000000,0.000000,0.000000,0.000000,0.000000_0.000000i,0.000000_0.000000i,0,1,0,0.00
1386863665,0,0,0,0,0.000000,0.000000,0.000000,0.000000,0.000000,0.000000,0.000000_0.000000i,0.000000_0.000000i,0,1,0,0.00
1386863665,0,0,0,0,0.000000,0.000000,0.000000,0.000000,0.000000,0.000000,0.000000_0.000000i,0.000000_0.000000i,0,1,0,0.00
1386863665,0,0,0,0,0.000000,0.000000,0.000000,0.000000,0.000000,0.000000,0.000000_0.000000i,0.000000_0.000000i,0,1,0,0.00
1386863666,0,0,0,0,0.000000,0.000000,0.000000,0.000000,0.000000,0.000000,0.000000_0.000000i,0.000000_0.000000i,0,1,0,0.00
1386863666,0,0,0,0,0.000000,0.000000,0.000000,0.000000,0.000000,0.000000,0.000000_0.000000i,0.000000_0.000000i,0,1,0,0.00
1386863666,0,0,0,0,0.000000,0.000000,0.000000,0.000000,0.000000,0.000000,0.000000_0.000000i,0.000000_0.000000i,0,1,0,0.00
1386863666,0,0,0,0,0.000000,0.000000,0.000000,0.000000,0.000000,0.000000,0.000000_0.000000i,0.000000_0.000000i,0,1,0,0.00
1386863667,0,0,0,0,0.000000,0.000000,0.000000,0.000000,0.000000,0.000000,0.000000_0.000000i,0.000000_0.000000i,0,1,0,0.00
1386863667,0,0,0,0,0.000000,0.000000,0.000000,0.000000,0.000000,0.000000,0.000000_0.000000i,0.000000_0.000000i,0,1,0,0.00
1386863667,0,0,0,0,0.000000,0.000000,0.000000,0.000000,0.000000,0.000000,0.000000_0.000000i,0.000000_0.000000i,0,1,0,0.00
1386863667,0,0,0,0,0.000000,0.000000,0.000000,0.000000,0.000000,0.000000,0.000000_0.000000i,0.000000_0.000000i,0,1,0,0.00
1386863668,0,0,0,0,0.000000,0.000000,0.000000,0.000000,0.000000,0.000000,0.000000_0.000000i,0.000000_0.000000i,0,1,0,0.00
1386863668,0,0,0,0,0.000000,0.000000,0.000000,0.000000,0.000000,0.000000,0.000000_0.000000i,0.000000_0.000000i,0,1,0,0.00
1386863668,0,0,0,0,0.000000,0.000000,0.000000,0.000000,0.000000,0.000000,0.000000_0.000000i,0.000000_0.000000i,0,1,0,0.00
1386863668,0,0,0,0,0.000000,0.000000,0.000000,0.000000,0.000000,0.000000,0.000000_0.000000i,0.000000_0.000000i,0,1,0,0.00
1386863669,0,0,0,0,0.000000,0.000000,0.000000,0.000000,0.000000,0.000000,0.000000_0.000000i,0.000000_0.000000i,0,1,0,0.00
1386863669,0,0,0,0,0.000000,0.000000,0.000000,0.000000,0.000000,0.000000,0.000000_0.000000i,0.000000_0.000000i,0,1,0,0.00
1386863669,0,0,0,0,0.000000,0.000000,0.000000,0.000000,0.000000,0.000000,0.000000_0.000000i,0.000000_0.000000i,0,1,0,0.00
1386863669,0,0,0,0,0.000000,0.000000,0.000000,0.000000,0.000000,0.000000,0.000000_0.000000i,0.000000_0.000000i,0,1,0,0.00
1386863670,0,0,0,0,0.000000,0.000000,0.000000,0.000000,0.000000,0.000000,0.000000_0.000000i,0.000000_0.000000i,0,1,0,0.00
1386863670,0,0,0,0,0.000000,0.000000,0.000000,0.000000,0.000000,0.000000,0.000000_0.000000i,0.000000_0.000000i,0,1,0,0.00
1386863670,0,0,0,0,0.000000,0.000000,0.000000,0.000000,0.000000,0.000000,0.000000_0.000000i,0.000000_0.000000i,0,1,0,0.00
1386863670,0,0,0,0,0.000000,0.000000,0.000000,0.000000,0.000000,0.000000,0.000000_0.000000i,0.000000_0.000000i,0,1,0,0.00
1386863671,0,0,0,0,0.000000,0.000000,0.000000,0.000000,0.000000,0.000000,0.000000_0.000000i,0.000000_0.000000i,0,1,0,0.00
1386863671,0,0,0,0,0.000000,0.000000,0.000000,0.000000,0.000000,0.000000,0.000000_0.000000i,0.000000_0.000000i,0,1,0,0.00
1386863671,0,0,0,0,0.000000,0.000000,0.000000,0.000000,0.000000,0.000000,0.000000_0.000000i,0.000000_0.000000i,0,1,0,0.00
1386863671,0,0,0,0,0.000000,0.000000,0.000000,0.000000,0.000000,0.000000,0.000000_0.000000i,0.000000_0.000000i,0,1,0,0.00
1386863672,0,0,0,0,0.000000,0.000000,0.000000,0.000000,0.000000,0.000000,0.000000_0.000000i,0.000000_0.000000i,0,1,0,0.00
1386863672,0,0,0,0,0.000000,0.000000,0.000000,0.000000,0.000000,0.000000,0.000000_0.000000i,0.000000_0.000000i,0,1,0,0.00
1386863672,0,0,0,0,0.000000,0.000000,0.000000,0.000000,0.000000,0.000000,0.000000_0.000000i,0.000000_0.000000i,0,1,0,0.00
1386863672,0,0,0,0,0.000000,0.000000,0.000000,0.000000,0.000000,0.000000,0.000000_0.000000i,0.000000_0.000000i,0,1,0,0.00
1386863673,0,0,0,0,0.000000,0.000000,0.000000,0.000000,0.000000,0.000000,0.000000_0.000000i,0.000000_0.000000i,0,1,0,0.00
1386863673,0,0,0,0,0.000000,0.000000,0.000000,0.000000,0.000000,0.000000,0.000000_0.000000i,0.000000_0.000000i,0,1,0,0.00
1386863673,0,0,0,0,0.000000,0.000000,0.000000,0.000000,0.000000,0.000000,0.000000_0.000000i,0.000000_0.000000i,0,1,0,0.00
1386863673,0,0,0,0,0.000000,0.000000,0.000000,0.000000,0.000000,0.000000,0.000000_0.000000i,0.000000_0.000000i,0,1,0,0.00
1386863674,0,0,0,0,0.000000,0.000000,0.000000,0.000000,0.000000,0.000000,0.000000_0.000000i,0.000000_0.000000i,0,1,0,0.00
1386863674,0,0,0,0,0.000000,0.000000,0.000000,0.000000,0.000000,0.000000,0.000000_0.000000i,0.000000_0.000000i,0,1,0,0.00
1386863674,0,0,0,0,0.000000,0.000000,0.000000,0.000000,0.000000,0.000000,0.000000_0.000000i,0.000000_0.000000i,0,1,0,0.00
1386863674,0,0,0,0,0.000000,0.000000,0.000000,0.000000,0.000000,0.000000,0.000000_0.000000i,0.000000_0.000000i,0,1,0,0.00
1386863675,0,0,0,0,0.000000,0.000000,0.000000,0.000000,0.000000,0.000000,0.000000_0.000000i,0.000000_0.000000i,0,1,0,0.00
1386863675,0,0,0,0,0.000000,0.000000,0.000000,0.000000,0.000000,0.000000,0.000000_0.000000i,0.000000_0.000000i,0,1,0,0.00
1386863675,0,0,0,0,0.000000,0.000000,0.000000,0.000000,0.000000,0.000000,0.000000_0.000000i,0.000000_0.000000i,0,1,0,0.00
1386863675,0,0,0,0,0.000000,0.000000,0.000000,0.000000,0.000000,0.000000,0.000000_0.000000i,0.000000_0.000000i,0,1,0,0.00
1386863676,0,0,0,0,0.000000,0.000000,0.000000,0.000000,0.000000,0.000000,0.000000_0.000000i,0.000000_0.000000i,0,1,0,0.00
1386863676,0,0,0,0,0.000000,0.000000,0.000000,0.000000,0.000000,0.000000,0.000000_0.000000i,0.000000_0.000000i,0,1,0,0.00
1386863676,0,0,0,0,0.000000,0.000000,0.000000,0.000000,0.000000,0.000000,0.000000_0.000000i,0.000000_0.000000i,0,1,0,0.00
1386863677,0,0,0,0,0.000000,0.000000,0.000000,0.000000,0.000000,0.000000,0.000000_0.000000i,0.000000_0.000000i,0,1,0,0.00
1386863677,0,0,0,0,0.000000,0.000000,0.000000,0.000000,0.000000,0.000000,0.000000_0.000000i,0.000000_0.000000i,0,1,0,0.00
1386863677,0,0,0,0,0.000000,0.000000,0.000000,0.000000,0.000000,0.000000,0.000000_0.000000i,0.000000_0.000000i,0,1,0,0.00
1386863677,0,0,0,0,0.000000,0.000000,0.000000,0.000000,0.000000,0.000000,0.000000_0.000000i,0.000000_0.000000i,0,1,0,0.00
1386863678,0,0,0,0,0.000000,0.000000,0.000000,0.000000,0.000000,0.000000,0.000000_0.000000i,0.000000_0.000000i,0,1,0,0.00
1386863678,0,0,0,0,0.000000,0.000000,0.000000,0.000000,0.000000,0.000000,0.000000_0.000000i,0.000000_0.000000i,0,1,0,0.00
1386863678,1,2,2,7353,-8.408340,0.000000,-2.544985,7.845603,1.472390,-88.993408,-148.557297_-239.950012i,-233.461304_-158.559464i,0,1,0,0.00
1386863678,2,2,2,7353,-8.408340,0.000000,-2.544985,7.682705,1.472390,-88.993408,-148.557297_-239.950012i,-233.461304_-158.559464i,0,1,0,0.00
1386863679,2,2,2,7353,-8.408340,0.000000,-2.544985,7.519808,1.472390,-88.993408,-148.557297_-239.950012i,-233.461304_-158.559464i,0,1,0,0.00
1386863679,2,2,2,7353,-8.408340,0.000000,-2.544985,7.356911,1.472390,-88.993408,-148.557297_-239.950012i,-233.461304_-158.559464i,0,1,0,0.00
1386863679,2,2,2,7353,-8.408340,0.000000,-2.544985,7.194013,1.472390,-88.993408,-148.557297_-239.950012i,-233.461304_-158.559464i,0,1,0,0.00
1386863679,2,2,2,7353,-8.408340,0.000000,-2.544985,7.031116,1.472390,-88.993408,-148.557297_-239.950012i,-233.461304_-158.559464i,0,1,0,0.00
1386863680,2,2,2,7353,-8.408340,0.000000,-2.544985,6.868218,1.472390,-88.993408,-148.557297_-239.950012i,-233.461304_-158.559464i,0,1,0,0.00
1386863680,2,2,2,7353,-8.408340,0.000000,-2.544985,6.705321,1.472390,-88.993408,-148.557297_-239.950012i,-233.461304_-158.559464i,0,1,0,0.00
1386863680,2,2,2,7353,-8.408340,0.000000,-2.544985,6.542424,1.472390,-88.993408,-148.557297_-239.950012i,-233.461304_-158.559464i,0,1,0,0.00
1386863680,2,2,2,7353,-8.408340,0.000000,-2.544985,6.379527,1.472390,-88.993408,-148.557297_-239.950012i,-233.461304_-158.559464i,0,1,0,0.00
1386863681,2,2,2,7353,-8.408340,0.000000,-2.544985,6.216629,1.472390,-88.993408,-148.557297_-239.950012i,-233.461304_-158.559464i,0,1,0,0.00
1386863681,2,2,2,7353,-8.408340,0.000000,-2.544985,6.053731,1.472390,-88.993408,-148.557297_-239.950012i,-233.461304_-158.559464i,0,1,0,0.00
1386863681,2,2,2,7353,-8.408340,0.000000,-2.544985,5.890834,1.472390,-88.993408,-148.557297_-239.950012i,-233.461304_-158.559464i,0,1,0,0.00
1386863681,2,2,2,7353,-8.408340,0.000000,-2.544985,5.727937,1.472390,-88.993408,-148.557297_-239.950012i,-233.461304_-158.559464i,0,1,0,0.00
1386863682,2,2,2,7353,-8.408340,0.000000,-2.544985,5.597619,1.472390,-88.993408,-148.557297_-239.950012i,-233.461304_-158.559464i,0,1,0,0.00
1386863682,2,2,2,7353,-8.408340,0.000000,-2.544985,5.499880,1.472390,-88.993408,-148.557297_-239.950012i,-233.461304_-158.559464i,0,1,0,0.00
1386863682,2,2,2,7353,-8.408340,0.000000,-2.544985,5.430067,1.472390,-88.993408,-148.557297_-239.950012i,-233.461304_-158.559464i,0,1,0,0.00
1386863682,2,2,2,7353,-8.408340,0.000000,-2.544985,5.378871,1.472390,-88.993408,-148.557297_-239.950012i,-233.461304_-158.559464i,0,1,0,0.00
1386863683,2,2,2,7353,-8.408340,0.000000,-2.544985,5.341637,1.472390,-88.993408,-148.557297_-239.950012i,-233.461304_-158.559464i,0,1,0,0.00
1386863683,2,2,2,7353,-8.408340,0.000000,-2.544985,5.313712,1.472390,-88.993408,-148.557297_-239.950012i,-233.461304_-158.559464i,0,1,0,0.00
1386863683,2,2,2,7353,-8.408340,0.000000,-2.544985,5.295095,1.472390,-88.993408,-148.557297_-239.950012i,-233.461304_-158.559464i,0,1,0,0.00
1386863683,2,2,2,7353,-8.408340,0.000000,-2.544985,5.281132,1.472390,-88.993408,-148.557297_-239.950012i,-233.461304_-158.559464i,0,1,0,0.00
1386863684,2,2,2,7353,-8.408340,0.000000,-2.544985,5.267169,1.472390,-88.993408,-148.557297_-239.950012i,-233.461304_-158.559464i,0,1,0,0.00
1386863684,2,2,2,7353,-8.408340,0.000000,-2.544985,5.257861,1.472390,-88.993408,-148.557297_-239.950012i,-233.461304_-158.559464i,0,1,0,0.00
1386863684,2,2,2,7353,-8.408340,0.000000,-2.544985,5.253207,1.472390,-88.993408,-148.557297_-239.950012i,-233.461304_-158.559464i,0,1,0,0.00
1386863684,2,2,2,7353,-8.408340,0.000000,-2.544985,5.248553,1.472390,-88.993408,-148.557297_-239.950012i,-233.461304_-158.559464i,0,1,0,0.00
1386863685,2,2,2,7353,-8.408340,0.000000,-2.544985,5.243898,1.472390,-88.993408,-148.557297_-239.950012i,-233.461304_-158.559464i,0,1,0,0.00
1386863685,2,2,2,7353,-8.408340,0.000000,-2.544985,5.243898,1.472390,-88.993408,-148.557297_-239.950012i,-233.461304_-158.559464i,0,1,0,0.00
1386863685,2,2,2,7353,-8.408340,0.000000,-2.544985,5.243898,1.472390,-88.993408,-148.557297_-239.950012i,-233.461304_-158.559464i,0,1,0,0.00
1386863685,2,2,2,7353,-8.408340,0.000000,-2.544985,5.243898,1.472390,-88.993408,-148.557297_-239.950012i,-233.461304_-158.559464i,0,1,0,0.00
1386863686,2,2,2,7353,-8.408340,0.000000,-2.544985,5.243898,1.472390,-88.993408,-148.557297_-239.950012i,-233.461304_-158.559464i,0,1,0,0.00
1386863686,2,2,2,7353,-8.408340,0.000000,-2.544985,5.243898,1.472390,-88.993408,-148.557297_-239.950012i,-233.461304_-158.559464i,0,1,0,0.00
1386863686,2,2,2,7353,-8.408340,0.000000,-2.544985,5.243898,1.472390,-88.993408,-148.557297_-239.950012i,-233.461304_-158.559464i,0,1,0,0.00
1386863686,2,2,2,7353,-8.408340,0.000000,-2.544985,5.243898,1.472390,-88.993408,-148.557297_-239.950012i,-233.461304_-158.559464i,0,1,0,0.00
1386863687,2,2,2,7353,-8.408340,0.000000,-2.544985,5.243898,1.472390,-88.993408,-148.557297_-239.950012i,-233.461304_-158.559464i,0,1,0,0.00
1386863687,2,2,2,7353,-8.408340,0.000000,-2.544985,5.081001,1.472390,-88.993408,-148.557297_-239.950012i,-233.461304_-158.559464i,0,1,0,0.00
1386863687,2,2,2,7353,-8.408340,0.000000,-2.544985,4.918104,1.472390,-88.993408,-148.557297_-239.950012i,-233.461304_-158.559464i,0,1,0,0.00
1386863687,2,2,2,7353,-8.408340,0.000000,-2.544985,5.081001,1.472390,-88.993408,-148.557297_-239.950012i,-233.461304_-158.559464i,0,1,0,0.00
1386863688,2,2,2,7353,-8.408340,0.000000,-2.544985,5.243898,1.472390,-88.993408,-148.557297_-239.950012i,-233.461304_-158.559464i,0,1,0,0.00
1386863688,2,2,2,7353,-8.408340,0.000000,-2.544985,5.406796,1.472390,-88.993408,-148.557297_-239.950012i,-233.461304_-158.559464i,0,1,0,0.00
1386863688,2,2,2,7353,-8.408340,0.000000,-2.544985,5.569694,1.472390,-88.993408,-148.557297_-239.950012i,-233.461304_-158.559464i,0,1,0,0.00
1386863688,2,2,2,7353,-8.408340,0.000000,-2.544985,5.732591,1.472390,-88.993408,-148.557297_-239.950012i,-233.461304_-158.559464i,0,1,0,0.00
1386863689,2,2,2,7353,-8.408340,0.000000,-2.544985,5.895488,1.472390,-88.993408,-148.557297_-239.950012i,-233.461304_-158.559464i,0,1,0,0.00
1386863689,2,2,2,7353,-8.408340,0.000000,-2.544985,6.058386,1.472390,-88.993408,-148.557297_-239.950012i,-233.461304_-158.559464i,0,1,0,0.00
1386863689,2,2,2,7353,-8.408340,0.000000,-2.544985,6.221283,1.472390,-88.993408,-148.557297_-239.950012i,-233.461304_-158.559464i,0,1,0,0.00
1386863689,2,2,2,0,-8.408340,0.000000,-2.544985,6.221283,1.472390,-88.993408,-148.557297_-239.950012i,-233.461304_-158.559464i,0,1,0,0.00
1386863690,2,2,2,0,-8.408340,0.000000,-2.544985,6.221283,1.472390,-88.993408,-148.557297_-239.950012i,-233.461304_-158.559464i,0,1,0,0.00
1386863690,2,2,2,0,-8.408340,0.000000,-2.544985,6.221283,1.472390,-88.993408,-148.557297_-239.950012i,-233.461304_-158.559464i,0,1,0,0.00
1386863690,2,2,2,0,-8.408340,0.000000,-2.544985,6.221283,1.472390,-88.993408,-148.557297_-239.950012i,-233.461304_-158.559464i,0,1,0,0.00
1386863690,2,2,2,0,-8.408340,0.000000,-2.544985,6.221283,1.472390,-88.993408,-148.557297_-239.950012i,-233.461304_-158.559464i,0,1,0,0.00
1386863691,2,2,2,0,-8.408340,0.000000,-2.544985,6.221283,1.472390,-88.993408,-148.557297_-239.950012i,-233.461304_-158.559464i,0,1,0,0.00
1386863691,2,2,2,0,-8.408340,0.000000,-2.544985,6.221283,1.472390,-88.993408,-148.557297_-239.950012i,-233.461304_-158.559464i,0,1,0,0.00
1386863691,2,2,2,0,-8.408340,0.000000,-2.544985,6.221283,1.472390,-88.993408,-148.557297_-239.950012i,-233.461304_-158.559464i,0,1,0,0.00
1386863691,2,2,2,0,-8.408340,0.000000,-2.544985,6.221283,1.472390,-88.993408,-148.557297_-239.950012i,-233.461304_-158.559464i,0,1,0,0.00
1386863692,2,2,2,0,-8.408340,0.000000,-2.544985,6.221283,1.472390,-88.993408,-148.557297_-239.950012i,-233.461304_-158.559464i,0,1,0,0.00
1386863692,2,2,2,0,-8.408340,0.000000,-2.544985,6.221283,1.472390,-88.993408,-148.557297_-239.950012i,-233.461304_-158.559464i,0,1,0,0.00
