MCU_timestamp,sig1,sig2,sig3,fa_debug,theta_d1,theta_d,theta_d1_b,theta_b,a_x,b_x,X_b,X_T_b,sail_hc_periods,sail_hc_direction,sail_hc_val,sail_hc_MEAN_V
1386958697,1,2,2,7353,-2.094395,0.000000,-2.094395,-89.179810,0.103334,-50.266239,-628156.937500_-6078890.000000i,-628156.937500_-6078890.000000i,0,1,0,0.00
1386958698,2,2,2,7353,-2.094395,0.000000,-2.094395,-89.133270,0.103334,-50.266239,-628156.937500_-6078890.000000i,-628156.937500_-6078890.000000i,0,1,0,0.00
1386958698,2,2,2,7353,-2.094395,0.000000,-2.094395,-89.100693,0.103334,-50.266239,-628156.937500_-6078890.000000i,-628156.937500_-6078890.000000i,0,1,0,0.00
1386958698,2,2,2,7353,-2.094395,0.000000,-2.094395,-89.077415,0.103334,-50.266239,-628156.937500_-6078890.000000i,-628156.937500_-6078890.000000i,0,1,0,0.00
1386958698,2,2,2,7353,-2.094395,0.000000,-2.094395,-89.058792,0.103334,-50.266239,-628156.937500_-6078890.000000i,-628156.937500_-6078890.000000i,0,1,0,0.00
1386958699,2,2,2,7353,-2.094395,0.000000,-2.094395,-89.044838,0.103334,-50.266239,-628156.937500_-6078890.000000i,-628156.937500_-6078890.000000i,0,1,0,0.00
1386958699,2,2,2,7353,-2.094395,0.000000,-2.094395,-89.035530,0.103334,-50.266239,-628156.937500_-6078890.000000i,-628156.937500_-6078890.000000i,0,1,0,0.00
1386958699,2,2,2,7353,-2.094395,0.000000,-2.094395,-89.030876,0.103334,-50.266239,-628156.937500_-6078890.000000i,-628156.937500_-6078890.000000i,0,1,0,0.00
1386958699,2,2,2,7353,-2.094395,0.000000,-2.094395,-89.026222,0.103334,-50.266239,-628156.937500_-6078890.000000i,-628156.937500_-6078890.000000i,0,1,0,0.00
1386958700,2,2,2,7353,-2.094395,0.000000,-2.094395,-89.021568,0.103334,-50.266239,-628156.937500_-6078890.000000i,-628156.937500_-6078890.000000i,0,1,0,0.00
1386958700,2,2,2,7353,-2.094395,0.000000,-2.094395,-89.016914,0.103334,-50.266239,-628156.937500_-6078890.000000i,-628156.937500_-6078890.000000i,0,1,0,0.00
1386958700,2,2,2,7353,-2.094395,0.000000,-2.094395,-89.016914,0.103334,-50.266239,-628156.937500_-6078890.000000i,-628156.937500_-6078890.000000i,0,1,0,0.00
1386958700,2,2,2,7353,-2.094395,0.000000,-2.094395,-89.016914,0.103334,-50.266239,-628156.937500_-6078890.000000i,-628156.937500_-6078890.000000i,0,1,0,0.00
1386958701,2,2,2,7353,-2.094395,0.000000,-2.094395,-89.016914,0.103334,-50.266239,-628156.937500_-6078890.000000i,-628156.937500_-6078890.000000i,0,1,0,0.00
1386958701,2,2,2,7353,-2.094395,0.000000,-2.094395,-89.016914,0.103334,-50.266239,-628156.937500_-6078890.000000i,-628156.937500_-6078890.000000i,0,1,0,0.00
1386958701,2,2,2,7353,-2.094395,0.000000,-2.094395,-89.016914,0.103334,-50.266239,-628156.937500_-6078890.000000i,-628156.937500_-6078890.000000i,0,1,0,0.00
1386958701,2,2,2,7353,-2.094395,0.000000,-2.094395,-89.016914,0.103334,-50.266239,-628156.937500_-6078890.000000i,-628156.937500_-6078890.000000i,0,1,0,0.00
1386958702,2,2,2,7353,-2.094395,0.000000,-2.094395,-89.016914,0.103334,-50.266239,-628156.937500_-6078890.000000i,-628156.937500_-6078890.000000i,0,1,0,0.00
1386958702,2,2,2,7353,-2.094395,0.000000,-2.094395,-89.016914,0.103334,-50.266239,-628156.937500_-6078890.000000i,-628156.937500_-6078890.000000i,0,1,0,0.00
1386958702,2,2,2,7353,-2.094395,0.000000,-2.094395,-89.016914,0.103334,-50.266239,-628156.937500_-6078890.000000i,-628156.937500_-6078890.000000i,0,1,0,0.00
1386958702,2,2,2,7353,-2.094395,0.000000,-2.094395,-89.179817,0.103334,-50.266239,-628156.937500_-6078890.000000i,-628156.937500_-6078890.000000i,0,1,0,0.00
1386958703,2,2,2,7353,-2.094395,0.000000,-2.094395,-89.342720,0.103334,-50.266239,-628156.937500_-6078890.000000i,-628156.937500_-6078890.000000i,0,1,0,0.00
1386958703,2,2,2,7353,-2.094395,0.000000,-2.094395,-89.505615,0.103334,-50.266239,-628156.937500_-6078890.000000i,-628156.937500_-6078890.000000i,0,1,0,0.00
1386958703,2,2,2,7353,-2.094395,0.000000,-2.094395,-89.654549,0.103334,-50.266239,-628156.937500_-6078890.000000i,-628156.937500_-6078890.000000i,0,1,0,0.00
1386958703,2,2,2,7353,-2.094395,0.000000,-2.094395,-89.761597,0.103334,-50.266239,-628156.937500_-6078890.000000i,-628156.937500_-6078890.000000i,0,1,0,0.00
1386958704,2,2,2,7353,-2.094395,0.000000,-2.094395,-89.840714,0.103334,-50.266239,-628156.937500_-6078890.000000i,-628156.937500_-6078890.000000i,0,1,0,0.00
1386958704,2,2,2,7353,-2.094395,0.000000,-2.094395,-89.901222,0.103334,-50.266239,-628156.937500_-6078890.000000i,-628156.937500_-6078890.000000i,0,1,0,0.00
1386958704,2,2,2,7353,-2.094395,0.000000,-2.094395,-89.943108,0.103334,-50.266239,-628156.937500_-6078890.000000i,-628156.937500_-6078890.000000i,0,1,0,0.00
1386958704,2,2,2,7353,-2.094395,0.000000,-2.094395,-89.975685,0.103334,-50.266239,-628156.937500_-6078890.000000i,-628156.937500_-6078890.000000i,0,1,0,0.00
1386958705,2,2,2,7353,-2.094395,0.000000,-2.094395,-89.998962,0.103334,-50.266239,-628156.937500_-6078890.000000i,-628156.937500_-6078890.000000i,0,1,0,0.00
1386958705,2,2,2,7353,-2.094395,0.000000,-2.094395,-90.012924,0.103334,-50.266239,-628156.937500_-6078890.000000i,-628156.937500_-6078890.000000i,0,1,0,0.00
1386958705,2,2,2,7353,-2.094395,0.000000,-2.094395,-90.026878,0.103334,-50.266239,-628156.937500_-6078890.000000i,-628156.937500_-6078890.000000i,0,1,0,0.00
1386958705,2,2,2,7353,-2.094395,0.000000,-2.094395,-90.036186,0.103334,-50.266239,-628156.937500_-6078890.000000i,-628156.937500_-6078890.000000i,0,1,0,0.00
1386958706,2,2,2,7353,-2.094395,0.000000,-2.094395,-90.040840,0.103334,-50.266239,-628156.937500_-6078890.000000i,-628156.937500_-6078890.000000i,0,1,0,0.00
1386958706,2,2,2,7353,-2.094395,0.000000,-2.094395,-90.045494,0.103334,-50.266239,-628156.937500_-6078890.000000i,-628156.937500_-6078890.000000i,0,1,0,0.00
1386958706,2,2,2,7353,-2.094395,0.000000,-2.094395,-90.050148,0.103334,-50.266239,-628156.937500_-6078890.000000i,-628156.937500_-6078890.000000i,0,1,0,0.00
1386958706,2,2,0,7353,-2.094395,0.000000,-2.094395,-90.054802,0.103334,-50.266239,-628156.937500_-6078890.000000i,-628156.937500_-6078890.000000i,0,1,0,0.00
1386958707,0,0,0,14,-2.094395,0.000000,-2.094395,-90.054802,0.103334,-50.266239,-628156.937500_-6078890.000000i,-628156.937500_-6078890.000000i,0,1,0,0.00
1386958707,0,0,0,14,-2.094395,0.000000,-2.094395,-90.054802,0.103334,-50.266239,-628156.937500_-6078890.000000i,-628156.937500_-6078890.000000i,0,1,0,0.00
1386958707,0,0,0,14,-2.094395,0.000000,-2.094395,-90.054802,0.103334,-50.266239,-628156.937500_-6078890.000000i,-628156.937500_-6078890.000000i,0,1,0,0.00
1386958707,0,0,0,14,-2.094395,0.000000,-2.094395,-90.054802,0.103334,-50.266239,-628156.937500_-6078890.000000i,-628156.937500_-6078890.000000i,0,1,0,0.00
1386958708,0,0,0,14,-2.094395,0.000000,-2.094395,-90.054802,0.103334,-50.266239,-628156.937500_-6078890.000000i,-628156.937500_-6078890.000000i,0,1,0,0.00
1386958708,0,0,0,14,-2.094395,0.000000,-2.094395,-90.054802,0.103334,-50.266239,-628156.937500_-6078890.000000i,-628156.937500_-6078890.000000i,0,1,0,0.00
1386958708,0,0,0,14,-2.094395,0.000000,-2.094395,-90.054802,0.103334,-50.266239,-628156.937500_-6078890.000000i,-628156.937500_-6078890.000000i,0,1,0,0.00
1386958708,0,0,0,14,-2.094395,0.000000,-2.094395,-90.054802,0.103334,-50.266239,-628156.937500_-6078890.000000i,-628156.937500_-6078890.000000i,0,1,0,0.00
1386958709,0,0,0,14,-2.094395,0.000000,-2.094395,-90.054802,0.103334,-50.266239,-628156.937500_-6078890.000000i,-628156.937500_-6078890.000000i,0,1,0,0.00
1386958709,0,0,0,14,-2.094395,0.000000,-2.094395,-90.054802,0.103334,-50.266239,-628156.937500_-6078890.000000i,-628156.937500_-6078890.000000i,0,1,0,0.00
1386958709,0,0,0,14,-2.094395,0.000000,-2.094395,-90.054802,0.103334,-50.266239,-628156.937500_-6078890.000000i,-628156.937500_-6078890.000000i,0,1,0,0.00
1386958709,0,0,0,14,-2.094395,0.000000,-2.094395,-90.054802,0.103334,-50.266239,-628156.937500_-6078890.000000i,-628156.937500_-6078890.000000i,0,1,0,0.00
1386958710,0,0,0,14,-2.094395,0.000000,-2.094395,-90.054802,0.103334,-50.266239,-628156.937500_-6078890.000000i,-628156.937500_-6078890.000000i,0,1,0,0.00
1386958710,0,0,0,14,-2.094395,0.000000,-2.094395,-90.054802,0.103334,-50.266239,-628156.937500_-6078890.000000i,-628156.937500_-6078890.000000i,0,1,0,0.00
1386958710,0,0,0,14,-2.094395,0.000000,-2.094395,-90.054802,0.103334,-50.266239,-628156.937500_-6078890.000000i,-628156.937500_-6078890.000000i,0,1,0,0.00
1386958710,0,0,0,14,-2.094395,0.000000,-2.094395,-90.054802,0.103334,-50.266239,-628156.937500_-6078890.000000i,-628156.937500_-6078890.000000i,0,1,0,0.00
1386958711,0,0,0,14,-2.094395,0.000000,-2.094395,-90.054802,0.103334,-50.266239,-628156.937500_-6078890.000000i,-628156.937500_-6078890.000000i,0,1,0,0.00
1386958711,0,0,0,14,-2.094395,0.000000,-2.094395,-90.054802,0.103334,-50.266239,-628156.937500_-6078890.000000i,-628156.937500_-6078890.000000i,0,1,0,0.00
1386958711,0,0,0,14,-2.094395,0.000000,-2.094395,-90.054802,0.103334,-50.266239,-628156.937500_-6078890.000000i,-628156.937500_-6078890.000000i,0,1,0,0.00
1386958711,0,0,0,14,-2.094395,0.000000,-2.094395,-90.054802,0.103334,-50.266239,-628156.937500_-6078890.000000i,-628156.937500_-6078890.000000i,0,1,0,0.00
1386958712,0,0,0,14,-2.094395,0.000000,-2.094395,-90.054802,0.103334,-50.266239,-628156.937500_-6078890.000000i,-628156.937500_-6078890.000000i,0,1,0,0.00
1386958712,0,0,0,14,-2.094395,0.000000,-2.094395,-90.054802,0.103334,-50.266239,-628156.937500_-6078890.000000i,-628156.937500_-6078890.000000i,0,1,0,0.00
1386958712,0,0,0,14,-2.094395,0.000000,-2.094395,-90.054802,0.103334,-50.266239,-628156.937500_-6078890.000000i,-628156.937500_-6078890.000000i,0,1,0,0.00
1386958712,0,0,0,14,-2.094395,0.000000,-2.094395,-90.054802,0.103334,-50.266239,-628156.937500_-6078890.000000i,-628156.937500_-6078890.000000i,0,1,0,0.00
1386958713,0,0,0,14,-2.094395,0.000000,-2.094395,-90.054802,0.103334,-50.266239,-628156.937500_-6078890.000000i,-628156.937500_-6078890.000000i,0,1,0,0.00
1386958713,0,0,0,14,-2.094395,0.000000,-2.094395,-90.054802,0.103334,-50.266239,-628156.937500_-6078890.000000i,-628156.937500_-6078890.000000i,0,1,0,0.00
