MCU_timestamp,sig1,sig2,sig3,fa_debug,theta_d1,theta_d,theta_d1_b,theta_b,a_x,b_x,X_b,X_T_b,sail_hc_periods,sail_hc_direction,sail_hc_val,sail_hc_MEAN_V,act_history,jibe_status
1387091225,1,0,0,18,-1.570796,0.000000,-1.047198,-1.052296,-0.447402,-54.776112,-627803.187500_-6079125.000000i,2495869.000000_-5578578.000000i,0,1,0,0.00,0.48,1
1387091225,0,0,0,16,-1.570796,0.000000,-1.047198,-1.052296,-0.447402,-54.776112,-627803.187500_-6079125.000000i,2495869.000000_-5578578.000000i,0,1,0,0.00,0.65,1
1387091226,0,0,0,16,-1.570796,0.000000,-1.047198,-1.052296,-0.447402,-54.776112,-627803.187500_-6079125.000000i,2495869.000000_-5578578.000000i,0,1,0,0.00,0.83,1
1387091226,0,0,0,16,-1.570796,0.000000,-1.047198,-1.052296,-0.447402,-54.776112,-627803.187500_-6079125.000000i,2495869.000000_-5578578.000000i,0,1,0,0.00,1.00,1
1387091226,0,0,0,16,-1.570796,0.000000,-1.047198,-1.052296,-0.447402,-54.776112,-627803.187500_-6079125.000000i,2495869.000000_-5578578.000000i,0,1,0,0.00,1.17,1
1387091226,0,0,0,16,-1.570796,0.000000,-1.047198,-1.052296,-0.447402,-54.776112,-627803.187500_-6079125.000000i,2495869.000000_-5578578.000000i,0,1,0,0.00,1.35,1
1387091227,0,0,0,16,-1.570796,0.000000,-1.047198,-1.052296,-0.447402,-54.776112,-627803.187500_-6079125.000000i,2495869.000000_-5578578.000000i,0,1,0,0.00,1.52,1
1387091227,0,0,0,16,-1.570796,0.000000,-1.047198,-1.052296,-0.447402,-54.776112,-627803.187500_-6079125.000000i,2495869.000000_-5578578.000000i,0,1,0,0.00,1.70,1
1387091227,0,0,0,16,-1.570796,0.000000,-1.047198,-1.052296,-0.447402,-54.776112,-627803.187500_-6079125.000000i,2495869.000000_-5578578.000000i,0,1,0,0.00,1.87,1
1387091227,0,0,0,16,-1.570796,0.000000,-1.047198,-1.052296,-0.447402,-54.776112,-627803.187500_-6079125.000000i,2495869.000000_-5578578.000000i,0,1,0,0.00,2.05,1
1387091228,0,0,0,16,-1.570796,0.000000,-1.047198,-1.052296,-0.447402,-54.776112,-627803.187500_-6079125.000000i,2495869.000000_-5578578.000000i,0,1,0,0.00,2.22,1
1387091228,0,0,0,16,-1.570796,0.000000,-1.047198,-1.052296,-0.447402,-54.776112,-627803.187500_-6079125.000000i,2495869.000000_-5578578.000000i,0,1,0,0.00,2.40,1
1387091228,0,0,0,16,-1.570796,0.000000,-1.047198,-1.052296,-0.447402,-54.776112,-627803.187500_-6079125.000000i,2495869.000000_-5578578.000000i,0,1,0,0.00,2.57,1
1387091228,0,0,0,16,-1.570796,0.000000,-1.047198,-1.052296,-0.447402,-54.776112,-627803.187500_-6079125.000000i,2495869.000000_-5578578.000000i,0,1,0,0.00,2.75,1
1387091229,0,0,0,16,-1.570796,0.000000,-1.047198,-1.052296,-0.447402,-54.776112,-627803.187500_-6079125.000000i,2495869.000000_-5578578.000000i,0,1,0,0.00,2.92,1
1387091229,0,0,0,16,-1.570796,0.000000,-1.047198,-1.052296,-0.447402,-54.776112,-627803.187500_-6079125.000000i,2495869.000000_-5578578.000000i,0,1,0,0.00,3.10,1
1387091229,0,0,0,16,-1.570796,0.000000,-1.047198,-1.052296,-0.447402,-54.776112,-627803.187500_-6079125.000000i,2495869.000000_-5578578.000000i,0,1,0,0.00,3.27,1
1387091229,0,0,0,16,-1.570796,0.000000,-1.047198,-1.052296,-0.447402,-54.776112,-627803.187500_-6079125.000000i,2495869.000000_-5578578.000000i,0,1,0,0.00,3.45,1
1387091230,0,0,0,16,-1.570796,0.000000,-1.047198,-1.052296,-0.447402,-54.776112,-627803.187500_-6079125.000000i,2495869.000000_-5578578.000000i,0,1,0,0.00,3.62,1
1387091230,0,0,0,16,-1.570796,0.000000,-1.047198,-1.052296,-0.447402,-54.776112,-627803.187500_-6079125.000000i,2495869.000000_-5578578.000000i,0,1,0,0.00,3.80,1
1387091230,0,0,0,16,-1.570796,0.000000,-1.047198,-1.052296,-0.447402,-54.776112,-627803.187500_-6079125.000000i,2495869.000000_-5578578.000000i,0,1,0,0.00,3.97,1
1387091230,0,0,0,16,-1.570796,0.000000,-1.047198,-1.052296,-0.447402,-54.776112,-627803.187500_-6079125.000000i,2495869.000000_-5578578.000000i,0,1,0,0.00,4.15,1
1387091231,0,0,0,16,-1.570796,0.000000,-1.047198,-1.052296,-0.447402,-54.776112,-627803.187500_-6079125.000000i,2495869.000000_-5578578.000000i,0,1,0,0.00,4.32,1
1387091231,0,0,0,16,-1.570796,0.000000,-1.047198,-1.052296,-0.447402,-54.776112,-627803.187500_-6079125.000000i,2495869.000000_-5578578.000000i,0,1,0,0.00,4.50,1
1387091231,0,0,0,16,-1.570796,0.000000,-1.047198,-1.052296,-0.447402,-54.776112,-627803.187500_-6079125.000000i,2495869.000000_-5578578.000000i,0,1,0,0.00,4.68,1
1387091232,0,0,0,16,-1.570796,0.000000,-1.047198,-1.052296,-0.447402,-54.776112,-627803.187500_-6079125.000000i,2495869.000000_-5578578.000000i,0,1,0,0.00,4.85,1
1387091232,0,0,0,16,-1.570796,0.000000,-1.047198,-1.052296,-0.447402,-54.776112,-627803.187500_-6079125.000000i,2495869.000000_-5578578.000000i,0,1,0,0.00,5.03,1
1387091232,0,0,0,16,-1.570796,0.000000,-1.047198,-1.052296,-0.447402,-54.776112,-627803.187500_-6079125.000000i,2495869.000000_-5578578.000000i,0,1,0,0.00,5.20,1
1387091232,0,0,0,16,-1.570796,0.000000,-1.047198,-1.052296,-0.447402,-54.776112,-627803.187500_-6079125.000000i,2495869.000000_-5578578.000000i,0,1,0,0.00,5.38,1
