MCU_timestamp,sig1,sig2,sig3,fa_debug,theta_d1,theta_d,theta_d1_b,theta_b,a_x,b_x,X_b,X_T_b,sail_hc_periods,sail_hc_direction,sail_hc_val,sail_hc_MEAN_V
1386865896,1,2,2,7353,-7.956847,0.000000,-2.093493,11.527088,0.576148,-57.704987,-627597.812500_-6079596.000000i,-3051174.500000_-5295819.000000i,0,1,0,0.00
1386865896,2,2,2,7353,-7.956847,0.000000,-2.093493,11.527088,0.576148,-57.704987,-627597.812500_-6079596.000000i,-3051174.500000_-5295819.000000i,0,1,0,0.00
1386865897,2,2,2,7353,-7.956847,0.000000,-2.093493,11.527088,0.576148,-57.704987,-627597.812500_-6079596.000000i,-3051174.500000_-5295819.000000i,0,1,0,0.00
1386865897,2,2,2,7353,-7.956847,0.000000,-2.093493,11.527088,0.576148,-57.704987,-627597.812500_-6079596.000000i,-3051174.500000_-5295819.000000i,0,1,0,0.00
1386865897,2,2,2,7353,-7.956847,0.000000,-2.093493,11.527088,0.576148,-57.704987,-627597.812500_-6079596.000000i,-3051174.500000_-5295819.000000i,0,1,0,0.00
1386865897,2,2,2,7353,-7.956847,0.000000,-2.093493,11.527088,0.576148,-57.704987,-627597.812500_-6079596.000000i,-3051174.500000_-5295819.000000i,0,1,0,0.00
1386865898,2,2,2,7353,-7.956847,0.000000,-2.093493,11.527088,0.576148,-57.704987,-627597.812500_-6079596.000000i,-3051174.500000_-5295819.000000i,0,1,0,0.00
1386865898,2,2,2,7353,-7.956847,0.000000,-2.093493,11.527088,0.576148,-57.704987,-627597.812500_-6079596.000000i,-3051174.500000_-5295819.000000i,0,1,0,0.00
1386865898,2,2,2,7353,-7.956847,0.000000,-2.093493,11.527088,0.576148,-57.704987,-627597.812500_-6079596.000000i,-3051174.500000_-5295819.000000i,0,1,0,0.00
1386865898,2,2,2,7353,-7.956847,0.000000,-2.093493,11.527088,0.576148,-57.704987,-627597.812500_-6079596.000000i,-3051174.500000_-5295819.000000i,0,1,0,0.00
1386865899,2,2,2,7353,-7.956847,0.000000,-2.093493,11.527088,0.576148,-57.704987,-627597.812500_-6079596.000000i,-3051174.500000_-5295819.000000i,0,1,0,0.00
1386865899,2,2,2,7353,-7.956847,0.000000,-2.093493,11.527088,0.576148,-57.704987,-627597.812500_-6079596.000000i,-3051174.500000_-5295819.000000i,0,1,0,0.00
1386865899,2,2,2,7353,-7.956847,0.000000,-2.093493,11.527088,0.576148,-57.704987,-627597.812500_-6079596.000000i,-3051174.500000_-5295819.000000i,0,1,0,0.00
1386865899,2,2,2,7353,-7.956847,0.000000,-2.093493,11.527088,0.576148,-57.704987,-627597.812500_-6079596.000000i,-3051174.500000_-5295819.000000i,0,1,0,0.00
1386865900,2,2,2,7353,-7.956847,0.000000,-2.093493,11.527088,0.576148,-57.704987,-627597.812500_-6079596.000000i,-3051174.500000_-5295819.000000i,0,1,0,0.00
1386865900,2,2,2,7353,-7.956847,0.000000,-2.093493,11.527088,0.576148,-57.704987,-627597.812500_-6079596.000000i,-3051174.500000_-5295819.000000i,0,1,0,0.00
1386865900,2,2,2,7353,-7.956847,0.000000,-2.093493,11.527088,0.576148,-57.704987,-627597.812500_-6079596.000000i,-3051174.500000_-5295819.000000i,0,1,0,0.00
1386865900,2,2,2,7353,-7.956847,0.000000,-2.093493,11.527088,0.576148,-57.704987,-627597.812500_-6079596.000000i,-3051174.500000_-5295819.000000i,0,1,0,0.00
1386865901,2,2,2,7353,-7.956847,0.000000,-2.093493,11.527088,0.576148,-57.704987,-627597.812500_-6079596.000000i,-3051174.500000_-5295819.000000i,0,1,0,0.00
1386865901,2,2,2,7353,-7.956847,0.000000,-2.093493,11.527088,0.576148,-57.704987,-627597.812500_-6079596.000000i,-3051174.500000_-5295819.000000i,0,1,0,0.00
1386865901,2,2,2,7353,-7.956847,0.000000,-2.093493,11.527088,0.576148,-57.704987,-627597.812500_-6079596.000000i,-3051174.500000_-5295819.000000i,0,1,0,0.00
1386865902,2,2,2,7353,-7.956847,0.000000,-2.093493,11.527088,0.576148,-57.704987,-627597.812500_-6079596.000000i,-3051174.500000_-5295819.000000i,0,1,0,0.00
1386865902,2,2,2,7353,-7.956847,0.000000,-2.093493,11.527088,0.576148,-57.704987,-627597.812500_-6079596.000000i,-3051174.500000_-5295819.000000i,0,1,0,0.00
1386865902,2,2,2,7353,-7.956847,0.000000,-2.093493,11.527088,0.576148,-57.704987,-627597.812500_-6079596.000000i,-3051174.500000_-5295819.000000i,0,1,0,0.00
1386865902,2,2,2,7353,-7.956847,0.000000,-2.093493,11.527088,0.576148,-57.704987,-627597.812500_-6079596.000000i,-3051174.500000_-5295819.000000i,0,1,0,0.00
1386865903,2,2,2,7353,-7.956847,0.000000,-2.093493,11.527088,0.576148,-57.704987,-627597.812500_-6079596.000000i,-3051174.500000_-5295819.000000i,0,1,0,0.00
1386865903,2,2,2,7353,-7.956847,0.000000,-2.093493,11.527088,0.576148,-57.704987,-627597.812500_-6079596.000000i,-3051174.500000_-5295819.000000i,0,1,0,0.00
1386865903,2,2,2,7353,-7.956847,0.000000,-2.093493,11.527088,0.576148,-57.704987,-627597.812500_-6079596.000000i,-3051174.500000_-5295819.000000i,0,1,0,0.00
1386865903,2,2,2,7353,-7.956847,0.000000,-2.093493,11.527088,0.576148,-57.704987,-627597.812500_-6079596.000000i,-3051174.500000_-5295819.000000i,0,1,0,0.00
1386865904,2,2,2,7353,-7.956847,0.000000,-2.093493,11.527088,0.576148,-57.704987,-627597.812500_-6079596.000000i,-3051174.500000_-5295819.000000i,0,1,0,0.00
1386865904,2,2,2,7353,-7.956847,0.000000,-2.093493,11.527088,0.576148,-57.704987,-627597.812500_-6079596.000000i,-3051174.500000_-5295819.000000i,0,1,0,0.00
1386865904,2,2,2,7353,-7.956847,0.000000,-2.093493,11.527088,0.576148,-57.704987,-627597.812500_-6079596.000000i,-3051174.500000_-5295819.000000i,0,1,0,0.00
1386865904,2,2,2,7353,-7.956847,0.000000,-2.093493,11.527088,0.576148,-57.704987,-627597.812500_-6079596.000000i,-3051174.500000_-5295819.000000i,0,1,0,0.00
1386865905,2,2,2,7353,-7.956847,0.000000,-2.093493,11.527088,0.576148,-57.704987,-627597.812500_-6079596.000000i,-3051174.500000_-5295819.000000i,0,1,0,0.00
1386865905,2,2,2,7353,-7.956847,0.000000,-2.093493,11.527088,0.576148,-57.704987,-627597.812500_-6079596.000000i,-3051174.500000_-5295819.000000i,0,1,0,0.00
1386865905,2,2,2,7353,-7.956847,0.000000,-2.093493,11.527088,0.576148,-57.704987,-627597.812500_-6079596.000000i,-3051174.500000_-5295819.000000i,0,1,0,0.00
