MCU_timestamp,sig1,sig2,sig3,fa_debug,theta_d1,theta_d,theta_d1_b,theta_b,a_x,b_x,X_b,X_T_b,sail_hc_periods,sail_hc_direction,sail_hc_val,sail_hc_MEAN_V
1386927275,0,0,0,0,0.000000,0.000000,0.000000,0.000000,0.000000,0.000000,0.000000_0.000000i,0.000000_0.000000i,0,1,0,0.00
1386927275,0,0,0,0,0.000000,0.000000,0.000000,0.000000,0.000000,0.000000,0.000000_0.000000i,0.000000_0.000000i,0,1,0,0.00
1386927276,0,0,0,0,0.000000,0.000000,0.000000,0.000000,0.000000,0.000000,0.000000_0.000000i,0.000000_0.000000i,0,1,0,0.00
1386927276,0,0,0,0,0.000000,0.000000,0.000000,0.000000,0.000000,0.000000,0.000000_0.000000i,0.000000_0.000000i,0,1,0,0.00
1386927276,0,0,0,0,0.000000,0.000000,0.000000,0.000000,0.000000,0.000000,0.000000_0.000000i,0.000000_0.000000i,0,1,0,0.00
1386927276,0,0,0,0,0.000000,0.000000,0.000000,0.000000,0.000000,0.000000,0.000000_0.000000i,0.000000_0.000000i,0,1,0,0.00
1386927277,0,0,0,0,0.000000,0.000000,0.000000,0.000000,0.000000,0.000000,0.000000_0.000000i,0.000000_0.000000i,0,1,0,0.00
1386927277,0,0,0,0,0.000000,0.000000,0.000000,0.000000,0.000000,0.000000,0.000000_0.000000i,0.000000_0.000000i,0,1,0,0.00
1386927277,0,0,0,0,0.000000,0.000000,0.000000,0.000000,0.000000,0.000000,0.000000_0.000000i,0.000000_0.000000i,0,1,0,0.00
1386927277,0,0,0,0,0.000000,0.000000,0.000000,0.000000,0.000000,0.000000,0.000000_0.000000i,0.000000_0.000000i,0,1,0,0.00
1386927278,0,0,0,0,0.000000,0.000000,0.000000,0.000000,0.000000,0.000000,0.000000_0.000000i,0.000000_0.000000i,0,1,0,0.00
1386927278,0,0,0,0,0.000000,0.000000,0.000000,0.000000,0.000000,0.000000,0.000000_0.000000i,0.000000_0.000000i,0,1,0,0.00
1386927278,0,0,0,0,0.000000,0.000000,0.000000,0.000000,0.000000,0.000000,0.000000_0.000000i,0.000000_0.000000i,0,1,0,0.00
1386927278,0,0,0,0,0.000000,0.000000,0.000000,0.000000,0.000000,0.000000,0.000000_0.000000i,0.000000_0.000000i,0,1,0,0.00
1386927279,0,0,0,0,0.000000,0.000000,0.000000,0.000000,0.000000,0.000000,0.000000_0.000000i,0.000000_0.000000i,0,1,0,0.00
1386927279,0,0,0,0,0.000000,0.000000,0.000000,0.000000,0.000000,0.000000,0.000000_0.000000i,0.000000_0.000000i,0,1,0,0.00
1386927279,0,0,0,0,0.000000,0.000000,0.000000,0.000000,0.000000,0.000000,0.000000_0.000000i,0.000000_0.000000i,0,1,0,0.00
1386927279,0,0,0,0,0.000000,0.000000,0.000000,0.000000,0.000000,0.000000,0.000000_0.000000i,0.000000_0.000000i,0,1,0,0.00
1386927280,0,0,0,0,0.000000,0.000000,0.000000,0.000000,0.000000,0.000000,0.000000_0.000000i,0.000000_0.000000i,0,1,0,0.00
1386927280,0,0,0,0,0.000000,0.000000,0.000000,0.000000,0.000000,0.000000,0.000000_0.000000i,0.000000_0.000000i,0,1,0,0.00
1386927280,0,0,0,0,0.000000,0.000000,0.000000,0.000000,0.000000,0.000000,0.000000_0.000000i,0.000000_0.000000i,0,1,0,0.00
1386927280,0,0,0,0,0.000000,0.000000,0.000000,0.000000,0.000000,0.000000,0.000000_0.000000i,0.000000_0.000000i,0,1,0,0.00
1386927281,0,0,0,0,0.000000,0.000000,0.000000,0.000000,0.000000,0.000000,0.000000_0.000000i,0.000000_0.000000i,0,1,0,0.00
1386927281,0,0,0,0,0.000000,0.000000,0.000000,0.000000,0.000000,0.000000,0.000000_0.000000i,0.000000_0.000000i,0,1,0,0.00
1386927281,0,0,0,0,0.000000,0.000000,0.000000,0.000000,0.000000,0.000000,0.000000_0.000000i,0.000000_0.000000i,0,1,0,0.00
1386927281,0,0,0,0,0.000000,0.000000,0.000000,0.000000,0.000000,0.000000,0.000000_0.000000i,0.000000_0.000000i,0,1,0,0.00
1386927282,0,0,0,0,0.000000,0.000000,0.000000,0.000000,0.000000,0.000000,0.000000_0.000000i,0.000000_0.000000i,0,1,0,0.00
1386927282,0,0,0,0,0.000000,0.000000,0.000000,0.000000,0.000000,0.000000,0.000000_0.000000i,0.000000_0.000000i,0,1,0,0.00
1386927282,0,0,0,0,0.000000,0.000000,0.000000,0.000000,0.000000,0.000000,0.000000_0.000000i,0.000000_0.000000i,0,1,0,0.00
1386927282,0,0,0,0,0.000000,0.000000,0.000000,0.000000,0.000000,0.000000,0.000000_0.000000i,0.000000_0.000000i,0,1,0,0.00
1386927283,0,0,0,0,0.000000,0.000000,0.000000,0.000000,0.000000,0.000000,0.000000_0.000000i,0.000000_0.000000i,0,1,0,0.00
1386927283,0,0,0,0,0.000000,0.000000,0.000000,0.000000,0.000000,0.000000,0.000000_0.000000i,0.000000_0.000000i,0,1,0,0.00
1386927283,0,0,0,0,0.000000,0.000000,0.000000,0.000000,0.000000,0.000000,0.000000_0.000000i,0.000000_0.000000i,0,1,0,0.00
1386927283,1,0,0,18,-6.910552,0.000000,-1.047198,53.307831,-0.139157,-50.481792,110.241615_-176.582932i,28.691786_-206.183243i,0,1,0,0.00
1386927284,0,0,0,16,-6.910552,0.000000,-1.047198,53.470726,-0.139157,-50.549854,110.241615_-176.582932i,28.691786_-206.183243i,0,1,0,0.00
1386927284,0,0,0,16,-6.910552,0.000000,-1.047198,53.633621,-0.139157,-50.625320,110.241615_-176.582932i,28.691786_-206.183243i,0,1,0,0.00
1386927284,0,0,0,16,-6.910552,0.000000,-1.047198,53.796516,-0.139157,-50.707207,110.241615_-176.582932i,28.691786_-206.183243i,0,1,0,0.00
1386927284,0,0,0,16,-6.910552,0.000000,-1.047198,53.959412,-0.139157,-50.788239,110.241615_-176.582932i,28.691786_-206.183243i,0,1,0,0.00
1386927285,0,0,0,16,-6.910552,0.000000,-1.047198,54.122311,-0.139157,-50.862858,110.241615_-176.582932i,28.691786_-206.183243i,0,1,0,0.00
1386927285,0,0,0,16,-6.910552,0.000000,-1.047198,54.285206,-0.139157,-50.941360,110.241615_-176.582932i,28.691786_-206.183243i,0,1,0,0.00
1386927285,0,0,0,16,-6.910552,0.000000,-1.047198,54.448101,-0.139157,-51.011929,110.241615_-176.582932i,28.691786_-206.183243i,0,1,0,0.00
1386927285,0,0,0,16,-6.910552,0.000000,-1.047198,54.610996,-0.139157,-51.073215,110.241615_-176.582932i,28.691786_-206.183243i,0,1,0,0.00
1386927286,0,0,0,16,-6.910552,0.000000,-1.047198,54.773891,-0.139157,-51.107746,110.241615_-176.582932i,28.691786_-206.183243i,0,1,0,0.00
1386927286,0,0,0,16,-6.910552,0.000000,-1.047198,54.936790,-0.139157,-51.143597,110.241615_-176.582932i,28.691786_-206.183243i,0,1,0,0.00
1386927286,0,0,0,16,-6.910552,0.000000,-1.047198,55.085724,-0.139157,-51.152592,110.241615_-176.582932i,28.691786_-206.183243i,0,1,0,0.00
1386927286,0,0,0,16,-6.910552,0.000000,-1.047198,55.197426,-0.139157,-51.139141,110.241615_-176.582932i,28.691786_-206.183243i,0,1,0,0.00
1386927287,0,0,0,16,-6.910552,0.000000,-1.047198,55.276550,-0.139157,-51.136925,110.241615_-176.582932i,28.691786_-206.183243i,0,1,0,0.00
1386927287,0,0,0,16,-6.910552,0.000000,-1.047198,55.337051,-0.139157,-51.114662,110.241615_-176.582932i,28.691786_-206.183243i,0,1,0,0.00
1386927287,0,0,0,16,-6.910552,0.000000,-1.047198,55.378937,-0.139157,-51.089367,110.241615_-176.582932i,28.691786_-206.183243i,0,1,0,0.00
1386927287,0,0,0,16,-6.910552,0.000000,-1.047198,55.411518,-0.139157,-51.061054,110.241615_-176.582932i,28.691786_-206.183243i,0,1,0,0.00
1386927288,0,0,0,16,-6.910552,0.000000,-1.047198,55.434788,-0.139157,-51.032551,110.241615_-176.582932i,28.691786_-206.183243i,0,1,0,0.00
1386927288,0,0,0,16,-6.910552,0.000000,-1.047198,55.453403,-0.139157,-50.990120,110.241615_-176.582932i,28.691786_-206.183243i,0,1,0,0.00
1386927288,0,0,0,16,-6.910552,0.000000,-1.047198,55.467369,-0.139157,-50.958607,110.241615_-176.582932i,28.691786_-206.183243i,0,1,0,0.00
1386927288,0,0,0,16,-6.910552,0.000000,-1.047198,55.476677,-0.139157,-50.926956,110.241615_-176.582932i,28.691786_-206.183243i,0,1,0,0.00
1386927289,0,0,0,16,-6.910552,0.000000,-1.047198,55.481331,-0.139157,-50.895176,110.241615_-176.582932i,28.691786_-206.183243i,0,1,0,0.00
1386927289,0,0,0,16,-6.910552,0.000000,-1.047198,55.485985,-0.139157,-50.863289,110.241615_-176.582932i,28.691786_-206.183243i,0,1,0,0.00
1386927289,0,0,0,16,-6.910552,0.000000,-1.047198,55.490639,-0.139157,-50.828587,110.241615_-176.582932i,28.691786_-206.183243i,0,1,0,0.00
1386927289,0,0,0,16,-6.910552,0.000000,-1.047198,55.495289,-0.139157,-50.796543,110.241615_-176.582932i,28.691786_-206.183243i,0,1,0,0.00
1386927290,0,0,0,16,-6.910552,0.000000,-1.047198,55.495289,-0.139157,-50.752033,110.241615_-176.582932i,28.691786_-206.183243i,0,1,0,0.00
1386927290,0,0,0,16,-6.910552,0.000000,-1.047198,55.495289,-0.139157,-50.717468,110.241615_-176.582932i,28.691786_-206.183243i,0,1,0,0.00
1386927290,0,0,0,16,-6.910552,0.000000,-1.047198,55.495289,-0.139157,-50.685543,110.241615_-176.582932i,28.691786_-206.183243i,0,1,0,0.00
1386927290,0,0,0,16,-6.910552,0.000000,-1.047198,55.495289,-0.139157,-50.651070,110.241615_-176.582932i,28.691786_-206.183243i,0,1,0,0.00
1386927291,0,0,0,16,-6.910552,0.000000,-1.047198,55.495289,-0.139157,-50.619244,110.241615_-176.582932i,28.691786_-206.183243i,0,1,0,0.00
1386927291,0,0,0,16,-6.910552,0.000000,-1.047198,55.495289,-0.139157,-50.587502,110.241615_-176.582932i,28.691786_-206.183243i,0,1,0,0.00
1386927291,0,0,0,16,-6.910552,0.000000,-1.047198,55.495289,-0.139157,-50.555870,110.241615_-176.582932i,28.691786_-206.183243i,0,1,0,0.00
1386927291,0,0,0,16,-6.910552,0.000000,-1.047198,55.495289,-0.139157,-50.524387,110.241615_-176.582932i,28.691786_-206.183243i,0,1,0,0.00
1386927292,0,0,0,16,-6.910552,0.000000,-1.047198,55.495289,-0.139157,-50.490700,110.241615_-176.582932i,28.691786_-206.183243i,0,1,0,0.00
1386927292,0,0,0,16,-6.910552,0.000000,-1.047198,55.495289,-0.139157,-50.449692,110.241615_-176.582932i,28.691786_-206.183243i,0,1,0,0.00
1386927292,0,0,0,16,-6.910552,0.000000,-1.047198,55.495289,-0.139157,-50.416985,110.241615_-176.582932i,28.691786_-206.183243i,0,1,0,0.00
1386927292,0,0,0,16,-6.910552,0.000000,-1.047198,55.495289,-0.139157,-50.386940,110.241615_-176.582932i,28.691786_-206.183243i,0,1,0,0.00
1386927293,0,0,0,16,-6.910552,0.000000,-1.047198,55.495289,-0.139157,-50.357304,110.241615_-176.582932i,28.691786_-206.183243i,0,1,0,0.00
1386927293,0,0,0,16,-6.910552,0.000000,-1.047198,55.495289,-0.139157,-50.326031,110.241615_-176.582932i,28.691786_-206.183243i,0,1,0,0.00
1386927293,0,0,0,16,-6.910552,0.000000,-1.047198,55.495289,-0.139157,-50.297459,110.241615_-176.582932i,28.691786_-206.183243i,0,1,0,0.00
1386927293,0,0,0,16,-6.910552,0.000000,-1.047198,55.495289,-0.139157,-50.267529,110.241615_-176.582932i,28.691786_-206.183243i,0,1,0,0.00
1386927294,0,0,0,16,-6.910552,0.000000,-1.047198,55.495289,-0.139157,-50.240330,110.241615_-176.582932i,28.691786_-206.183243i,0,1,0,0.00
1386927294,0,0,0,16,-6.910552,0.000000,-1.047198,55.495289,-0.139157,-50.213917,110.241615_-176.582932i,28.691786_-206.183243i,0,1,0,0.00
1386927294,0,0,0,16,-6.910552,0.000000,-1.047198,55.495289,-0.139157,-50.186657,110.241615_-176.582932i,28.691786_-206.183243i,0,1,0,0.00
1386927294,0,0,0,16,-6.910552,0.000000,-1.047198,55.495289,-0.139157,-50.162201,110.241615_-176.582932i,28.691786_-206.183243i,0,1,0,0.00
1386927295,0,0,0,16,-6.910552,0.000000,-1.047198,55.495289,-0.139157,-50.131702,110.241615_-176.582932i,28.691786_-206.183243i,0,1,0,0.00
1386927295,0,0,0,16,-6.910552,0.000000,-1.047198,55.495289,-0.139157,-50.110146,110.241615_-176.582932i,28.691786_-206.183243i,0,1,0,0.00
1386927295,0,0,0,16,-6.910552,0.000000,-1.047198,55.495289,-0.139157,-50.089981,110.241615_-176.582932i,28.691786_-206.183243i,0,1,0,0.00
1386927295,0,0,0,16,-6.910552,0.000000,-1.047198,55.495289,-0.139157,-50.071354,110.241615_-176.582932i,28.691786_-206.183243i,0,1,0,0.00
1386927296,0,0,0,16,-6.910552,0.000000,-1.047198,55.495289,-0.139157,-50.054436,110.241615_-176.582932i,28.691786_-206.183243i,0,1,0,0.00
1386927296,0,0,0,16,-6.910552,0.000000,-1.047198,55.495289,-0.139157,-50.038513,110.241615_-176.582932i,28.691786_-206.183243i,0,1,0,0.00
1386927296,0,0,0,16,-6.910552,0.000000,-1.047198,55.495289,-0.139157,-50.025707,110.241615_-176.582932i,28.691786_-206.183243i,0,1,0,0.00
1386927296,0,0,0,16,-6.910552,0.000000,-1.047198,55.495289,-0.139157,-50.014637,110.241615_-176.582932i,28.691786_-206.183243i,0,1,0,0.00
1386927297,0,0,0,16,-6.910552,0.000000,-1.047198,55.495289,-0.139157,-50.006851,110.241615_-176.582932i,28.691786_-206.183243i,0,1,0,0.00
1386927297,0,0,0,16,-6.910552,0.000000,-1.047198,55.495289,-0.139157,-50.001278,110.241615_-176.582932i,28.691786_-206.183243i,0,1,0,0.00
1386927297,0,0,0,16,-6.910552,0.000000,-1.047198,55.495289,-0.139157,-50.000053,110.241615_-176.582932i,28.691786_-206.183243i,0,1,0,0.00
1386927297,0,0,0,16,-6.910552,0.000000,-1.047198,55.495289,-0.139157,-50.002441,110.241615_-176.582932i,28.691786_-206.183243i,0,1,0,0.00
1386927298,0,0,0,16,-6.910552,0.000000,-1.047198,55.495289,-0.139157,-50.009102,110.241615_-176.582932i,28.691786_-206.183243i,0,1,0,0.00
1386927298,0,0,0,16,-6.910552,0.000000,-1.047198,55.495289,-0.139157,-50.019688,110.241615_-176.582932i,28.691786_-206.183243i,0,1,0,0.00
1386927298,0,0,0,16,-6.910552,0.000000,-1.047198,55.495289,-0.139157,-50.034874,110.241615_-176.582932i,28.691786_-206.183243i,0,1,0,0.00
1386927298,0,0,0,16,-6.910552,0.000000,-1.047198,55.495289,-0.139157,-50.055119,110.241615_-176.582932i,28.691786_-206.183243i,0,1,0,0.00
1386927299,0,0,0,16,-6.910552,0.000000,-1.047198,55.495289,-0.139157,-50.080925,110.241615_-176.582932i,28.691786_-206.183243i,0,1,0,0.00
1386927299,0,0,0,16,-6.910552,0.000000,-1.047198,55.495289,-0.139157,-50.114780,110.241615_-176.582932i,28.691786_-206.183243i,0,1,0,0.00
1386927299,0,0,0,16,-6.910552,0.000000,-1.047198,55.495289,-0.139157,-50.153797,110.241615_-176.582932i,28.691786_-206.183243i,0,1,0,0.00
1386927299,0,0,0,16,-6.910552,0.000000,-1.047198,55.495289,-0.139157,-50.202938,110.241615_-176.582932i,28.691786_-206.183243i,0,1,0,0.00
1386927300,0,0,0,0,-6.910552,0.000000,-1.047198,55.495289,-0.139157,-50.202938,110.241615_-176.582932i,28.691786_-206.183243i,0,1,0,0.00
1386927300,0,0,0,0,-6.910552,0.000000,-1.047198,55.495289,-0.139157,-50.202938,110.241615_-176.582932i,28.691786_-206.183243i,0,1,0,0.00
1386927300,0,0,0,0,-6.910552,0.000000,-1.047198,55.495289,-0.139157,-50.202938,110.241615_-176.582932i,28.691786_-206.183243i,0,1,0,0.00
1386927300,0,0,0,0,-6.910552,0.000000,-1.047198,55.495289,-0.139157,-50.202938,110.241615_-176.582932i,28.691786_-206.183243i,0,1,0,0.00
1386927301,0,0,0,0,-6.910552,0.000000,-1.047198,55.495289,-0.139157,-50.202938,110.241615_-176.582932i,28.691786_-206.183243i,0,1,0,0.00
1386927301,0,0,0,0,-6.910552,0.000000,-1.047198,55.495289,-0.139157,-50.202938,110.241615_-176.582932i,28.691786_-206.183243i,0,1,0,0.00
1386927301,0,0,0,0,-6.910552,0.000000,-1.047198,55.495289,-0.139157,-50.202938,110.241615_-176.582932i,28.691786_-206.183243i,0,1,0,0.00
1386927301,0,0,0,0,-6.910552,0.000000,-1.047198,55.495289,-0.139157,-50.202938,110.241615_-176.582932i,28.691786_-206.183243i,0,1,0,0.00
1386927302,0,0,0,0,-6.910552,0.000000,-1.047198,55.495289,-0.139157,-50.202938,110.241615_-176.582932i,28.691786_-206.183243i,0,1,0,0.00
1386927302,0,0,0,0,-6.910552,0.000000,-1.047198,55.495289,-0.139157,-50.202938,110.241615_-176.582932i,28.691786_-206.183243i,0,1,0,0.00
1386927302,0,0,0,0,-6.910552,0.000000,-1.047198,55.495289,-0.139157,-50.202938,110.241615_-176.582932i,28.691786_-206.183243i,0,1,0,0.00
1386927302,0,0,0,0,-6.910552,0.000000,-1.047198,55.495289,-0.139157,-50.202938,110.241615_-176.582932i,28.691786_-206.183243i,0,1,0,0.00
1386927303,0,0,0,0,-6.910552,0.000000,-1.047198,55.495289,-0.139157,-50.202938,110.241615_-176.582932i,28.691786_-206.183243i,0,1,0,0.00
1386927303,0,0,0,0,-6.910552,0.000000,-1.047198,55.495289,-0.139157,-50.202938,110.241615_-176.582932i,28.691786_-206.183243i,0,1,0,0.00
1386927303,0,0,0,0,-6.910552,0.000000,-1.047198,55.495289,-0.139157,-50.202938,110.241615_-176.582932i,28.691786_-206.183243i,0,1,0,0.00
1386927303,0,0,0,0,-6.910552,0.000000,-1.047198,55.495289,-0.139157,-50.202938,110.241615_-176.582932i,28.691786_-206.183243i,0,1,0,0.00
1386927304,0,0,0,0,-6.910552,0.000000,-1.047198,55.495289,-0.139157,-50.202938,110.241615_-176.582932i,28.691786_-206.183243i,0,1,0,0.00
1386927304,0,0,0,0,-6.910552,0.000000,-1.047198,55.495289,-0.139157,-50.202938,110.241615_-176.582932i,28.691786_-206.183243i,0,1,0,0.00
1386927304,0,0,0,0,-6.910552,0.000000,-1.047198,55.495289,-0.139157,-50.202938,110.241615_-176.582932i,28.691786_-206.183243i,0,1,0,0.00
1386927304,0,0,0,0,-6.910552,0.000000,-1.047198,55.495289,-0.139157,-50.202938,110.241615_-176.582932i,28.691786_-206.183243i,0,1,0,0.00
1386927305,0,0,0,0,-6.910552,0.000000,-1.047198,55.495289,-0.139157,-50.202938,110.241615_-176.582932i,28.691786_-206.183243i,0,1,0,0.00
1386927305,0,0,0,0,-6.910552,0.000000,-1.047198,55.495289,-0.139157,-50.202938,110.241615_-176.582932i,28.691786_-206.183243i,0,1,0,0.00
1386927305,0,0,0,0,-6.910552,0.000000,-1.047198,55.495289,-0.139157,-50.202938,110.241615_-176.582932i,28.691786_-206.183243i,0,1,0,0.00
1386927305,0,0,0,0,-6.910552,0.000000,-1.047198,55.495289,-0.139157,-50.202938,110.241615_-176.582932i,28.691786_-206.183243i,0,1,0,0.00
1386927306,0,0,0,0,-6.910552,0.000000,-1.047198,55.495289,-0.139157,-50.202938,110.241615_-176.582932i,28.691786_-206.183243i,0,1,0,0.00
1386927306,0,0,0,0,-6.910552,0.000000,-1.047198,55.495289,-0.139157,-50.202938,110.241615_-176.582932i,28.691786_-206.183243i,0,1,0,0.00
1386927306,0,0,0,0,-6.910552,0.000000,-1.047198,55.495289,-0.139157,-50.202938,110.241615_-176.582932i,28.691786_-206.183243i,0,1,0,0.00
1386927306,0,0,0,0,-6.910552,0.000000,-1.047198,55.495289,-0.139157,-50.202938,110.241615_-176.582932i,28.691786_-206.183243i,0,1,0,0.00
1386927307,0,0,0,0,-6.910552,0.000000,-1.047198,55.495289,-0.139157,-50.202938,110.241615_-176.582932i,28.691786_-206.183243i,0,1,0,0.00
1386927307,0,0,0,0,-6.910552,0.000000,-1.047198,55.495289,-0.139157,-50.202938,110.241615_-176.582932i,28.691786_-206.183243i,0,1,0,0.00
1386927307,0,0,0,0,-6.910552,0.000000,-1.047198,55.495289,-0.139157,-50.202938,110.241615_-176.582932i,28.691786_-206.183243i,0,1,0,0.00
1386927307,0,0,0,0,-6.910552,0.000000,-1.047198,55.495289,-0.139157,-50.202938,110.241615_-176.582932i,28.691786_-206.183243i,0,1,0,0.00
1386927308,0,0,0,0,-6.910552,0.000000,-1.047198,55.495289,-0.139157,-50.202938,110.241615_-176.582932i,28.691786_-206.183243i,0,1,0,0.00
1386927308,0,0,0,0,-6.910552,0.000000,-1.047198,55.495289,-0.139157,-50.202938,110.241615_-176.582932i,28.691786_-206.183243i,0,1,0,0.00
1386927308,0,0,0,0,-6.910552,0.000000,-1.047198,55.495289,-0.139157,-50.202938,110.241615_-176.582932i,28.691786_-206.183243i,0,1,0,0.00
1386927308,0,0,0,0,-6.910552,0.000000,-1.047198,55.495289,-0.139157,-50.202938,110.241615_-176.582932i,28.691786_-206.183243i,0,1,0,0.00
1386927309,0,0,0,0,-6.910552,0.000000,-1.047198,55.495289,-0.139157,-50.202938,110.241615_-176.582932i,28.691786_-206.183243i,0,1,0,0.00
1386927309,0,0,0,0,-6.910552,0.000000,-1.047198,55.495289,-0.139157,-50.202938,110.241615_-176.582932i,28.691786_-206.183243i,0,1,0,0.00
1386927309,0,0,0,0,-6.910552,0.000000,-1.047198,55.495289,-0.139157,-50.202938,110.241615_-176.582932i,28.691786_-206.183243i,0,1,0,0.00
1386927309,0,0,0,0,-6.910552,0.000000,-1.047198,55.495289,-0.139157,-50.202938,110.241615_-176.582932i,28.691786_-206.183243i,0,1,0,0.00
1386927310,0,0,0,0,-6.910552,0.000000,-1.047198,55.495289,-0.139157,-50.202938,110.241615_-176.582932i,28.691786_-206.183243i,0,1,0,0.00
1386927310,0,0,0,0,-6.910552,0.000000,-1.047198,55.495289,-0.139157,-50.202938,110.241615_-176.582932i,28.691786_-206.183243i,0,1,0,0.00
1386927310,0,0,0,0,-6.910552,0.000000,-1.047198,55.495289,-0.139157,-50.202938,110.241615_-176.582932i,28.691786_-206.183243i,0,1,0,0.00
1386927310,0,0,0,0,-6.910552,0.000000,-1.047198,55.495289,-0.139157,-50.202938,110.241615_-176.582932i,28.691786_-206.183243i,0,1,0,0.00
1386927311,0,0,0,0,-6.910552,0.000000,-1.047198,55.495289,-0.139157,-50.202938,110.241615_-176.582932i,28.691786_-206.183243i,0,1,0,0.00
1386927311,0,0,0,0,-6.910552,0.000000,-1.047198,55.495289,-0.139157,-50.202938,110.241615_-176.582932i,28.691786_-206.183243i,0,1,0,0.00
1386927311,0,0,0,0,-6.910552,0.000000,-1.047198,55.495289,-0.139157,-50.202938,110.241615_-176.582932i,28.691786_-206.183243i,0,1,0,0.00
1386927311,0,0,0,0,-6.910552,0.000000,-1.047198,55.495289,-0.139157,-50.202938,110.241615_-176.582932i,28.691786_-206.183243i,0,1,0,0.00
1386927312,0,0,0,0,-6.910552,0.000000,-1.047198,55.495289,-0.139157,-50.202938,110.241615_-176.582932i,28.691786_-206.183243i,0,1,0,0.00
1386927312,0,0,0,0,-6.910552,0.000000,-1.047198,55.495289,-0.139157,-50.202938,110.241615_-176.582932i,28.691786_-206.183243i,0,1,0,0.00
1386927312,0,0,0,0,-6.910552,0.000000,-1.047198,55.495289,-0.139157,-50.202938,110.241615_-176.582932i,28.691786_-206.183243i,0,1,0,0.00
1386927312,0,0,0,0,-6.910552,0.000000,-1.047198,55.495289,-0.139157,-50.202938,110.241615_-176.582932i,28.691786_-206.183243i,0,1,0,0.00
1386927313,0,0,0,0,-6.910552,0.000000,-1.047198,55.495289,-0.139157,-50.202938,110.241615_-176.582932i,28.691786_-206.183243i,0,1,0,0.00
1386927313,0,0,0,0,-6.910552,0.000000,-1.047198,55.495289,-0.139157,-50.202938,110.241615_-176.582932i,28.691786_-206.183243i,0,1,0,0.00
1386927313,0,0,0,0,-6.910552,0.000000,-1.047198,55.495289,-0.139157,-50.202938,110.241615_-176.582932i,28.691786_-206.183243i,0,1,0,0.00
1386927313,0,0,0,0,-6.910552,0.000000,-1.047198,55.495289,-0.139157,-50.202938,110.241615_-176.582932i,28.691786_-206.183243i,0,1,0,0.00
1386927314,0,0,0,0,-6.910552,0.000000,-1.047198,55.495289,-0.139157,-50.202938,110.241615_-176.582932i,28.691786_-206.183243i,0,1,0,0.00
1386927314,0,0,0,0,-6.910552,0.000000,-1.047198,55.495289,-0.139157,-50.202938,110.241615_-176.582932i,28.691786_-206.183243i,0,1,0,0.00
1386927314,0,0,0,0,-6.910552,0.000000,-1.047198,55.495289,-0.139157,-50.202938,110.241615_-176.582932i,28.691786_-206.183243i,0,1,0,0.00
1386927314,0,0,0,0,-6.910552,0.000000,-1.047198,55.495289,-0.139157,-50.202938,110.241615_-176.582932i,28.691786_-206.183243i,0,1,0,0.00
1386927315,0,0,0,0,-6.910552,0.000000,-1.047198,55.495289,-0.139157,-50.202938,110.241615_-176.582932i,28.691786_-206.183243i,0,1,0,0.00
1386927315,0,0,0,0,-6.910552,0.000000,-1.047198,55.495289,-0.139157,-50.202938,110.241615_-176.582932i,28.691786_-206.183243i,0,1,0,0.00
1386927315,0,0,0,0,-6.910552,0.000000,-1.047198,55.495289,-0.139157,-50.202938,110.241615_-176.582932i,28.691786_-206.183243i,0,1,0,0.00
1386927315,0,0,0,0,-6.910552,0.000000,-1.047198,55.495289,-0.139157,-50.202938,110.241615_-176.582932i,28.691786_-206.183243i,0,1,0,0.00
1386927316,0,0,0,0,-6.910552,0.000000,-1.047198,55.495289,-0.139157,-50.202938,110.241615_-176.582932i,28.691786_-206.183243i,0,1,0,0.00
1386927316,0,0,0,0,-6.910552,0.000000,-1.047198,55.495289,-0.139157,-50.202938,110.241615_-176.582932i,28.691786_-206.183243i,0,1,0,0.00
1386927316,0,0,0,0,-6.910552,0.000000,-1.047198,55.495289,-0.139157,-50.202938,110.241615_-176.582932i,28.691786_-206.183243i,0,1,0,0.00
1386927316,0,0,0,0,-6.910552,0.000000,-1.047198,55.495289,-0.139157,-50.202938,110.241615_-176.582932i,28.691786_-206.183243i,0,1,0,0.00
1386927317,0,0,0,0,-6.910552,0.000000,-1.047198,55.495289,-0.139157,-50.202938,110.241615_-176.582932i,28.691786_-206.183243i,0,1,0,0.00
1386927317,0,0,0,0,-6.910552,0.000000,-1.047198,55.495289,-0.139157,-50.202938,110.241615_-176.582932i,28.691786_-206.183243i,0,1,0,0.00
1386927317,0,0,0,0,-6.910552,0.000000,-1.047198,55.495289,-0.139157,-50.202938,110.241615_-176.582932i,28.691786_-206.183243i,0,1,0,0.00
1386927317,0,0,0,0,-6.910552,0.000000,-1.047198,55.495289,-0.139157,-50.202938,110.241615_-176.582932i,28.691786_-206.183243i,0,1,0,0.00
1386927318,0,0,0,0,-6.910552,0.000000,-1.047198,55.495289,-0.139157,-50.202938,110.241615_-176.582932i,28.691786_-206.183243i,0,1,0,0.00
1386927318,0,0,0,0,-6.910552,0.000000,-1.047198,55.495289,-0.139157,-50.202938,110.241615_-176.582932i,28.691786_-206.183243i,0,1,0,0.00
1386927318,0,0,0,0,-6.910552,0.000000,-1.047198,55.495289,-0.139157,-50.202938,110.241615_-176.582932i,28.691786_-206.183243i,0,1,0,0.00
1386927318,0,0,0,0,-6.910552,0.000000,-1.047198,55.495289,-0.139157,-50.202938,110.241615_-176.582932i,28.691786_-206.183243i,0,1,0,0.00
1386927319,0,0,0,0,-6.910552,0.000000,-1.047198,55.495289,-0.139157,-50.202938,110.241615_-176.582932i,28.691786_-206.183243i,0,1,0,0.00
1386927319,0,0,0,0,-6.910552,0.000000,-1.047198,55.495289,-0.139157,-50.202938,110.241615_-176.582932i,28.691786_-206.183243i,0,1,0,0.00
1386927319,0,0,0,0,-6.910552,0.000000,-1.047198,55.495289,-0.139157,-50.202938,110.241615_-176.582932i,28.691786_-206.183243i,0,1,0,0.00
1386927319,0,0,0,0,-6.910552,0.000000,-1.047198,55.495289,-0.139157,-50.202938,110.241615_-176.582932i,28.691786_-206.183243i,0,1,0,0.00
1386927320,0,0,0,0,-6.910552,0.000000,-1.047198,55.495289,-0.139157,-50.202938,110.241615_-176.582932i,28.691786_-206.183243i,0,1,0,0.00
1386927320,0,0,0,0,-6.910552,0.000000,-1.047198,55.495289,-0.139157,-50.202938,110.241615_-176.582932i,28.691786_-206.183243i,0,1,0,0.00
1386927320,0,0,0,0,-6.910552,0.000000,-1.047198,55.495289,-0.139157,-50.202938,110.241615_-176.582932i,28.691786_-206.183243i,0,1,0,0.00
1386927320,0,0,0,0,-6.910552,0.000000,-1.047198,55.495289,-0.139157,-50.202938,110.241615_-176.582932i,28.691786_-206.183243i,0,1,0,0.00
1386927321,0,0,0,0,-6.910552,0.000000,-1.047198,55.495289,-0.139157,-50.202938,110.241615_-176.582932i,28.691786_-206.183243i,0,1,0,0.00
1386927321,0,0,0,0,-6.910552,0.000000,-1.047198,55.495289,-0.139157,-50.202938,110.241615_-176.582932i,28.691786_-206.183243i,0,1,0,0.00
1386927321,0,0,0,0,-6.910552,0.000000,-1.047198,55.495289,-0.139157,-50.202938,110.241615_-176.582932i,28.691786_-206.183243i,0,1,0,0.00
1386927321,0,0,0,0,-6.910552,0.000000,-1.047198,55.495289,-0.139157,-50.202938,110.241615_-176.582932i,28.691786_-206.183243i,0,1,0,0.00
1386927322,0,0,0,0,-6.910552,0.000000,-1.047198,55.495289,-0.139157,-50.202938,110.241615_-176.582932i,28.691786_-206.183243i,0,1,0,0.00
1386927322,0,0,0,0,-6.910552,0.000000,-1.047198,55.495289,-0.139157,-50.202938,110.241615_-176.582932i,28.691786_-206.183243i,0,1,0,0.00
1386927322,0,0,0,0,-6.910552,0.000000,-1.047198,55.495289,-0.139157,-50.202938,110.241615_-176.582932i,28.691786_-206.183243i,0,1,0,0.00
1386927322,0,0,0,0,-6.910552,0.000000,-1.047198,55.495289,-0.139157,-50.202938,110.241615_-176.582932i,28.691786_-206.183243i,0,1,0,0.00
1386927323,0,0,0,0,-6.910552,0.000000,-1.047198,55.495289,-0.139157,-50.202938,110.241615_-176.582932i,28.691786_-206.183243i,0,1,0,0.00
1386927323,0,0,0,0,-6.910552,0.000000,-1.047198,55.495289,-0.139157,-50.202938,110.241615_-176.582932i,28.691786_-206.183243i,0,1,0,0.00
1386927323,0,0,0,0,-6.910552,0.000000,-1.047198,55.495289,-0.139157,-50.202938,110.241615_-176.582932i,28.691786_-206.183243i,0,1,0,0.00
1386927323,0,0,0,0,-6.910552,0.000000,-1.047198,55.495289,-0.139157,-50.202938,110.241615_-176.582932i,28.691786_-206.183243i,0,1,0,0.00
1386927324,0,0,0,0,-6.910552,0.000000,-1.047198,55.495289,-0.139157,-50.202938,110.241615_-176.582932i,28.691786_-206.183243i,0,1,0,0.00
1386927324,0,0,0,0,-6.910552,0.000000,-1.047198,55.495289,-0.139157,-50.202938,110.241615_-176.582932i,28.691786_-206.183243i,0,1,0,0.00
1386927324,0,0,0,0,-6.910552,0.000000,-1.047198,55.495289,-0.139157,-50.202938,110.241615_-176.582932i,28.691786_-206.183243i,0,1,0,0.00
1386927324,0,0,0,0,-6.910552,0.000000,-1.047198,55.495289,-0.139157,-50.202938,110.241615_-176.582932i,28.691786_-206.183243i,0,1,0,0.00
1386927325,0,0,0,0,-6.910552,0.000000,-1.047198,55.495289,-0.139157,-50.202938,110.241615_-176.582932i,28.691786_-206.183243i,0,1,0,0.00
1386927325,0,0,0,0,-6.910552,0.000000,-1.047198,55.495289,-0.139157,-50.202938,110.241615_-176.582932i,28.691786_-206.183243i,0,1,0,0.00
1386927325,0,0,0,0,-6.910552,0.000000,-1.047198,55.495289,-0.139157,-50.202938,110.241615_-176.582932i,28.691786_-206.183243i,0,1,0,0.00
1386927325,0,0,0,0,-6.910552,0.000000,-1.047198,55.495289,-0.139157,-50.202938,110.241615_-176.582932i,28.691786_-206.183243i,0,1,0,0.00
1386927326,0,0,0,0,-6.910552,0.000000,-1.047198,55.495289,-0.139157,-50.202938,110.241615_-176.582932i,28.691786_-206.183243i,0,1,0,0.00
1386927326,0,0,0,0,-6.910552,0.000000,-1.047198,55.495289,-0.139157,-50.202938,110.241615_-176.582932i,28.691786_-206.183243i,0,1,0,0.00
1386927326,0,0,0,0,-6.910552,0.000000,-1.047198,55.495289,-0.139157,-50.202938,110.241615_-176.582932i,28.691786_-206.183243i,0,1,0,0.00
1386927326,0,0,0,0,-6.910552,0.000000,-1.047198,55.495289,-0.139157,-50.202938,110.241615_-176.582932i,28.691786_-206.183243i,0,1,0,0.00
1386927327,0,0,0,0,-6.910552,0.000000,-1.047198,55.495289,-0.139157,-50.202938,110.241615_-176.582932i,28.691786_-206.183243i,0,1,0,0.00
1386927327,0,0,0,0,-6.910552,0.000000,-1.047198,55.495289,-0.139157,-50.202938,110.241615_-176.582932i,28.691786_-206.183243i,0,1,0,0.00
1386927327,0,0,0,0,-6.910552,0.000000,-1.047198,55.495289,-0.139157,-50.202938,110.241615_-176.582932i,28.691786_-206.183243i,0,1,0,0.00
1386927327,0,0,0,0,-6.910552,0.000000,-1.047198,55.495289,-0.139157,-50.202938,110.241615_-176.582932i,28.691786_-206.183243i,0,1,0,0.00
1386927328,0,0,0,0,-6.910552,0.000000,-1.047198,55.495289,-0.139157,-50.202938,110.241615_-176.582932i,28.691786_-206.183243i,0,1,0,0.00
1386927328,0,0,0,0,-6.910552,0.000000,-1.047198,55.495289,-0.139157,-50.202938,110.241615_-176.582932i,28.691786_-206.183243i,0,1,0,0.00
1386927328,0,0,0,0,-6.910552,0.000000,-1.047198,55.495289,-0.139157,-50.202938,110.241615_-176.582932i,28.691786_-206.183243i,0,1,0,0.00
1386927328,0,0,0,0,-6.910552,0.000000,-1.047198,55.495289,-0.139157,-50.202938,110.241615_-176.582932i,28.691786_-206.183243i,0,1,0,0.00
1386927329,0,0,0,0,-6.910552,0.000000,-1.047198,55.495289,-0.139157,-50.202938,110.241615_-176.582932i,28.691786_-206.183243i,0,1,0,0.00
1386927329,0,0,0,0,-6.910552,0.000000,-1.047198,55.495289,-0.139157,-50.202938,110.241615_-176.582932i,28.691786_-206.183243i,0,1,0,0.00
1386927329,0,0,0,0,-6.910552,0.000000,-1.047198,55.495289,-0.139157,-50.202938,110.241615_-176.582932i,28.691786_-206.183243i,0,1,0,0.00
1386927329,0,0,0,0,-6.910552,0.000000,-1.047198,55.495289,-0.139157,-50.202938,110.241615_-176.582932i,28.691786_-206.183243i,0,1,0,0.00
1386927330,0,0,0,0,-6.910552,0.000000,-1.047198,55.495289,-0.139157,-50.202938,110.241615_-176.582932i,28.691786_-206.183243i,0,1,0,0.00
1386927330,0,0,0,0,-6.910552,0.000000,-1.047198,55.495289,-0.139157,-50.202938,110.241615_-176.582932i,28.691786_-206.183243i,0,1,0,0.00
1386927330,0,0,0,0,-6.910552,0.000000,-1.047198,55.495289,-0.139157,-50.202938,110.241615_-176.582932i,28.691786_-206.183243i,0,1,0,0.00
1386927331,0,0,0,0,-6.910552,0.000000,-1.047198,55.495289,-0.139157,-50.202938,110.241615_-176.582932i,28.691786_-206.183243i,0,1,0,0.00
1386927331,0,0,0,0,-6.910552,0.000000,-1.047198,55.495289,-0.139157,-50.202938,110.241615_-176.582932i,28.691786_-206.183243i,0,1,0,0.00
1386927331,0,0,0,0,-6.910552,0.000000,-1.047198,55.495289,-0.139157,-50.202938,110.241615_-176.582932i,28.691786_-206.183243i,0,1,0,0.00
1386927331,0,0,0,0,-6.910552,0.000000,-1.047198,55.495289,-0.139157,-50.202938,110.241615_-176.582932i,28.691786_-206.183243i,0,1,0,0.00
1386927332,0,0,0,0,-6.910552,0.000000,-1.047198,55.495289,-0.139157,-50.202938,110.241615_-176.582932i,28.691786_-206.183243i,0,1,0,0.00
1386927332,0,0,0,0,-6.910552,0.000000,-1.047198,55.495289,-0.139157,-50.202938,110.241615_-176.582932i,28.691786_-206.183243i,0,1,0,0.00
1386927332,0,0,0,0,-6.910552,0.000000,-1.047198,55.495289,-0.139157,-50.202938,110.241615_-176.582932i,28.691786_-206.183243i,0,1,0,0.00
1386927332,0,0,0,0,-6.910552,0.000000,-1.047198,55.495289,-0.139157,-50.202938,110.241615_-176.582932i,28.691786_-206.183243i,0,1,0,0.00
1386927333,0,0,0,0,-6.910552,0.000000,-1.047198,55.495289,-0.139157,-50.202938,110.241615_-176.582932i,28.691786_-206.183243i,0,1,0,0.00
1386927333,0,0,0,0,-6.910552,0.000000,-1.047198,55.495289,-0.139157,-50.202938,110.241615_-176.582932i,28.691786_-206.183243i,0,1,0,0.00
1386927333,0,0,0,0,-6.910552,0.000000,-1.047198,55.495289,-0.139157,-50.202938,110.241615_-176.582932i,28.691786_-206.183243i,0,1,0,0.00
1386927333,0,0,0,0,-6.910552,0.000000,-1.047198,55.495289,-0.139157,-50.202938,110.241615_-176.582932i,28.691786_-206.183243i,0,1,0,0.00
1386927334,0,0,0,0,-6.910552,0.000000,-1.047198,55.495289,-0.139157,-50.202938,110.241615_-176.582932i,28.691786_-206.183243i,0,1,0,0.00
1386927334,0,0,0,0,-6.910552,0.000000,-1.047198,55.495289,-0.139157,-50.202938,110.241615_-176.582932i,28.691786_-206.183243i,0,1,0,0.00
1386927334,0,0,0,0,-6.910552,0.000000,-1.047198,55.495289,-0.139157,-50.202938,110.241615_-176.582932i,28.691786_-206.183243i,0,1,0,0.00
1386927334,0,0,0,0,-6.910552,0.000000,-1.047198,55.495289,-0.139157,-50.202938,110.241615_-176.582932i,28.691786_-206.183243i,0,1,0,0.00
1386927335,0,0,0,0,-6.910552,0.000000,-1.047198,55.495289,-0.139157,-50.202938,110.241615_-176.582932i,28.691786_-206.183243i,0,1,0,0.00
1386927335,0,0,0,0,-6.910552,0.000000,-1.047198,55.495289,-0.139157,-50.202938,110.241615_-176.582932i,28.691786_-206.183243i,0,1,0,0.00
1386927335,0,0,0,0,-6.910552,0.000000,-1.047198,55.495289,-0.139157,-50.202938,110.241615_-176.582932i,28.691786_-206.183243i,0,1,0,0.00
1386927335,0,0,0,0,-6.910552,0.000000,-1.047198,55.495289,-0.139157,-50.202938,110.241615_-176.582932i,28.691786_-206.183243i,0,1,0,0.00
1386927336,0,0,0,0,-6.910552,0.000000,-1.047198,55.495289,-0.139157,-50.202938,110.241615_-176.582932i,28.691786_-206.183243i,0,1,0,0.00
1386927336,0,0,0,0,-6.910552,0.000000,-1.047198,55.495289,-0.139157,-50.202938,110.241615_-176.582932i,28.691786_-206.183243i,0,1,0,0.00
1386927336,0,0,0,0,-6.910552,0.000000,-1.047198,55.495289,-0.139157,-50.202938,110.241615_-176.582932i,28.691786_-206.183243i,0,1,0,0.00
1386927336,0,0,0,0,-6.910552,0.000000,-1.047198,55.495289,-0.139157,-50.202938,110.241615_-176.582932i,28.691786_-206.183243i,0,1,0,0.00
1386927337,0,0,0,0,-6.910552,0.000000,-1.047198,55.495289,-0.139157,-50.202938,110.241615_-176.582932i,28.691786_-206.183243i,0,1,0,0.00
1386927337,0,0,0,0,-6.910552,0.000000,-1.047198,55.495289,-0.139157,-50.202938,110.241615_-176.582932i,28.691786_-206.183243i,0,1,0,0.00
1386927337,0,0,0,0,-6.910552,0.000000,-1.047198,55.495289,-0.139157,-50.202938,110.241615_-176.582932i,28.691786_-206.183243i,0,1,0,0.00
1386927337,0,0,0,0,-6.910552,0.000000,-1.047198,55.495289,-0.139157,-50.202938,110.241615_-176.582932i,28.691786_-206.183243i,0,1,0,0.00
1386927338,0,0,0,0,-6.910552,0.000000,-1.047198,55.495289,-0.139157,-50.202938,110.241615_-176.582932i,28.691786_-206.183243i,0,1,0,0.00
1386927338,0,0,0,0,-6.910552,0.000000,-1.047198,55.495289,-0.139157,-50.202938,110.241615_-176.582932i,28.691786_-206.183243i,0,1,0,0.00
1386927338,0,0,0,0,-6.910552,0.000000,-1.047198,55.495289,-0.139157,-50.202938,110.241615_-176.582932i,28.691786_-206.183243i,0,1,0,0.00
1386927338,0,0,0,0,-6.910552,0.000000,-1.047198,55.495289,-0.139157,-50.202938,110.241615_-176.582932i,28.691786_-206.183243i,0,1,0,0.00
1386927339,0,0,0,0,-6.910552,0.000000,-1.047198,55.495289,-0.139157,-50.202938,110.241615_-176.582932i,28.691786_-206.183243i,0,1,0,0.00
1386927339,0,0,0,0,-6.910552,0.000000,-1.047198,55.495289,-0.139157,-50.202938,110.241615_-176.582932i,28.691786_-206.183243i,0,1,0,0.00
1386927339,0,0,0,0,-6.910552,0.000000,-1.047198,55.495289,-0.139157,-50.202938,110.241615_-176.582932i,28.691786_-206.183243i,0,1,0,0.00
1386927339,0,0,0,0,-6.910552,0.000000,-1.047198,55.495289,-0.139157,-50.202938,110.241615_-176.582932i,28.691786_-206.183243i,0,1,0,0.00
1386927340,0,0,0,0,-6.910552,0.000000,-1.047198,55.495289,-0.139157,-50.202938,110.241615_-176.582932i,28.691786_-206.183243i,0,1,0,0.00
1386927340,0,0,0,0,-6.910552,0.000000,-1.047198,55.495289,-0.139157,-50.202938,110.241615_-176.582932i,28.691786_-206.183243i,0,1,0,0.00
1386927340,0,0,0,0,-6.910552,0.000000,-1.047198,55.495289,-0.139157,-50.202938,110.241615_-176.582932i,28.691786_-206.183243i,0,1,0,0.00
1386927340,0,0,0,0,-6.910552,0.000000,-1.047198,55.495289,-0.139157,-50.202938,110.241615_-176.582932i,28.691786_-206.183243i,0,1,0,0.00
1386927341,0,0,0,0,-6.910552,0.000000,-1.047198,55.495289,-0.139157,-50.202938,110.241615_-176.582932i,28.691786_-206.183243i,0,1,0,0.00
1386927341,0,0,0,0,-6.910552,0.000000,-1.047198,55.495289,-0.139157,-50.202938,110.241615_-176.582932i,28.691786_-206.183243i,0,1,0,0.00
1386927341,0,0,0,0,-6.910552,0.000000,-1.047198,55.495289,-0.139157,-50.202938,110.241615_-176.582932i,28.691786_-206.183243i,0,1,0,0.00
1386927341,0,0,0,0,-6.910552,0.000000,-1.047198,55.495289,-0.139157,-50.202938,110.241615_-176.582932i,28.691786_-206.183243i,0,1,0,0.00
1386927342,0,0,0,0,-6.910552,0.000000,-1.047198,55.495289,-0.139157,-50.202938,110.241615_-176.582932i,28.691786_-206.183243i,0,1,0,0.00
1386927342,0,0,0,0,-6.910552,0.000000,-1.047198,55.495289,-0.139157,-50.202938,110.241615_-176.582932i,28.691786_-206.183243i,0,1,0,0.00
1386927342,0,0,0,0,-6.910552,0.000000,-1.047198,55.495289,-0.139157,-50.202938,110.241615_-176.582932i,28.691786_-206.183243i,0,1,0,0.00
1386927342,0,0,0,0,-6.910552,0.000000,-1.047198,55.495289,-0.139157,-50.202938,110.241615_-176.582932i,28.691786_-206.183243i,0,1,0,0.00
1386927343,0,0,0,0,-6.910552,0.000000,-1.047198,55.495289,-0.139157,-50.202938,110.241615_-176.582932i,28.691786_-206.183243i,0,1,0,0.00
1386927343,0,0,0,0,-6.910552,0.000000,-1.047198,55.495289,-0.139157,-50.202938,110.241615_-176.582932i,28.691786_-206.183243i,0,1,0,0.00
1386927343,0,0,0,0,-6.910552,0.000000,-1.047198,55.495289,-0.139157,-50.202938,110.241615_-176.582932i,28.691786_-206.183243i,0,1,0,0.00
1386927343,0,0,0,0,-6.910552,0.000000,-1.047198,55.495289,-0.139157,-50.202938,110.241615_-176.582932i,28.691786_-206.183243i,0,1,0,0.00
1386927344,0,0,0,0,-6.910552,0.000000,-1.047198,55.495289,-0.139157,-50.202938,110.241615_-176.582932i,28.691786_-206.183243i,0,1,0,0.00
1386927344,0,0,0,0,-6.910552,0.000000,-1.047198,55.495289,-0.139157,-50.202938,110.241615_-176.582932i,28.691786_-206.183243i,0,1,0,0.00
1386927344,0,0,0,0,-6.910552,0.000000,-1.047198,55.495289,-0.139157,-50.202938,110.241615_-176.582932i,28.691786_-206.183243i,0,1,0,0.00
1386927344,0,0,0,0,-6.910552,0.000000,-1.047198,55.495289,-0.139157,-50.202938,110.241615_-176.582932i,28.691786_-206.183243i,0,1,0,0.00
1386927345,0,0,0,0,-6.910552,0.000000,-1.047198,55.495289,-0.139157,-50.202938,110.241615_-176.582932i,28.691786_-206.183243i,0,1,0,0.00
1386927345,0,0,0,0,-6.910552,0.000000,-1.047198,55.495289,-0.139157,-50.202938,110.241615_-176.582932i,28.691786_-206.183243i,0,1,0,0.00
1386927345,0,0,0,0,-6.910552,0.000000,-1.047198,55.495289,-0.139157,-50.202938,110.241615_-176.582932i,28.691786_-206.183243i,0,1,0,0.00
1386927345,0,0,0,0,-6.910552,0.000000,-1.047198,55.495289,-0.139157,-50.202938,110.241615_-176.582932i,28.691786_-206.183243i,0,1,0,0.00
1386927346,0,0,0,0,-6.910552,0.000000,-1.047198,55.495289,-0.139157,-50.202938,110.241615_-176.582932i,28.691786_-206.183243i,0,1,0,0.00
1386927346,0,0,0,0,-6.910552,0.000000,-1.047198,55.495289,-0.139157,-50.202938,110.241615_-176.582932i,28.691786_-206.183243i,0,1,0,0.00
1386927346,0,0,0,0,-6.910552,0.000000,-1.047198,55.495289,-0.139157,-50.202938,110.241615_-176.582932i,28.691786_-206.183243i,0,1,0,0.00
1386927346,0,0,0,0,-6.910552,0.000000,-1.047198,55.495289,-0.139157,-50.202938,110.241615_-176.582932i,28.691786_-206.183243i,0,1,0,0.00
1386927347,0,0,0,0,-6.910552,0.000000,-1.047198,55.495289,-0.139157,-50.202938,110.241615_-176.582932i,28.691786_-206.183243i,0,1,0,0.00
1386927347,0,0,0,0,-6.910552,0.000000,-1.047198,55.495289,-0.139157,-50.202938,110.241615_-176.582932i,28.691786_-206.183243i,0,1,0,0.00
1386927347,0,0,0,0,-6.910552,0.000000,-1.047198,55.495289,-0.139157,-50.202938,110.241615_-176.582932i,28.691786_-206.183243i,0,1,0,0.00
1386927347,0,0,0,0,-6.910552,0.000000,-1.047198,55.495289,-0.139157,-50.202938,110.241615_-176.582932i,28.691786_-206.183243i,0,1,0,0.00
1386927348,0,0,0,0,-6.910552,0.000000,-1.047198,55.495289,-0.139157,-50.202938,110.241615_-176.582932i,28.691786_-206.183243i,0,1,0,0.00
1386927348,0,0,0,0,-6.910552,0.000000,-1.047198,55.495289,-0.139157,-50.202938,110.241615_-176.582932i,28.691786_-206.183243i,0,1,0,0.00
1386927348,0,0,0,0,-6.910552,0.000000,-1.047198,55.495289,-0.139157,-50.202938,110.241615_-176.582932i,28.691786_-206.183243i,0,1,0,0.00
1386927348,0,0,0,0,-6.910552,0.000000,-1.047198,55.495289,-0.139157,-50.202938,110.241615_-176.582932i,28.691786_-206.183243i,0,1,0,0.00
1386927349,0,0,0,0,-6.910552,0.000000,-1.047198,55.495289,-0.139157,-50.202938,110.241615_-176.582932i,28.691786_-206.183243i,0,1,0,0.00
1386927349,0,0,0,0,-6.910552,0.000000,-1.047198,55.495289,-0.139157,-50.202938,110.241615_-176.582932i,28.691786_-206.183243i,0,1,0,0.00
1386927349,0,0,0,0,-6.910552,0.000000,-1.047198,55.495289,-0.139157,-50.202938,110.241615_-176.582932i,28.691786_-206.183243i,0,1,0,0.00
1386927349,0,0,0,0,-6.910552,0.000000,-1.047198,55.495289,-0.139157,-50.202938,110.241615_-176.582932i,28.691786_-206.183243i,0,1,0,0.00
1386927350,0,0,0,0,-6.910552,0.000000,-1.047198,55.495289,-0.139157,-50.202938,110.241615_-176.582932i,28.691786_-206.183243i,0,1,0,0.00
1386927350,0,0,0,0,-6.910552,0.000000,-1.047198,55.495289,-0.139157,-50.202938,110.241615_-176.582932i,28.691786_-206.183243i,0,1,0,0.00
1386927350,0,0,0,0,-6.910552,0.000000,-1.047198,55.495289,-0.139157,-50.202938,110.241615_-176.582932i,28.691786_-206.183243i,0,1,0,0.00
1386927350,0,0,0,0,-6.910552,0.000000,-1.047198,55.495289,-0.139157,-50.202938,110.241615_-176.582932i,28.691786_-206.183243i,0,1,0,0.00
1386927351,0,0,0,0,-6.910552,0.000000,-1.047198,55.495289,-0.139157,-50.202938,110.241615_-176.582932i,28.691786_-206.183243i,0,1,0,0.00
1386927351,0,0,0,0,-6.910552,0.000000,-1.047198,55.495289,-0.139157,-50.202938,110.241615_-176.582932i,28.691786_-206.183243i,0,1,0,0.00
1386927351,0,0,0,0,-6.910552,0.000000,-1.047198,55.495289,-0.139157,-50.202938,110.241615_-176.582932i,28.691786_-206.183243i,0,1,0,0.00
1386927351,0,0,0,0,-6.910552,0.000000,-1.047198,55.495289,-0.139157,-50.202938,110.241615_-176.582932i,28.691786_-206.183243i,0,1,0,0.00
1386927352,0,0,0,0,-6.910552,0.000000,-1.047198,55.495289,-0.139157,-50.202938,110.241615_-176.582932i,28.691786_-206.183243i,0,1,0,0.00
1386927352,0,0,0,0,-6.910552,0.000000,-1.047198,55.495289,-0.139157,-50.202938,110.241615_-176.582932i,28.691786_-206.183243i,0,1,0,0.00
1386927352,0,0,0,0,-6.910552,0.000000,-1.047198,55.495289,-0.139157,-50.202938,110.241615_-176.582932i,28.691786_-206.183243i,0,1,0,0.00
1386927352,0,0,0,0,-6.910552,0.000000,-1.047198,55.495289,-0.139157,-50.202938,110.241615_-176.582932i,28.691786_-206.183243i,0,1,0,0.00
1386927353,0,0,0,0,-6.910552,0.000000,-1.047198,55.495289,-0.139157,-50.202938,110.241615_-176.582932i,28.691786_-206.183243i,0,1,0,0.00
1386927353,0,0,0,0,-6.910552,0.000000,-1.047198,55.495289,-0.139157,-50.202938,110.241615_-176.582932i,28.691786_-206.183243i,0,1,0,0.00
1386927353,0,0,0,0,-6.910552,0.000000,-1.047198,55.495289,-0.139157,-50.202938,110.241615_-176.582932i,28.691786_-206.183243i,0,1,0,0.00
1386927353,0,0,0,0,-6.910552,0.000000,-1.047198,55.495289,-0.139157,-50.202938,110.241615_-176.582932i,28.691786_-206.183243i,0,1,0,0.00
1386927354,0,0,0,0,-6.910552,0.000000,-1.047198,55.495289,-0.139157,-50.202938,110.241615_-176.582932i,28.691786_-206.183243i,0,1,0,0.00
1386927354,0,0,0,0,-6.910552,0.000000,-1.047198,55.495289,-0.139157,-50.202938,110.241615_-176.582932i,28.691786_-206.183243i,0,1,0,0.00
1386927354,0,0,0,0,-6.910552,0.000000,-1.047198,55.495289,-0.139157,-50.202938,110.241615_-176.582932i,28.691786_-206.183243i,0,1,0,0.00
1386927354,0,0,0,0,-6.910552,0.000000,-1.047198,55.495289,-0.139157,-50.202938,110.241615_-176.582932i,28.691786_-206.183243i,0,1,0,0.00
1386927355,0,0,0,0,-6.910552,0.000000,-1.047198,55.495289,-0.139157,-50.202938,110.241615_-176.582932i,28.691786_-206.183243i,0,1,0,0.00
1386927355,0,0,0,0,-6.910552,0.000000,-1.047198,55.495289,-0.139157,-50.202938,110.241615_-176.582932i,28.691786_-206.183243i,0,1,0,0.00
1386927355,0,0,0,0,-6.910552,0.000000,-1.047198,55.495289,-0.139157,-50.202938,110.241615_-176.582932i,28.691786_-206.183243i,0,1,0,0.00
1386927355,0,0,0,0,-6.910552,0.000000,-1.047198,55.495289,-0.139157,-50.202938,110.241615_-176.582932i,28.691786_-206.183243i,0,1,0,0.00
1386927356,0,0,0,0,-6.910552,0.000000,-1.047198,55.495289,-0.139157,-50.202938,110.241615_-176.582932i,28.691786_-206.183243i,0,1,0,0.00
1386927356,0,0,0,0,-6.910552,0.000000,-1.047198,55.495289,-0.139157,-50.202938,110.241615_-176.582932i,28.691786_-206.183243i,0,1,0,0.00
1386927356,0,0,0,0,-6.910552,0.000000,-1.047198,55.495289,-0.139157,-50.202938,110.241615_-176.582932i,28.691786_-206.183243i,0,1,0,0.00
1386927356,0,0,0,0,-6.910552,0.000000,-1.047198,55.495289,-0.139157,-50.202938,110.241615_-176.582932i,28.691786_-206.183243i,0,1,0,0.00
1386927357,0,0,0,0,-6.910552,0.000000,-1.047198,55.495289,-0.139157,-50.202938,110.241615_-176.582932i,28.691786_-206.183243i,0,1,0,0.00
1386927357,0,0,0,0,-6.910552,0.000000,-1.047198,55.495289,-0.139157,-50.202938,110.241615_-176.582932i,28.691786_-206.183243i,0,1,0,0.00
1386927357,0,0,0,0,-6.910552,0.000000,-1.047198,55.495289,-0.139157,-50.202938,110.241615_-176.582932i,28.691786_-206.183243i,0,1,0,0.00
1386927357,0,0,0,0,-6.910552,0.000000,-1.047198,55.495289,-0.139157,-50.202938,110.241615_-176.582932i,28.691786_-206.183243i,0,1,0,0.00
1386927358,0,0,0,0,-6.910552,0.000000,-1.047198,55.495289,-0.139157,-50.202938,110.241615_-176.582932i,28.691786_-206.183243i,0,1,0,0.00
1386927358,0,0,0,0,-6.910552,0.000000,-1.047198,55.495289,-0.139157,-50.202938,110.241615_-176.582932i,28.691786_-206.183243i,0,1,0,0.00
1386927358,0,0,0,0,-6.910552,0.000000,-1.047198,55.495289,-0.139157,-50.202938,110.241615_-176.582932i,28.691786_-206.183243i,0,1,0,0.00
1386927358,0,0,0,0,-6.910552,0.000000,-1.047198,55.495289,-0.139157,-50.202938,110.241615_-176.582932i,28.691786_-206.183243i,0,1,0,0.00
1386927359,0,0,0,0,-6.910552,0.000000,-1.047198,55.495289,-0.139157,-50.202938,110.241615_-176.582932i,28.691786_-206.183243i,0,1,0,0.00
1386927359,0,0,0,0,-6.910552,0.000000,-1.047198,55.495289,-0.139157,-50.202938,110.241615_-176.582932i,28.691786_-206.183243i,0,1,0,0.00
1386927359,0,0,0,0,-6.910552,0.000000,-1.047198,55.495289,-0.139157,-50.202938,110.241615_-176.582932i,28.691786_-206.183243i,0,1,0,0.00
1386927359,0,0,0,0,-6.910552,0.000000,-1.047198,55.495289,-0.139157,-50.202938,110.241615_-176.582932i,28.691786_-206.183243i,0,1,0,0.00
1386927360,0,0,0,0,-6.910552,0.000000,-1.047198,55.495289,-0.139157,-50.202938,110.241615_-176.582932i,28.691786_-206.183243i,0,1,0,0.00
1386927360,0,0,0,0,-6.910552,0.000000,-1.047198,55.495289,-0.139157,-50.202938,110.241615_-176.582932i,28.691786_-206.183243i,0,1,0,0.00
1386927360,0,0,0,0,-6.910552,0.000000,-1.047198,55.495289,-0.139157,-50.202938,110.241615_-176.582932i,28.691786_-206.183243i,0,1,0,0.00
1386927360,0,0,0,0,-6.910552,0.000000,-1.047198,55.495289,-0.139157,-50.202938,110.241615_-176.582932i,28.691786_-206.183243i,0,1,0,0.00
1386927361,0,0,0,0,-6.910552,0.000000,-1.047198,55.495289,-0.139157,-50.202938,110.241615_-176.582932i,28.691786_-206.183243i,0,1,0,0.00
1386927361,0,0,0,0,-6.910552,0.000000,-1.047198,55.495289,-0.139157,-50.202938,110.241615_-176.582932i,28.691786_-206.183243i,0,1,0,0.00
1386927361,0,0,0,0,-6.910552,0.000000,-1.047198,55.495289,-0.139157,-50.202938,110.241615_-176.582932i,28.691786_-206.183243i,0,1,0,0.00
1386927361,0,0,0,0,-6.910552,0.000000,-1.047198,55.495289,-0.139157,-50.202938,110.241615_-176.582932i,28.691786_-206.183243i,0,1,0,0.00
1386927362,0,0,0,0,-6.910552,0.000000,-1.047198,55.495289,-0.139157,-50.202938,110.241615_-176.582932i,28.691786_-206.183243i,0,1,0,0.00
1386927362,0,0,0,0,-6.910552,0.000000,-1.047198,55.495289,-0.139157,-50.202938,110.241615_-176.582932i,28.691786_-206.183243i,0,1,0,0.00
1386927362,0,0,0,0,-6.910552,0.000000,-1.047198,55.495289,-0.139157,-50.202938,110.241615_-176.582932i,28.691786_-206.183243i,0,1,0,0.00
1386927362,0,0,0,0,-6.910552,0.000000,-1.047198,55.495289,-0.139157,-50.202938,110.241615_-176.582932i,28.691786_-206.183243i,0,1,0,0.00
1386927363,0,0,0,0,-6.910552,0.000000,-1.047198,55.495289,-0.139157,-50.202938,110.241615_-176.582932i,28.691786_-206.183243i,0,1,0,0.00
1386927363,0,0,0,0,-6.910552,0.000000,-1.047198,55.495289,-0.139157,-50.202938,110.241615_-176.582932i,28.691786_-206.183243i,0,1,0,0.00
1386927363,0,0,0,0,-6.910552,0.000000,-1.047198,55.495289,-0.139157,-50.202938,110.241615_-176.582932i,28.691786_-206.183243i,0,1,0,0.00
