MCU_timestamp,sig1,sig2,sig3,fa_debug,theta_d1,theta_d,theta_d1_b,theta_b,a_x,b_x,X_b,X_T_b,sail_hc_periods,sail_hc_direction,sail_hc_val,sail_hc_MEAN_V
1386871719,1,2,2,7353,-7.956960,0.000000,-2.093605,-1.932895,0.576297,-57.708714,-628187.250000_-6078632.500000i,-3051320.000000_-5294699.000000i,0,1,0,0.00
1386871720,2,2,2,7353,-7.956960,0.000000,-2.093605,-1.769998,0.576297,-57.708714,-628187.250000_-6078632.500000i,-3051320.000000_-5294699.000000i,0,1,0,0.00
1386871720,2,2,2,7353,-7.956960,0.000000,-2.093605,-1.607101,0.576297,-57.708714,-628187.250000_-6078632.500000i,-3051320.000000_-5294699.000000i,0,1,0,0.00
1386871720,2,2,2,7353,-7.956960,0.000000,-2.093605,-1.458166,0.576297,-57.708714,-628187.250000_-6078632.500000i,-3051320.000000_-5294699.000000i,0,1,0,0.00
1386871720,2,2,2,7353,-7.956960,0.000000,-2.093605,-1.346465,0.576297,-57.708714,-628187.250000_-6078632.500000i,-3051320.000000_-5294699.000000i,0,1,0,0.00
1386871721,2,2,2,7353,-7.956960,0.000000,-2.093605,-1.267344,0.576297,-57.708714,-628187.250000_-6078632.500000i,-3051320.000000_-5294699.000000i,0,1,0,0.00
1386871721,2,2,2,7353,-7.956960,0.000000,-2.093605,-1.206839,0.576297,-57.708714,-628187.250000_-6078632.500000i,-3051320.000000_-5294699.000000i,0,1,0,0.00
1386871721,2,2,2,7353,-7.956960,0.000000,-2.093605,-1.164951,0.576297,-57.708714,-628187.250000_-6078632.500000i,-3051320.000000_-5294699.000000i,0,1,0,0.00
1386871721,2,2,2,7353,-7.956960,0.000000,-2.093605,-1.132372,0.576297,-57.708714,-628187.250000_-6078632.500000i,-3051320.000000_-5294699.000000i,0,1,0,0.00
1386871722,2,2,2,7353,-7.956960,0.000000,-2.093605,-1.109100,0.576297,-57.708714,-628187.250000_-6078632.500000i,-3051320.000000_-5294699.000000i,0,1,0,0.00
1386871722,2,2,2,7353,-7.956960,0.000000,-2.093605,-1.090483,0.576297,-57.708714,-628187.250000_-6078632.500000i,-3051320.000000_-5294699.000000i,0,1,0,0.00
1386871722,2,2,2,7353,-7.956960,0.000000,-2.093605,-1.081174,0.576297,-57.708714,-628187.250000_-6078632.500000i,-3051320.000000_-5294699.000000i,0,1,0,0.00
1386871722,2,2,2,7353,-7.956960,0.000000,-2.093605,-1.071867,0.576297,-57.708714,-628187.250000_-6078632.500000i,-3051320.000000_-5294699.000000i,0,1,0,0.00
1386871723,2,2,2,7353,-7.956960,0.000000,-2.093605,-1.067213,0.576297,-57.708714,-628187.250000_-6078632.500000i,-3051320.000000_-5294699.000000i,0,1,0,0.00
1386871723,2,2,2,7353,-7.956960,0.000000,-2.093605,-1.062559,0.576297,-57.708714,-628187.250000_-6078632.500000i,-3051320.000000_-5294699.000000i,0,1,0,0.00
1386871723,2,2,2,7353,-7.956960,0.000000,-2.093605,-1.057904,0.576297,-57.708714,-628187.250000_-6078632.500000i,-3051320.000000_-5294699.000000i,0,1,0,0.00
1386871723,2,2,2,0,-7.956960,0.000000,-2.093605,-1.057904,0.576297,-57.708714,-628187.250000_-6078632.500000i,-3051320.000000_-5294699.000000i,0,1,0,0.00
1386871724,2,2,2,0,-7.956960,0.000000,-2.093605,-1.057904,0.576297,-57.708714,-628187.250000_-6078632.500000i,-3051320.000000_-5294699.000000i,0,1,0,0.00
1386871724,2,2,2,0,-7.956960,0.000000,-2.093605,-1.057904,0.576297,-57.708714,-628187.250000_-6078632.500000i,-3051320.000000_-5294699.000000i,0,1,0,0.00
1386871724,2,2,2,0,-7.956960,0.000000,-2.093605,-1.057904,0.576297,-57.708714,-628187.250000_-6078632.500000i,-3051320.000000_-5294699.000000i,0,1,0,0.00
1386871724,2,2,2,0,-7.956960,0.000000,-2.093605,-1.057904,0.576297,-57.708714,-628187.250000_-6078632.500000i,-3051320.000000_-5294699.000000i,0,1,0,0.00
1386871725,2,2,2,0,-7.956960,0.000000,-2.093605,-1.057904,0.576297,-57.708714,-628187.250000_-6078632.500000i,-3051320.000000_-5294699.000000i,0,1,0,0.00
1386871725,2,2,2,0,-7.956960,0.000000,-2.093605,-1.057904,0.576297,-57.708714,-628187.250000_-6078632.500000i,-3051320.000000_-5294699.000000i,0,1,0,0.00
1386871725,2,2,2,7353,-7.956960,0.000000,-2.093605,-1.053250,0.576297,-57.708714,-642.627930_580.020020i,-350.401306_791.588806i,0,1,0,0.00
1386871725,2,2,2,7353,-7.956960,0.000000,-2.093605,-1.053250,0.576297,-57.708714,-642.627930_580.020020i,-350.401306_791.588806i,0,1,0,0.00
1386871726,2,2,2,7353,-7.956960,0.000000,-2.093605,-1.053250,0.576297,-57.708714,-642.627930_580.020020i,-350.401306_791.588806i,0,1,0,0.00
1386871726,2,2,2,7353,-7.956960,0.000000,-2.093605,-1.053250,0.576297,-57.708714,-642.627930_580.020020i,-350.401306_791.588806i,0,1,0,0.00
1386871726,2,2,2,7353,-7.956960,0.000000,-2.093605,-1.053250,0.576297,-57.708714,-642.627930_580.020020i,-350.401306_791.588806i,0,1,0,0.00
1386871726,2,2,2,7353,-7.956960,0.000000,-2.093605,-1.053250,0.576297,-57.708714,-642.627930_580.020020i,-350.401306_791.588806i,0,1,0,0.00
1386871727,2,2,2,7353,-7.956960,0.000000,-2.093605,-1.053250,0.576297,-57.708714,-642.627930_580.020020i,-350.401306_791.588806i,0,1,0,0.00
1386871727,2,2,2,7353,-7.956960,0.000000,-2.093605,-1.053250,0.576297,-57.708714,-642.627930_580.020020i,-350.401306_791.588806i,0,1,0,0.00
1386871727,2,2,2,7353,-7.956960,0.000000,-2.093605,-1.053250,0.576297,-57.708714,-642.627930_580.020020i,-350.401306_791.588806i,0,1,0,0.00
1386871727,2,2,2,7353,-7.956960,0.000000,-2.093605,-1.053250,0.576297,-57.708714,-642.627930_580.020020i,-350.401306_791.588806i,0,1,0,0.00
1386871728,2,2,2,7353,-7.956960,0.000000,-2.093605,-1.053250,0.576297,-57.708714,-642.627930_580.020020i,-350.401306_791.588806i,0,1,0,0.00
1386871728,2,2,2,7353,-7.956960,0.000000,-2.093605,-1.053250,0.576297,-57.708714,-642.627930_580.020020i,-350.401306_791.588806i,0,1,0,0.00
1386871728,2,2,2,7353,-7.956960,0.000000,-2.093605,-1.053250,0.576297,-57.708714,-642.627930_580.020020i,-350.401306_791.588806i,0,1,0,0.00
1386871728,2,2,2,7353,-7.956960,0.000000,-2.093605,-1.053250,0.576297,-57.708714,-642.627930_580.020020i,-350.401306_791.588806i,0,1,0,0.00
1386871729,2,2,2,7353,-7.956960,0.000000,-2.093605,-1.053250,0.576297,-57.708714,-642.627930_580.020020i,-350.401306_791.588806i,0,1,0,0.00
1386871729,2,2,2,7353,-7.956960,0.000000,-2.093605,-1.053250,0.576297,-57.708714,-642.627930_580.020020i,-350.401306_791.588806i,0,1,0,0.00
1386871729,2,2,2,7353,-7.956960,0.000000,-2.093605,-1.053250,0.576297,-57.708714,-642.627930_580.020020i,-350.401306_791.588806i,0,1,0,0.00
1386871729,2,2,2,7353,-7.956960,0.000000,-2.093605,-1.053250,0.576297,-57.708714,-642.627930_580.020020i,-350.401306_791.588806i,0,1,0,0.00
1386871730,2,2,2,7353,-7.956960,0.000000,-2.093605,-1.053250,0.576297,-57.708714,-642.627930_580.020020i,-350.401306_791.588806i,0,1,0,0.00
1386871730,2,2,2,7353,-7.956960,0.000000,-2.093605,-1.053250,0.576297,-57.708714,-642.627930_580.020020i,-350.401306_791.588806i,0,1,0,0.00
1386871730,2,2,2,7353,-7.956960,0.000000,-2.093605,-1.053250,0.576297,-57.708714,-642.627930_580.020020i,-350.401306_791.588806i,0,1,0,0.00
1386871730,2,2,2,7353,-7.956960,0.000000,-2.093605,-1.053250,0.576297,-57.708714,-642.627930_580.020020i,-350.401306_791.588806i,0,1,0,0.00
1386871731,2,2,2,7353,-7.956960,0.000000,-2.093605,-1.216148,0.576297,-57.708714,-642.627930_580.020020i,-350.401306_791.588806i,0,1,0,0.00
1386871731,2,2,2,7353,-7.956960,0.000000,-2.093605,-1.379045,0.576297,-57.708714,-642.627930_580.020020i,-350.401306_791.588806i,0,1,0,0.00
1386871731,2,2,2,7353,-7.956960,0.000000,-2.093605,-1.541943,0.576297,-57.708714,-642.627930_580.020020i,-350.401306_791.588806i,0,1,0,0.00
1386871731,2,2,2,7353,-7.956960,0.000000,-2.093605,-1.690878,0.576297,-57.708714,-642.627930_580.020020i,-350.401306_791.588806i,0,1,0,0.00
1386871732,2,2,2,7353,-7.956960,0.000000,-2.093605,-1.797925,0.576297,-57.708714,-642.627930_580.020020i,-350.401306_791.588806i,0,1,0,0.00
1386871732,2,2,2,7353,-7.956960,0.000000,-2.093605,-1.877046,0.576297,-57.708714,-642.627930_580.020020i,-350.401306_791.588806i,0,1,0,0.00
1386871732,2,2,2,7353,-7.956960,0.000000,-2.093605,-1.932897,0.576297,-57.708714,-642.627930_580.020020i,-350.401306_791.588806i,0,1,0,0.00
1386871732,2,2,2,7353,-7.956960,0.000000,-2.093605,-1.974785,0.576297,-57.708714,-642.627930_580.020020i,-350.401306_791.588806i,0,1,0,0.00
1386871733,2,2,2,7353,-7.956960,0.000000,-2.093605,-2.007364,0.576297,-57.708714,-642.627930_580.020020i,-350.401306_791.588806i,0,1,0,0.00
1386871733,2,2,2,7353,-7.956960,0.000000,-2.093605,-2.030636,0.576297,-57.708714,-642.627930_580.020020i,-350.401306_791.588806i,0,1,0,0.00
1386871733,2,2,2,7353,-7.956960,0.000000,-2.093605,-2.049251,0.576297,-57.708714,-642.627930_580.020020i,-350.401306_791.588806i,0,1,0,0.00
1386871733,2,2,2,7353,-7.956960,0.000000,-2.093605,-2.063214,0.576297,-57.708714,-642.627930_580.020020i,-350.401306_791.588806i,0,1,0,0.00
1386871734,2,2,2,7353,-7.956960,0.000000,-2.093605,-2.072523,0.576297,-57.708714,-642.627930_580.020020i,-350.401306_791.588806i,0,1,0,0.00
1386871734,2,2,2,7353,-7.956960,0.000000,-2.093605,-2.077177,0.576297,-57.708714,-642.627930_580.020020i,-350.401306_791.588806i,0,1,0,0.00
1386871734,2,2,2,7353,-7.956960,0.000000,-2.093605,-2.081831,0.576297,-57.708714,-642.627930_580.020020i,-350.401306_791.588806i,0,1,0,0.00
1386871734,2,2,2,7353,-7.956960,0.000000,-2.093605,-2.086485,0.576297,-57.708714,-642.627930_580.020020i,-350.401306_791.588806i,0,1,0,0.00
1386871735,2,2,2,7353,-7.956960,0.000000,-2.093605,-2.086485,0.576297,-57.708714,-642.627930_580.020020i,-350.401306_791.588806i,0,1,0,0.00
1386871735,2,2,2,7353,-7.956960,0.000000,-2.093605,-2.086485,0.576297,-57.708714,-642.627930_580.020020i,-350.401306_791.588806i,0,1,0,0.00
1386871735,2,2,2,7353,-7.956960,0.000000,-2.093605,-2.086485,0.576297,-57.708714,-642.627930_580.020020i,-350.401306_791.588806i,0,1,0,0.00
1386871735,2,2,0,7353,-7.956960,0.000000,-2.093605,-2.086485,0.576297,-57.708714,-642.627930_580.020020i,-350.401306_791.588806i,0,1,0,0.00
1386871736,1,0,0,7,-3.332627,0.000000,2.530727,-2.086485,-0.442656,54.069660,-642.627930_580.020020i,-350.401306_791.588806i,0,1,0,0.00
1386871736,0,0,0,4,-3.332627,0.000000,2.530727,-2.249382,-0.442656,54.031746,-642.627930_580.020020i,-350.401306_791.588806i,0,1,0,0.00
1386871736,0,0,0,4,-3.332627,0.000000,2.530727,-2.412279,-0.442656,53.982014,-642.627930_580.020020i,-350.401306_791.588806i,0,1,0,0.00
1386871736,0,0,0,4,-3.332627,0.000000,2.530727,-2.575176,-0.442656,53.935860,-642.627930_580.020020i,-350.401306_791.588806i,0,1,0,0.00
1386871737,0,0,0,4,-3.332627,0.000000,2.530727,-2.738073,-0.442656,53.893147,-642.627930_580.020020i,-350.401306_791.588806i,0,1,0,0.00
1386871737,0,0,0,4,-3.332627,0.000000,2.530727,-2.900970,-0.442656,53.847775,-642.627930_580.020020i,-350.401306_791.588806i,0,1,0,0.00
1386871737,0,0,0,4,-3.332627,0.000000,2.530727,-3.063867,-0.442656,53.805695,-642.627930_580.020020i,-350.401306_791.588806i,0,1,0,0.00
1386871737,0,0,0,4,-3.332627,0.000000,2.530727,-3.226764,-0.442656,53.761894,-642.627930_580.020020i,-350.401306_791.588806i,0,1,0,0.00
1386871738,0,0,0,4,-3.332627,0.000000,2.530727,-3.366391,-0.442656,53.723179,-642.627930_580.020020i,-350.401306_791.588806i,0,1,0,0.00
1386871738,0,0,0,4,-3.332627,0.000000,2.530727,-3.468782,-0.442656,53.691357,-642.627930_580.020020i,-350.401306_791.588806i,0,1,0,0.00
1386871738,0,0,0,4,-3.332627,0.000000,2.530727,-3.543250,-0.442656,53.659603,-642.627930_580.020020i,-350.401306_791.588806i,0,1,0,0.00
1386871738,0,0,0,4,-3.332627,0.000000,2.530727,-3.599101,-0.442656,53.635563,-642.627930_580.020020i,-350.401306_791.588806i,0,1,0,0.00
1386871739,0,0,0,4,-3.332627,0.000000,2.530727,-3.640989,-0.442656,53.603897,-642.627930_580.020020i,-350.401306_791.588806i,0,1,0,0.00
1386871739,0,0,0,4,-3.332627,0.000000,2.530727,-3.668914,-0.442656,53.572296,-642.627930_580.020020i,-350.401306_791.588806i,0,1,0,0.00
1386871739,0,0,0,4,-3.332627,0.000000,2.530727,-3.692184,-0.442656,53.541714,-642.627930_580.020020i,-350.401306_791.588806i,0,1,0,0.00
1386871739,0,0,0,4,-3.332627,0.000000,2.530727,-3.706147,-0.442656,53.511196,-642.627930_580.020020i,-350.401306_791.588806i,0,1,0,0.00
1386871740,1,1,1,7353,-5.252490,0.000000,0.610865,-3.720110,-0.442656,53.479794,-642.627930_580.020020i,-350.401306_791.588806i,0,1,0,0.00
1386871740,1,1,1,7353,-5.252490,0.000000,0.610865,-3.557213,-0.442656,53.479794,-642.627930_580.020020i,-350.401306_791.588806i,0,1,0,0.00
1386871740,1,1,1,7353,-5.252490,0.000000,0.610865,-3.394315,-0.442656,53.479794,-642.627930_580.020020i,-350.401306_791.588806i,0,1,0,0.00
1386871740,1,1,1,7353,-5.252490,0.000000,0.610865,-3.231418,-0.442656,53.479794,-642.627930_580.020020i,-350.401306_791.588806i,0,1,0,0.00
1386871741,1,1,1,7353,-5.252490,0.000000,0.610865,-3.068521,-0.442656,53.479794,-642.627930_580.020020i,-350.401306_791.588806i,0,1,0,0.00
1386871741,1,1,1,7353,-5.252490,0.000000,0.610865,-2.905624,-0.442656,53.479794,-642.627930_580.020020i,-350.401306_791.588806i,0,1,0,0.00
1386871741,1,1,1,7353,-5.252490,0.000000,0.610865,-2.742727,-0.442656,53.479794,-642.627930_580.020020i,-350.401306_791.588806i,0,1,0,0.00
1386871742,1,1,1,7353,-5.252490,0.000000,0.610865,-2.579830,-0.442656,53.479794,-642.627930_580.020020i,-350.401306_791.588806i,0,1,0,0.00
1386871742,1,1,1,7353,-5.252490,0.000000,0.610865,-2.449512,-0.442656,53.479794,-642.627930_580.020020i,-350.401306_791.588806i,0,1,0,0.00
1386871742,1,1,1,7353,-5.252490,0.000000,0.610865,-2.356428,-0.442656,53.479794,-642.627930_580.020020i,-350.401306_791.588806i,0,1,0,0.00
1386871742,1,1,1,7353,-5.252490,0.000000,0.610865,-2.286615,-0.442656,53.479794,-642.627930_580.020020i,-350.401306_791.588806i,0,1,0,0.00
1386871743,1,1,1,7353,-5.252490,0.000000,0.610865,-2.235418,-0.442656,53.479794,-642.627930_580.020020i,-350.401306_791.588806i,0,1,0,0.00
1386871743,1,1,1,7353,-5.252490,0.000000,0.610865,-2.198184,-0.442656,53.479794,-642.627930_580.020020i,-350.401306_791.588806i,0,1,0,0.00
1386871743,1,1,1,7353,-5.252490,0.000000,0.610865,-2.170259,-0.442656,53.479794,-642.627930_580.020020i,-350.401306_791.588806i,0,1,0,0.00
1386871743,1,1,1,7353,-5.252490,0.000000,0.610865,-2.151643,-0.442656,53.479794,-642.627930_580.020020i,-350.401306_791.588806i,0,1,0,0.00
1386871744,1,1,1,7353,-5.252490,0.000000,0.610865,-2.137681,-0.442656,53.479794,-642.627930_580.020020i,-350.401306_791.588806i,0,1,0,0.00
1386871744,1,1,1,7353,-5.252490,0.000000,0.610865,-2.128372,-0.442656,53.479794,-642.627930_580.020020i,-350.401306_791.588806i,0,1,0,0.00
1386871744,1,1,1,7353,-5.252490,0.000000,0.610865,-2.119064,-0.442656,53.479794,-642.627930_580.020020i,-350.401306_791.588806i,0,1,0,0.00
1386871744,1,1,1,7353,-5.252490,0.000000,0.610865,-2.114409,-0.442656,53.479794,-642.627930_580.020020i,-350.401306_791.588806i,0,1,0,0.00
1386871745,1,1,1,7353,-5.252490,0.000000,0.610865,-2.109755,-0.442656,53.479794,-642.627930_580.020020i,-350.401306_791.588806i,0,1,0,0.00
1386871745,1,1,1,7353,-5.252490,0.000000,0.610865,-2.105101,-0.442656,53.479794,-642.627930_580.020020i,-350.401306_791.588806i,0,1,0,0.00
1386871745,1,1,1,7353,-5.252490,0.000000,0.610865,-2.100447,-0.442656,53.479794,-642.627930_580.020020i,-350.401306_791.588806i,0,1,0,0.00
1386871745,1,1,1,7353,-5.252490,0.000000,0.610865,-2.100447,-0.442656,53.479794,-642.627930_580.020020i,-350.401306_791.588806i,0,1,0,0.00
1386871746,1,1,1,7353,-5.252490,0.000000,0.610865,-2.100447,-0.442656,53.479794,-642.627930_580.020020i,-350.401306_791.588806i,0,1,0,0.00
1386871746,1,1,1,7353,-5.252490,0.000000,0.610865,-2.100447,-0.442656,53.479794,-642.627930_580.020020i,-350.401306_791.588806i,0,1,0,0.00
1386871746,1,1,1,7353,-5.252490,0.000000,0.610865,-2.100447,-0.442656,53.479794,-642.627930_580.020020i,-350.401306_791.588806i,0,1,0,0.00
1386871746,1,1,1,7353,-5.252490,0.000000,0.610865,-2.100447,-0.442656,53.479794,-642.627930_580.020020i,-350.401306_791.588806i,0,1,0,0.00
1386871747,1,1,1,7353,-5.252490,0.000000,0.610865,-2.100447,-0.442656,53.479794,-642.627930_580.020020i,-350.401306_791.588806i,0,1,0,0.00
1386871747,1,1,1,7353,-5.252490,0.000000,0.610865,-1.937550,-0.442656,53.479794,-642.627930_580.020020i,-350.401306_791.588806i,0,1,0,0.00
1386871747,1,1,1,7353,-5.252490,0.000000,0.610865,-1.774653,-0.442656,53.479794,-642.627930_580.020020i,-350.401306_791.588806i,0,1,0,0.00
1386871747,1,1,1,7353,-5.252490,0.000000,0.610865,-1.611756,-0.442656,53.479794,-642.627930_580.020020i,-350.401306_791.588806i,0,1,0,0.00
1386871748,1,1,1,7353,-5.252490,0.000000,0.610865,-1.462822,-0.442656,53.479794,-642.627930_580.020020i,-350.401306_791.588806i,0,1,0,0.00
1386871748,1,1,1,7353,-5.252490,0.000000,0.610865,-1.351121,-0.442656,53.479794,-642.627930_580.020020i,-350.401306_791.588806i,0,1,0,0.00
1386871748,1,1,1,7353,-5.252490,0.000000,0.610865,-1.271999,-0.442656,53.479794,-642.627930_580.020020i,-350.401306_791.588806i,0,1,0,0.00
1386871748,1,1,1,7353,-5.252490,0.000000,0.610865,-1.211494,-0.442656,53.479794,-642.627930_580.020020i,-350.401306_791.588806i,0,1,0,0.00
1386871749,1,1,1,7353,-5.252490,0.000000,0.610865,-1.169606,-0.442656,53.479794,-642.627930_580.020020i,-350.401306_791.588806i,0,1,0,0.00
1386871749,1,1,1,7353,-5.252490,0.000000,0.610865,-1.137026,-0.442656,53.479794,-642.627930_580.020020i,-350.401306_791.588806i,0,1,0,0.00
1386871749,1,1,1,7353,-5.252490,0.000000,0.610865,-1.113756,-0.442656,53.479794,-642.627930_580.020020i,-350.401306_791.588806i,0,1,0,0.00
1386871749,1,1,1,7353,-5.252490,0.000000,0.610865,-1.095138,-0.442656,53.479794,-642.627930_580.020020i,-350.401306_791.588806i,0,1,0,0.00
1386871750,1,1,1,7353,-5.252490,0.000000,0.610865,-1.081176,-0.442656,53.479794,-642.627930_580.020020i,-350.401306_791.588806i,0,1,0,0.00
1386871750,1,1,1,7353,-5.252490,0.000000,0.610865,-1.071868,-0.442656,53.479794,-642.627930_580.020020i,-350.401306_791.588806i,0,1,0,0.00
1386871750,1,1,1,7353,-5.252490,0.000000,0.610865,-1.067214,-0.442656,53.479794,-642.627930_580.020020i,-350.401306_791.588806i,0,1,0,0.00
1386871750,1,1,1,7353,-5.252490,0.000000,0.610865,-1.062560,-0.442656,53.479794,-642.627930_580.020020i,-350.401306_791.588806i,0,1,0,0.00
1386871751,1,1,1,7353,-5.252490,0.000000,0.610865,-1.057906,-0.442656,53.479794,-642.627930_580.020020i,-350.401306_791.588806i,0,1,0,0.00
1386871751,1,1,1,7353,-5.252490,0.000000,0.610865,-1.053251,-0.442656,53.479794,-642.627930_580.020020i,-350.401306_791.588806i,0,1,0,0.00
1386871751,1,1,1,7353,-5.252490,0.000000,0.610865,-1.053251,-0.442656,53.479794,-642.627930_580.020020i,-350.401306_791.588806i,0,1,0,0.00
1386871751,1,1,1,7353,-5.252490,0.000000,0.610865,-1.053251,-0.442656,53.479794,-642.627930_580.020020i,-350.401306_791.588806i,0,1,0,0.00
1386871752,1,1,0,7353,-5.252490,0.000000,0.610865,-1.053251,-0.442656,53.479794,-642.627930_580.020020i,-350.401306_791.588806i,0,1,0,0.00
1386871752,0,0,0,6,-5.252490,0.000000,0.610865,-0.890354,-0.442656,52.602741,-642.627930_580.020020i,-350.401306_791.588806i,0,1,0,0.00
1386871752,0,0,0,6,-5.252490,0.000000,0.610865,-0.727456,-0.442656,52.617321,-642.627930_580.020020i,-350.401306_791.588806i,0,1,0,0.00
1386871752,0,0,0,6,-5.252490,0.000000,0.610865,-0.564559,-0.442656,52.638439,-642.627930_580.020020i,-350.401306_791.588806i,0,1,0,0.00
1386871753,0,0,0,6,-5.252490,0.000000,0.610865,-0.401661,-0.442656,52.669579,-642.627930_580.020020i,-350.401306_791.588806i,0,1,0,0.00
1386871753,0,0,0,6,-5.252490,0.000000,0.610865,-0.238763,-0.442656,52.695019,-642.627930_580.020020i,-350.401306_791.588806i,0,1,0,0.00
1386871753,0,0,0,6,-5.252490,0.000000,0.610865,-0.075866,-0.442656,52.724003,-642.627930_580.020020i,-350.401306_791.588806i,0,1,0,0.00
1386871753,0,0,0,6,-5.252490,0.000000,0.610865,0.087032,-0.442656,52.757408,-642.627930_580.020020i,-350.401306_791.588806i,0,1,0,0.00
1386871754,0,0,0,6,-5.252490,0.000000,0.610865,0.226658,-0.442656,52.793747,-642.627930_580.020020i,-350.401306_791.588806i,0,1,0,0.00
1386871754,0,0,0,6,-5.252490,0.000000,0.610865,0.329051,-0.442656,52.833935,-642.627930_580.020020i,-350.401306_791.588806i,0,1,0,0.00
1386871754,0,0,0,6,-5.252490,0.000000,0.610865,0.403518,-0.442656,52.872833,-642.627930_580.020020i,-350.401306_791.588806i,0,1,0,0.00
1386871754,0,0,0,6,-5.252490,0.000000,0.610865,0.459369,-0.442656,52.905918,-642.627930_580.020020i,-350.401306_791.588806i,0,1,0,0.00
1386871755,0,0,0,6,-5.252490,0.000000,0.610865,0.501257,-0.442656,52.943760,-642.627930_580.020020i,-350.401306_791.588806i,0,1,0,0.00
1386871755,0,0,0,6,-5.252490,0.000000,0.610865,0.529182,-0.442656,52.981079,-642.627930_580.020020i,-350.401306_791.588806i,0,1,0,0.00
1386871755,0,0,0,6,-5.252490,0.000000,0.610865,0.552453,-0.442656,53.017868,-642.627930_580.020020i,-350.401306_791.588806i,0,1,0,0.00
1386871755,0,0,0,6,-5.252490,0.000000,0.610865,0.566416,-0.442656,53.054951,-642.627930_580.020020i,-350.401306_791.588806i,0,1,0,0.00
1386871756,0,0,0,6,-5.252490,0.000000,0.610865,0.580378,-0.442656,53.091480,-642.627930_580.020020i,-350.401306_791.588806i,0,1,0,0.00
1386871756,0,0,0,6,-5.252490,0.000000,0.610865,0.589686,-0.442656,53.128296,-642.627930_580.020020i,-350.401306_791.588806i,0,1,0,0.00
1386871756,0,0,0,6,-5.252490,0.000000,0.610865,0.594341,-0.442656,53.166256,-642.627930_580.020020i,-350.401306_791.588806i,0,1,0,0.00
1386871756,0,0,0,6,-5.252490,0.000000,0.610865,0.598995,-0.442656,53.197922,-642.627930_580.020020i,-350.401306_791.588806i,0,1,0,0.00
1386871757,0,0,0,6,-5.252490,0.000000,0.610865,0.603649,-0.442656,53.235558,-642.627930_580.020020i,-350.401306_791.588806i,0,1,0,0.00
1386871757,0,0,0,6,-5.252490,0.000000,0.610865,0.603649,-0.442656,53.273487,-642.627930_580.020020i,-350.401306_791.588806i,0,1,0,0.00
1386871757,0,0,0,6,-5.252490,0.000000,0.610865,0.603649,-0.442656,53.311710,-642.627930_580.020020i,-350.401306_791.588806i,0,1,0,0.00
1386871757,0,0,0,6,-5.252490,0.000000,0.610865,0.603649,-0.442656,53.350227,-642.627930_580.020020i,-350.401306_791.588806i,0,1,0,0.00
1386871758,0,0,0,6,-5.252490,0.000000,0.610865,0.603649,-0.442656,53.395042,-642.627930_580.020020i,-350.401306_791.588806i,0,1,0,0.00
1386871758,0,0,0,6,-5.252490,0.000000,0.610865,0.603649,-0.442656,53.434208,-642.627930_580.020020i,-350.401306_791.588806i,0,1,0,0.00
1386871758,0,0,0,6,-5.252490,0.000000,0.610865,0.603649,-0.442656,53.473671,-642.627930_580.020020i,-350.401306_791.588806i,0,1,0,0.00
1386871758,0,0,0,6,-5.252490,0.000000,0.610865,0.603649,-0.442656,53.507263,-642.627930_580.020020i,-350.401306_791.588806i,0,1,0,0.00
1386871759,0,0,0,6,-5.252490,0.000000,0.610865,0.603649,-0.442656,53.547272,-642.627930_580.020020i,-350.401306_791.588806i,0,1,0,0.00
1386871759,0,0,0,6,-5.252490,0.000000,0.610865,0.603649,-0.442656,53.587582,-642.627930_580.020020i,-350.401306_791.588806i,0,1,0,0.00
1386871759,0,0,0,6,-5.252490,0.000000,0.610865,0.603649,-0.442656,53.628197,-642.627930_580.020020i,-350.401306_791.588806i,0,1,0,0.00
1386871759,0,0,0,6,-5.252490,0.000000,0.610865,0.603649,-0.442656,53.669121,-642.627930_580.020020i,-350.401306_791.588806i,0,1,0,0.00
1386871760,0,0,0,6,-5.252490,0.000000,0.610865,0.603649,-0.442656,53.716797,-642.627930_580.020020i,-350.401306_791.588806i,0,1,0,0.00
1386871760,0,0,0,6,-5.252490,0.000000,0.610865,0.603649,-0.442656,53.758392,-642.627930_580.020020i,-350.401306_791.588806i,0,1,0,0.00
1386871760,0,0,0,6,-5.252490,0.000000,0.610865,0.603649,-0.442656,53.800297,-642.627930_580.020020i,-350.401306_791.588806i,0,1,0,0.00
1386871760,0,0,0,6,-5.252490,0.000000,0.610865,0.603649,-0.442656,53.849148,-642.627930_580.020020i,-350.401306_791.588806i,0,1,0,0.00
1386871761,0,0,0,6,-5.252490,0.000000,0.610865,0.603649,-0.442656,53.891735,-642.627930_580.020020i,-350.401306_791.588806i,0,1,0,0.00
1386871761,0,0,0,6,-5.252490,0.000000,0.610865,0.603649,-0.442656,53.934639,-642.627930_580.020020i,-350.401306_791.588806i,0,1,0,0.00
1386871761,0,0,0,6,-5.252490,0.000000,0.610865,0.603649,-0.442656,53.984684,-642.627930_580.020020i,-350.401306_791.588806i,0,1,0,0.00
1386871761,0,0,0,6,-5.252490,0.000000,0.610865,0.603649,-0.442656,54.028278,-642.627930_580.020020i,-350.401306_791.588806i,0,1,0,0.00
1386871762,0,0,0,6,-5.252490,0.000000,0.610865,0.603649,-0.442656,54.072193,-642.627930_580.020020i,-350.401306_791.588806i,0,1,0,0.00
1386871762,0,0,0,6,-5.252490,0.000000,0.610865,0.603649,-0.442656,54.123447,-642.627930_580.020020i,-350.401306_791.588806i,0,1,0,0.00
1386871762,0,0,0,6,-5.252490,0.000000,0.610865,0.603649,-0.442656,54.168068,-642.627930_580.020020i,-350.401306_791.588806i,0,1,0,0.00
1386871762,0,0,0,6,-5.252490,0.000000,0.610865,0.603649,-0.442656,54.213013,-642.627930_580.020020i,-350.401306_791.588806i,0,1,0,0.00
1386871763,0,0,0,6,-5.252490,0.000000,0.610865,0.603649,-0.442656,54.251076,-642.627930_580.020020i,-350.401306_791.588806i,0,1,0,0.00
1386871763,0,0,0,6,-5.252490,0.000000,0.610865,0.603649,-0.442656,54.296608,-642.627930_580.020020i,-350.401306_791.588806i,0,1,0,0.00
1386871763,0,0,0,6,-5.252490,0.000000,0.610865,0.603649,-0.442656,54.342472,-642.627930_580.020020i,-350.401306_791.588806i,0,1,0,0.00
1386871763,0,0,0,6,-5.252490,0.000000,0.610865,0.603649,-0.442656,54.388660,-642.627930_580.020020i,-350.401306_791.588806i,0,1,0,0.00
1386871764,0,0,0,6,-5.252490,0.000000,0.610865,0.603649,-0.442656,54.435184,-642.627930_580.020020i,-350.401306_791.588806i,0,1,0,0.00
1386871764,0,0,0,6,-5.252490,0.000000,0.610865,0.603649,-0.442656,54.489559,-642.627930_580.020020i,-350.401306_791.588806i,0,1,0,0.00
1386871764,0,0,0,6,-5.252490,0.000000,0.610865,0.603649,-0.442656,54.537819,-642.627930_580.020020i,-350.401306_791.588806i,0,1,0,0.00
1386871764,0,0,0,6,-5.252490,0.000000,0.610865,0.603649,-0.442656,54.585415,-642.627930_580.020020i,-350.401306_791.588806i,0,1,0,0.00
1386871765,0,0,0,6,-5.252490,0.000000,0.610865,0.603649,-0.442656,54.641075,-642.627930_580.020020i,-350.401306_791.588806i,0,1,0,0.00
1386871765,0,0,0,6,-5.252490,0.000000,0.610865,0.603649,-0.442656,54.689411,-642.627930_580.020020i,-350.401306_791.588806i,0,1,0,0.00
1386871765,0,0,0,6,-5.252490,0.000000,0.610865,0.603649,-0.442656,54.738091,-642.627930_580.020020i,-350.401306_791.588806i,0,1,0,0.00
1386871765,0,0,0,6,-5.252490,0.000000,0.610865,0.603649,-0.442656,54.795048,-642.627930_580.020020i,-350.401306_791.588806i,0,1,0,0.00
1386871766,0,0,0,6,-5.252490,0.000000,0.610865,0.603649,-0.442656,54.844482,-642.627930_580.020020i,-350.401306_791.588806i,0,1,0,0.00
1386871766,0,0,0,6,-5.252490,0.000000,0.610865,0.603649,-0.442656,54.894257,-642.627930_580.020020i,-350.401306_791.588806i,0,1,0,0.00
1386871766,0,0,0,6,-5.252490,0.000000,0.610865,0.603649,-0.442656,54.936241,-642.627930_580.020020i,-350.401306_791.588806i,0,1,0,0.00
1386871766,0,0,0,6,-5.252490,0.000000,0.610865,0.603649,-0.442656,54.986649,-642.627930_580.020020i,-350.401306_791.588806i,0,1,0,0.00
1386871767,0,0,0,6,-5.252490,0.000000,0.610865,0.603649,-0.442656,55.037407,-642.627930_580.020020i,-350.401306_791.588806i,0,1,0,0.00
1386871767,0,0,0,6,-5.252490,0.000000,0.610865,0.603649,-0.442656,55.088509,-642.627930_580.020020i,-350.401306_791.588806i,0,1,0,0.00
1386871767,0,0,0,6,-5.252490,0.000000,0.610865,0.603649,-0.442656,55.139973,-642.627930_580.020020i,-350.401306_791.588806i,0,1,0,0.00
1386871767,0,0,0,6,-5.252490,0.000000,0.610865,0.603649,-0.442656,55.200279,-642.627930_580.020020i,-350.401306_791.588806i,0,1,0,0.00
1386871768,0,0,0,6,-5.252490,0.000000,0.610865,0.603649,-0.442656,55.252522,-642.627930_580.020020i,-350.401306_791.588806i,0,1,0,0.00
1386871768,0,0,0,6,-5.252490,0.000000,0.610865,0.603649,-0.442656,55.305126,-642.627930_580.020020i,-350.401306_791.588806i,0,1,0,0.00
1386871768,0,0,0,6,-5.252490,0.000000,0.610865,0.603649,-0.442656,55.366802,-642.627930_580.020020i,-350.401306_791.588806i,0,1,0,0.00
1386871768,0,0,0,6,-5.252490,0.000000,0.610865,0.603649,-0.442656,55.420197,-642.627930_580.020020i,-350.401306_791.588806i,0,1,0,0.00
1386871769,0,0,0,6,-5.252490,0.000000,0.610865,0.603649,-0.442656,55.473957,-642.627930_580.020020i,-350.401306_791.588806i,0,1,0,0.00
1386871769,0,0,0,6,-5.252490,0.000000,0.610865,0.603649,-0.442656,55.537029,-642.627930_580.020020i,-350.401306_791.588806i,0,1,0,0.00
1386871769,0,0,0,6,-5.252490,0.000000,0.610865,0.603649,-0.442656,55.591591,-642.627930_580.020020i,-350.401306_791.588806i,0,1,0,0.00
1386871770,0,0,0,6,-5.252490,0.000000,0.610865,0.603649,-0.442656,55.646530,-642.627930_580.020020i,-350.401306_791.588806i,0,1,0,0.00
1386871770,0,0,0,6,-5.252490,0.000000,0.610865,0.603649,-0.442656,55.692669,-642.627930_580.020020i,-350.401306_791.588806i,0,1,0,0.00
1386871770,0,0,0,6,-5.252490,0.000000,0.610865,0.603649,-0.442656,55.748264,-642.627930_580.020020i,-350.401306_791.588806i,0,1,0,0.00
1386871770,0,0,0,6,-5.252490,0.000000,0.610865,0.603649,-0.442656,55.804245,-642.627930_580.020020i,-350.401306_791.588806i,0,1,0,0.00
1386871771,0,0,0,6,-5.252490,0.000000,0.610865,0.603649,-0.442656,55.860600,-642.627930_580.020020i,-350.401306_791.588806i,0,1,0,0.00
1386871771,0,0,0,6,-5.252490,0.000000,0.610865,0.603649,-0.442656,55.917324,-642.627930_580.020020i,-350.401306_791.588806i,0,1,0,0.00
1386871771,0,0,0,6,-5.252490,0.000000,0.610865,0.603649,-0.442656,55.983978,-642.627930_580.020020i,-350.401306_791.588806i,0,1,0,0.00
1386871771,0,0,0,6,-5.252490,0.000000,0.610865,0.603649,-0.442656,56.041538,-642.627930_580.020020i,-350.401306_791.588806i,0,1,0,0.00
1386871772,1,2,2,7353,-3.332627,0.000000,2.530727,0.603649,-0.442656,56.100620,-642.627930_580.020020i,-350.401306_791.588806i,0,1,0,0.00
1386871772,2,2,2,7353,-3.332627,0.000000,2.530727,0.440751,-0.442656,56.100620,-642.627930_580.020020i,-350.401306_791.588806i,0,1,0,0.00
1386871772,2,2,2,7353,-3.332627,0.000000,2.530727,0.277854,-0.442656,56.100620,-642.627930_580.020020i,-350.401306_791.588806i,0,1,0,0.00
1386871772,2,2,2,7353,-3.332627,0.000000,2.530727,0.114956,-0.442656,56.100620,-642.627930_580.020020i,-350.401306_791.588806i,0,1,0,0.00
1386871773,2,2,2,7353,-3.332627,0.000000,2.530727,-0.047941,-0.442656,56.100620,-642.627930_580.020020i,-350.401306_791.588806i,0,1,0,0.00
1386871773,2,2,2,7353,-3.332627,0.000000,2.530727,-0.210839,-0.442656,56.100620,-642.627930_580.020020i,-350.401306_791.588806i,0,1,0,0.00
