MCU_timestamp,sig1,sig2,sig3,fa_debug,theta_d1,theta_d,theta_d1_b,theta_b,a_x,b_x,X_b,X_T_b,sail_hc_periods,sail_hc_direction,sail_hc_val,sail_hc_MEAN_V,act_history,jibe_status
1386966086,0,0,0,0,0.000000,0.000000,0.000000,0.000000,0.000000,0.000000,0.000000_0.000000i,0.000000_0.000000i,0,1,0,0.00,0.30,1
1386966086,0,0,0,0,0.000000,0.000000,0.000000,0.000000,0.000000,0.000000,0.000000_0.000000i,0.000000_0.000000i,0,1,0,0.00,0.30,1
1386966087,0,0,0,0,0.000000,0.000000,0.000000,0.000000,0.000000,0.000000,0.000000_0.000000i,0.000000_0.000000i,0,1,0,0.00,0.30,1
1386966087,0,0,0,0,0.000000,0.000000,0.000000,0.000000,0.000000,0.000000,0.000000_0.000000i,0.000000_0.000000i,0,1,0,0.00,0.30,1
1386966087,0,0,0,0,0.000000,0.000000,0.000000,0.000000,0.000000,0.000000,0.000000_0.000000i,0.000000_0.000000i,0,1,0,0.00,0.30,1
1386966087,0,0,0,0,0.000000,0.000000,0.000000,0.000000,0.000000,0.000000,0.000000_0.000000i,0.000000_0.000000i,0,1,0,0.00,0.30,1
1386966088,0,0,0,0,0.000000,0.000000,0.000000,0.000000,0.000000,0.000000,0.000000_0.000000i,0.000000_0.000000i,0,1,0,0.00,0.30,1
1386966088,0,0,0,0,0.000000,0.000000,0.000000,0.000000,0.000000,0.000000,0.000000_0.000000i,0.000000_0.000000i,0,1,0,0.00,0.30,1
1386966088,0,0,0,0,0.000000,0.000000,0.000000,0.000000,0.000000,0.000000,0.000000_0.000000i,0.000000_0.000000i,0,1,0,0.00,0.30,1
1386966088,0,0,0,0,0.000000,0.000000,0.000000,0.000000,0.000000,0.000000,0.000000_0.000000i,0.000000_0.000000i,0,1,0,0.00,0.30,1
1386966089,0,0,0,0,0.000000,0.000000,0.000000,0.000000,0.000000,0.000000,0.000000_0.000000i,0.000000_0.000000i,0,1,0,0.00,0.30,1
1386966089,0,0,0,0,0.000000,0.000000,0.000000,0.000000,0.000000,0.000000,0.000000_0.000000i,0.000000_0.000000i,0,1,0,0.00,0.30,1
1386966089,0,0,0,0,0.000000,0.000000,0.000000,0.000000,0.000000,0.000000,0.000000_0.000000i,0.000000_0.000000i,0,1,0,0.00,0.30,1
1386966089,0,0,0,0,0.000000,0.000000,0.000000,0.000000,0.000000,0.000000,0.000000_0.000000i,0.000000_0.000000i,0,1,0,0.00,0.30,1
1386966090,0,0,0,0,0.000000,0.000000,0.000000,0.000000,0.000000,0.000000,0.000000_0.000000i,0.000000_0.000000i,0,1,0,0.00,0.30,1
1386966090,0,0,0,0,0.000000,0.000000,0.000000,0.000000,0.000000,0.000000,0.000000_0.000000i,0.000000_0.000000i,0,1,0,0.00,0.30,1
1386966090,0,0,0,0,0.000000,0.000000,0.000000,0.000000,0.000000,0.000000,0.000000_0.000000i,0.000000_0.000000i,0,1,0,0.00,0.30,1
1386966091,0,0,0,0,0.000000,0.000000,0.000000,0.000000,0.000000,0.000000,0.000000_0.000000i,0.000000_0.000000i,0,1,0,0.00,0.30,1
1386966091,0,0,0,0,0.000000,0.000000,0.000000,0.000000,0.000000,0.000000,0.000000_0.000000i,0.000000_0.000000i,0,1,0,0.00,0.30,1
1386966091,0,0,0,0,0.000000,0.000000,0.000000,0.000000,0.000000,0.000000,0.000000_0.000000i,0.000000_0.000000i,0,1,0,0.00,0.30,1
1386966091,0,0,0,0,0.000000,0.000000,0.000000,0.000000,0.000000,0.000000,0.000000_0.000000i,0.000000_0.000000i,0,1,0,0.00,0.30,1
1386966092,0,0,0,0,0.000000,0.000000,0.000000,0.000000,0.000000,0.000000,0.000000_0.000000i,0.000000_0.000000i,0,1,0,0.00,0.30,1
1386966092,0,0,0,0,0.000000,0.000000,0.000000,0.000000,0.000000,0.000000,0.000000_0.000000i,0.000000_0.000000i,0,1,0,0.00,0.30,1
1386966092,0,0,0,0,0.000000,0.000000,0.000000,0.000000,0.000000,0.000000,0.000000_0.000000i,0.000000_0.000000i,0,1,0,0.00,0.30,1
1386966092,0,0,0,0,0.000000,0.000000,0.000000,0.000000,0.000000,0.000000,0.000000_0.000000i,0.000000_0.000000i,0,1,0,0.00,0.30,1
1386966093,0,0,0,0,0.000000,0.000000,0.000000,0.000000,0.000000,0.000000,0.000000_0.000000i,0.000000_0.000000i,0,1,0,0.00,0.30,1
1386966093,0,0,0,0,0.000000,0.000000,0.000000,0.000000,0.000000,0.000000,0.000000_0.000000i,0.000000_0.000000i,0,1,0,0.00,0.30,1
1386966093,0,0,0,0,0.000000,0.000000,0.000000,0.000000,0.000000,0.000000,0.000000_0.000000i,0.000000_0.000000i,0,1,0,0.00,0.30,1
1386966093,0,0,0,0,0.000000,0.000000,0.000000,0.000000,0.000000,0.000000,0.000000_0.000000i,0.000000_0.000000i,0,1,0,0.00,0.30,1
1386966094,0,0,0,0,0.000000,0.000000,0.000000,0.000000,0.000000,0.000000,0.000000_0.000000i,0.000000_0.000000i,0,1,0,0.00,0.30,1
1386966094,0,0,0,0,0.000000,0.000000,0.000000,0.000000,0.000000,0.000000,0.000000_0.000000i,0.000000_0.000000i,0,1,0,0.00,0.30,1
1386966094,0,0,0,0,0.000000,0.000000,0.000000,0.000000,0.000000,0.000000,0.000000_0.000000i,0.000000_0.000000i,0,1,0,0.00,0.30,1
1386966094,0,0,0,0,0.000000,0.000000,0.000000,0.000000,0.000000,0.000000,0.000000_0.000000i,0.000000_0.000000i,0,1,0,0.00,0.30,1
1386966095,0,0,0,0,0.000000,0.000000,0.000000,0.000000,0.000000,0.000000,0.000000_0.000000i,0.000000_0.000000i,0,1,0,0.00,0.30,1
1386966095,0,0,0,0,0.000000,0.000000,0.000000,0.000000,0.000000,0.000000,0.000000_0.000000i,0.000000_0.000000i,0,1,0,0.00,0.30,1
1386966095,0,0,0,0,0.000000,0.000000,0.000000,0.000000,0.000000,0.000000,0.000000_0.000000i,0.000000_0.000000i,0,1,0,0.00,0.30,1
1386966095,0,0,0,0,0.000000,0.000000,0.000000,0.000000,0.000000,0.000000,0.000000_0.000000i,0.000000_0.000000i,0,1,0,0.00,0.30,1
1386966096,0,0,0,0,0.000000,0.000000,0.000000,0.000000,0.000000,0.000000,0.000000_0.000000i,0.000000_0.000000i,0,1,0,0.00,0.30,1
1386966096,0,0,0,0,0.000000,0.000000,0.000000,0.000000,0.000000,0.000000,0.000000_0.000000i,0.000000_0.000000i,0,1,0,0.00,0.30,1
1386966096,0,0,0,0,0.000000,0.000000,0.000000,0.000000,0.000000,0.000000,0.000000_0.000000i,0.000000_0.000000i,0,1,0,0.00,0.30,1
1386966096,0,0,0,0,0.000000,0.000000,0.000000,0.000000,0.000000,0.000000,0.000000_0.000000i,0.000000_0.000000i,0,1,0,0.00,0.30,1
1386966097,0,0,0,0,0.000000,0.000000,0.000000,0.000000,0.000000,0.000000,0.000000_0.000000i,0.000000_0.000000i,0,1,0,0.00,0.30,1
1386966097,0,0,0,0,0.000000,0.000000,0.000000,0.000000,0.000000,0.000000,0.000000_0.000000i,0.000000_0.000000i,0,1,0,0.00,0.30,1
1386966097,0,0,0,0,0.000000,0.000000,0.000000,0.000000,0.000000,0.000000,0.000000_0.000000i,0.000000_0.000000i,0,1,0,0.00,0.30,1
1386966097,1,0,0,8,0.593412,0.000000,0.610865,-140.442352,1.458616,88.424553,10.877499_7.181602i,10.750505_7.370347i,0,1,0,0.00,0.48,1
1386966098,0,0,0,6,0.593412,0.000000,0.610865,-140.238739,1.458616,88.424553,10.877499_7.181602i,10.750505_7.370347i,0,1,0,0.00,0.65,1
1386966098,0,0,0,6,0.593412,0.000000,0.610865,-140.035126,1.458616,88.424553,10.877499_7.181602i,10.750505_7.370347i,0,1,0,0.00,0.83,1
1386966098,0,0,0,6,0.593412,0.000000,0.610865,-139.831497,1.458616,88.424553,10.877499_7.181602i,10.750505_7.370347i,0,1,0,0.00,1.00,1
1386966098,0,0,0,6,0.593412,0.000000,0.610865,-139.627884,1.458616,88.424553,10.877499_7.181602i,10.750505_7.370347i,0,1,0,0.00,1.17,1
1386966099,0,0,0,6,0.593412,0.000000,0.610865,-139.424271,1.458616,88.424553,10.877499_7.181602i,10.750505_7.370347i,0,1,0,0.00,1.35,1
1386966099,0,0,0,6,0.593412,0.000000,0.610865,-139.220642,1.458616,88.424553,10.877499_7.181602i,10.750505_7.370347i,0,1,0,0.00,1.52,1
1386966099,0,0,0,6,0.593412,0.000000,0.610865,-139.017029,1.458616,88.424553,10.877499_7.181602i,10.750505_7.370347i,0,1,0,0.00,1.70,1
1386966099,0,0,0,6,0.593412,0.000000,0.610865,-138.813416,1.458616,88.424553,10.877499_7.181602i,10.750505_7.370347i,0,1,0,0.00,1.87,1
1386966100,0,0,0,6,0.593412,0.000000,0.610865,-138.609787,1.458616,88.424553,10.877499_7.181602i,10.750505_7.370347i,0,1,0,0.00,2.05,1
1386966100,0,0,0,6,0.593412,0.000000,0.610865,-138.406174,1.458616,88.424553,10.877499_7.181602i,10.750505_7.370347i,0,1,0,0.00,2.22,1
1386966100,0,0,0,6,0.593412,0.000000,0.610865,-138.202545,1.458616,88.424553,10.877499_7.181602i,10.750505_7.370347i,0,1,0,0.00,2.40,1
1386966100,0,0,0,6,0.593412,0.000000,0.610865,-138.010559,1.458616,88.424553,10.877499_7.181602i,10.750505_7.370347i,0,1,0,0.00,2.57,1
1386966101,0,0,0,6,0.593412,0.000000,0.610865,-137.882568,1.458616,88.424553,10.877499_7.181602i,10.750505_7.370347i,0,1,0,0.00,2.75,1
1386966101,0,0,0,6,0.593412,0.000000,0.610865,-137.795303,1.458616,88.424553,10.877499_7.181602i,10.750505_7.370347i,0,1,0,0.00,2.92,1
1386966101,0,0,0,6,0.593412,0.000000,0.610865,-137.737122,1.458616,88.424553,10.877499_7.181602i,10.750505_7.370347i,0,1,0,0.00,3.10,1
1386966101,0,0,0,6,0.593412,0.000000,0.610865,-137.696396,1.458616,88.424553,10.877499_7.181602i,10.750505_7.370347i,0,1,0,0.00,3.27,1
1386966102,0,0,0,6,0.593412,0.000000,0.610865,-137.673126,1.458616,88.424553,10.877499_7.181602i,10.750505_7.370347i,0,1,0,0.00,3.45,1
1386966102,0,0,0,6,0.593412,0.000000,0.610865,-137.655670,1.458616,88.424553,10.877499_7.181602i,10.750505_7.370347i,0,1,0,0.00,3.62,1
1386966102,0,0,0,6,0.593412,0.000000,0.610865,-137.644043,1.458616,88.424553,10.877499_7.181602i,10.750505_7.370347i,0,1,0,0.00,3.80,1
1386966102,0,0,0,6,0.593412,0.000000,0.610865,-137.638214,1.458616,88.424553,10.877499_7.181602i,10.750505_7.370347i,0,1,0,0.00,3.97,1
1386966103,0,0,0,6,0.593412,0.000000,0.610865,-137.632401,1.458616,88.424553,10.877499_7.181602i,10.750505_7.370347i,0,1,0,0.00,4.15,1
1386966103,0,0,0,6,0.593412,0.000000,0.610865,-137.626572,1.458616,88.424553,10.877499_7.181602i,10.750505_7.370347i,0,1,0,0.00,4.32,1
1386966103,0,0,0,6,0.593412,0.000000,0.610865,-137.626572,1.458616,88.424553,10.877499_7.181602i,10.750505_7.370347i,0,1,0,0.00,4.50,1
1386966103,0,0,0,6,0.593412,0.000000,0.610865,-137.626572,1.458616,88.424553,10.877499_7.181602i,10.750505_7.370347i,0,1,0,0.00,4.68,1
1386966104,0,0,0,6,0.593412,0.000000,0.610865,-137.626572,1.458616,88.424553,10.877499_7.181602i,10.750505_7.370347i,0,1,0,0.00,4.60,1
1386966104,0,0,0,6,0.593412,0.000000,0.610865,-137.626572,1.458616,88.424553,10.877499_7.181602i,10.750505_7.370347i,0,1,0,0.00,4.53,1
1386966104,1,0,0,2,2.903897,0.000000,2.921350,-137.626572,1.458616,88.424553,10.877499_7.181602i,10.750505_7.370347i,0,1,0,0.00,4.45,1
1386966104,1,0,0,2,2.974555,0.000000,2.992008,-137.422958,1.458616,88.424553,10.877499_7.181602i,10.750505_7.370347i,0,1,0,0.00,4.38,1
1386966105,1,0,0,2,3.038560,0.000000,3.056013,-137.219345,1.458616,88.424553,10.877499_7.181602i,10.750505_7.370347i,0,1,0,0.00,4.30,1
1386966105,1,0,0,2,3.112797,0.000000,3.130250,-137.015717,1.458616,88.424553,10.877499_7.181602i,10.750505_7.370347i,0,1,0,0.00,4.23,1
1386966105,1,0,0,2,-3.098946,0.000000,-3.081493,-136.812103,1.458616,88.424553,10.877499_7.181602i,10.750505_7.370347i,0,1,0,0.00,4.15,1
1386966105,1,0,0,2,-3.028055,0.000000,-3.010602,-136.608475,1.458616,88.424553,10.877499_7.181602i,10.750505_7.370347i,0,1,0,0.00,4.08,1
1386966106,1,0,0,2,-2.969757,0.000000,-2.952304,-136.404861,1.458616,88.424553,10.877499_7.181602i,10.750505_7.370347i,0,1,0,0.00,4.00,1
1386966106,1,0,0,2,-2.893533,0.000000,-2.876080,-136.201248,1.458616,88.424553,10.877499_7.181602i,10.750505_7.370347i,0,1,0,0.00,3.93,1
1386966106,1,0,0,2,-2.825585,0.000000,-2.808132,-135.997620,1.458616,88.424553,10.877499_7.181602i,10.750505_7.370347i,0,1,0,0.00,3.85,1
1386966106,1,0,0,2,-2.765382,0.000000,-2.747929,-135.794006,1.458616,88.424553,10.877499_7.181602i,10.750505_7.370347i,0,1,0,0.00,3.78,1
1386966107,1,0,0,2,-2.696217,0.000000,-2.678763,-135.590393,1.458616,88.424553,10.877499_7.181602i,10.750505_7.370347i,0,1,0,0.00,3.95,1
1386966107,1,0,0,2,-2.648262,0.000000,-2.630809,-135.386765,1.458616,88.424553,10.877499_7.181602i,10.750505_7.370347i,0,1,0,0.00,4.13,1
1386966107,1,0,0,2,-2.607125,0.000000,-2.589671,-135.183151,1.458616,88.424553,10.877499_7.181602i,10.750505_7.370347i,0,1,0,0.00,4.30,1
1386966107,1,0,0,2,-2.575932,0.000000,-2.558479,-134.979523,1.458616,88.424553,10.877499_7.181602i,10.750505_7.370347i,0,1,0,0.00,4.48,1
1386966108,1,0,0,2,-2.558475,0.000000,-2.541022,-134.822449,1.458616,88.424553,10.877499_7.181602i,10.750505_7.370347i,0,1,0,0.00,4.65,1
1386966108,1,0,0,2,-2.520782,0.000000,-2.503329,-134.711914,1.458616,88.424553,10.877499_7.181602i,10.750505_7.370347i,0,1,0,0.00,4.83,1
1386966108,1,0,0,2,-2.496241,0.000000,-2.478788,-134.624649,1.458616,88.424553,10.877499_7.181602i,10.750505_7.370347i,0,1,0,0.00,5.00,1
1386966108,1,0,0,2,-2.467349,0.000000,-2.449896,-134.560654,1.458616,88.424553,10.877499_7.181602i,10.750505_7.370347i,0,1,0,0.00,5.18,1
1386966109,1,0,0,2,-2.463851,0.000000,-2.446398,-134.508286,1.458616,88.424553,10.877499_7.181602i,10.750505_7.370347i,0,1,0,0.00,5.35,1
1386966109,1,0,0,2,-2.458801,0.000000,-2.441348,-134.467560,1.458616,88.424553,10.877499_7.181602i,10.750505_7.370347i,0,1,0,0.00,5.53,1
1386966109,1,0,0,2,-2.456175,0.000000,-2.438722,-134.438477,1.458616,88.424553,10.877499_7.181602i,10.750505_7.370347i,0,1,0,0.00,5.70,1
1386966109,1,0,0,2,-2.451539,0.000000,-2.434085,-134.421021,1.458616,88.424553,10.877499_7.181602i,10.750505_7.370347i,0,1,0,0.00,5.88,1
1386966110,1,0,0,2,-2.441151,0.000000,-2.423698,-134.409393,1.458616,88.424553,10.877499_7.181602i,10.750505_7.370347i,0,1,0,0.00,6.05,1
1386966110,1,1,1,7353,0.126347,0.000000,0.143800,-134.397766,6.763430,341.847870,237.105026_30.838646i,236.530701_34.972004i,0,1,0,0.00,6.23,1
1386966110,1,1,1,7353,0.126347,0.000000,0.143800,-134.281403,6.763430,341.847870,237.105026_30.838646i,236.530701_34.972004i,0,1,0,0.00,6.40,1
1386966110,1,1,1,7353,0.126347,0.000000,0.143800,-134.199966,6.763430,341.847870,237.105026_30.838646i,236.530701_34.972004i,0,1,0,0.00,6.58,1
1386966111,1,1,1,7353,0.126347,0.000000,0.143800,-134.147598,6.763430,341.847870,237.105026_30.838646i,236.530701_34.972004i,0,1,0,0.00,6.75,1
1386966111,1,1,1,7353,0.126347,0.000000,0.143800,-134.112701,6.763430,341.847870,237.105026_30.838646i,236.530701_34.972004i,0,1,0,0.00,6.93,2
1386966111,1,1,1,7353,0.126347,0.000000,0.143800,-134.089417,6.763430,341.847870,237.105026_30.838646i,236.530701_34.972004i,0,1,0,0.00,7.10,2
1386966111,1,1,1,7353,0.126347,0.000000,0.143800,-134.071960,6.763430,341.847870,237.105026_30.838646i,236.530701_34.972004i,0,1,0,0.00,7.28,2
1386966112,1,1,1,7353,0.126347,0.000000,0.143800,-134.060333,6.763430,341.847870,237.105026_30.838646i,236.530701_34.972004i,0,1,0,0.00,7.45,2
1386966112,1,1,1,7353,0.126347,0.000000,0.143800,-134.054520,6.763430,341.847870,237.105026_30.838646i,236.530701_34.972004i,0,1,0,0.00,7.63,2
1386966112,1,1,1,7353,0.126347,0.000000,0.143800,-134.048691,6.763430,341.847870,237.105026_30.838646i,236.530701_34.972004i,0,1,0,0.00,7.80,2
1386966112,1,1,1,7353,0.126347,0.000000,0.143800,-134.048691,6.763430,341.847870,237.105026_30.838646i,236.530701_34.972004i,0,1,0,0.00,7.98,2
1386966113,1,1,1,7353,0.126347,0.000000,0.143800,-134.048691,6.763430,341.847870,237.105026_30.838646i,236.530701_34.972004i,0,1,0,0.00,8.15,2
1386966113,1,1,1,7353,0.126347,0.000000,0.143800,-134.048691,6.763430,341.847870,237.105026_30.838646i,236.530701_34.972004i,0,1,0,0.00,8.33,2
1386966113,1,1,1,7353,0.126347,0.000000,0.143800,-134.048691,6.763430,341.847870,237.105026_30.838646i,236.530701_34.972004i,0,1,0,0.00,8.50,2
1386966113,1,1,1,7353,0.126347,0.000000,0.143800,-134.048691,6.763430,341.847870,237.105026_30.838646i,236.530701_34.972004i,0,1,0,0.00,8.68,2
1386966114,1,1,1,7353,0.126347,0.000000,0.143800,-134.048691,6.763430,341.847870,237.105026_30.838646i,236.530701_34.972004i,0,1,0,0.00,8.85,2
1386966114,1,1,1,7353,0.126347,0.000000,0.143800,-134.048691,6.763430,341.847870,237.105026_30.838646i,236.530701_34.972004i,0,1,0,0.00,9.03,2
1386966114,1,1,1,7353,0.126347,0.000000,0.143800,-134.048691,6.763430,341.847870,237.105026_30.838646i,236.530701_34.972004i,0,1,0,0.00,9.20,2
1386966114,1,1,1,7353,0.126347,0.000000,0.143800,-134.048691,6.763430,341.847870,237.105026_30.838646i,236.530701_34.972004i,0,1,0,0.00,9.38,2
1386966115,1,1,1,7353,0.126347,0.000000,0.143800,-134.048691,6.763430,341.847870,237.105026_30.838646i,236.530701_34.972004i,0,1,0,0.00,9.30,3
1386966115,1,1,1,7353,0.126347,0.000000,0.143800,-134.048691,6.763430,341.847870,237.105026_30.838646i,236.530701_34.972004i,0,1,0,0.00,9.23,3
1386966115,1,1,1,7353,0.126347,0.000000,0.143800,-133.845078,6.763430,341.847870,237.105026_30.838646i,236.530701_34.972004i,0,1,0,0.00,9.15,3
1386966115,1,1,1,7353,0.126347,0.000000,0.143800,-133.641449,6.763430,341.847870,237.105026_30.838646i,236.530701_34.972004i,0,1,0,0.00,9.08,3
1386966116,1,1,1,7353,0.126347,0.000000,0.143800,-133.437836,6.763430,341.847870,237.105026_30.838646i,236.530701_34.972004i,0,1,0,0.00,9.00,3
1386966116,1,1,1,7353,0.126347,0.000000,0.143800,-133.292389,6.763430,341.847870,237.105026_30.838646i,236.530701_34.972004i,0,1,0,0.00,8.93,3
1386966116,1,1,1,7353,0.126347,0.000000,0.143800,-133.193497,6.763430,341.847870,237.105026_30.838646i,236.530701_34.972004i,0,1,0,0.00,8.85,3
1386966116,1,1,1,7353,0.126347,0.000000,0.143800,-133.129501,6.763430,341.847870,237.105026_30.838646i,236.530701_34.972004i,0,1,0,0.00,8.78,3
1386966117,1,1,1,7353,0.126347,0.000000,0.143800,-133.082962,6.763430,341.847870,237.105026_30.838646i,236.530701_34.972004i,0,1,0,0.00,8.70,3
1386966117,1,1,1,7353,0.126347,0.000000,0.143800,-133.053879,6.763430,341.847870,237.105026_30.838646i,236.530701_34.972004i,0,1,0,0.00,8.63,4
1386966117,1,1,1,7353,0.126347,0.000000,0.143800,-133.036423,6.763430,341.847870,237.105026_30.838646i,236.530701_34.972004i,0,1,0,0.00,8.80,5
1386966117,1,1,1,7353,0.126347,0.000000,0.143800,-133.024780,6.763430,341.847870,237.105026_30.838646i,236.530701_34.972004i,0,1,0,0.00,8.98,5
1386966118,1,1,1,7353,0.126347,0.000000,0.143800,-133.013153,6.763430,341.847870,237.105026_30.838646i,236.530701_34.972004i,0,1,0,0.00,9.15,5
1386966118,1,1,1,7353,0.126347,0.000000,0.143800,-133.007339,6.763430,341.847870,237.105026_30.838646i,236.530701_34.972004i,0,1,0,0.00,9.33,5
1386966118,1,1,1,7353,0.126347,0.000000,0.143800,-133.001511,6.763430,341.847870,237.105026_30.838646i,236.530701_34.972004i,0,1,0,0.00,9.50,5
1386966118,1,1,1,7353,0.126347,0.000000,0.143800,-133.001511,6.763430,341.847870,237.105026_30.838646i,236.530701_34.972004i,0,1,0,0.00,9.68,5
1386966119,1,1,1,7353,0.126347,0.000000,0.143800,-133.001511,6.763430,341.847870,237.105026_30.838646i,236.530701_34.972004i,0,1,0,0.00,9.85,5
1386966119,1,1,0,7353,0.126347,0.000000,0.143800,-133.001511,6.763430,341.847870,237.105026_30.838646i,236.530701_34.972004i,0,1,0,0.00,10.03,1
1386966119,1,0,0,8,0.593412,0.000000,0.610865,-132.797897,6.763430,341.847870,237.105026_30.838646i,236.530701_34.972004i,0,1,0,0.00,10.20,1
1386966119,1,0,0,5,2.513274,0.000000,2.530727,-132.594269,6.763430,341.847870,237.105026_30.838646i,236.530701_34.972004i,0,1,0,0.00,10.38,1
1386966120,0,0,0,4,2.513274,0.000000,2.530727,-132.797897,6.763430,341.847870,237.105026_30.838646i,236.530701_34.972004i,0,1,0,0.00,10.55,1
1386966120,0,0,0,4,2.513274,0.000000,2.530727,-133.001511,6.763430,341.847870,237.105026_30.838646i,236.530701_34.972004i,0,1,0,0.00,10.73,1
1386966120,0,0,0,4,2.513274,0.000000,2.530727,-133.205139,6.763430,341.847870,237.105026_30.838646i,236.530701_34.972004i,0,1,0,0.00,10.90,1
1386966120,0,0,0,4,2.513274,0.000000,2.530727,-133.408752,6.763430,341.847870,237.105026_30.838646i,236.530701_34.972004i,0,1,0,0.00,11.08,1
1386966121,0,0,0,4,2.513274,0.000000,2.530727,-133.612366,6.763430,341.847870,237.105026_30.838646i,236.530701_34.972004i,0,1,0,0.00,11.25,1
1386966121,0,0,0,4,2.513274,0.000000,2.530727,-133.815994,6.763430,341.847870,237.105026_30.838646i,236.530701_34.972004i,0,1,0,0.00,11.43,1
1386966121,0,0,0,4,2.513274,0.000000,2.530727,-134.019608,6.763430,341.847870,237.105026_30.838646i,236.530701_34.972004i,0,1,0,0.00,11.60,1
1386966121,0,0,0,4,2.513274,0.000000,2.530727,-134.223221,6.763430,341.847870,237.105026_30.838646i,236.530701_34.972004i,0,1,0,0.00,11.78,1
1386966122,0,0,0,4,2.513274,0.000000,2.530727,-134.426849,6.763430,341.847870,237.105026_30.838646i,236.530701_34.972004i,0,1,0,0.00,11.95,1
1386966122,0,0,0,4,2.513274,0.000000,2.530727,-134.630463,6.763430,341.847870,237.105026_30.838646i,236.530701_34.972004i,0,1,0,0.00,12.13,1
1386966122,0,0,0,4,2.513274,0.000000,2.530727,-134.834076,6.763430,341.847870,237.105026_30.838646i,236.530701_34.972004i,0,1,0,0.00,12.30,1
1386966122,0,0,0,4,2.513274,0.000000,2.530727,-135.037704,6.763430,341.847870,237.105026_30.838646i,236.530701_34.972004i,0,1,0,0.00,12.48,1
1386966123,0,0,0,4,2.513274,0.000000,2.530727,-135.241318,6.763430,341.847870,237.105026_30.838646i,236.530701_34.972004i,0,1,0,0.00,12.65,1
1386966123,0,0,0,4,2.513274,0.000000,2.530727,-135.392578,6.763430,341.847870,237.105026_30.838646i,236.530701_34.972004i,0,1,0,0.00,12.83,1
1386966123,0,0,0,4,2.513274,0.000000,2.530727,-135.497299,6.763430,341.847870,237.105026_30.838646i,236.530701_34.972004i,0,1,0,0.00,13.00,1
1386966123,0,0,0,4,2.513274,0.000000,2.530727,-135.567108,6.763430,341.847870,237.105026_30.838646i,236.530701_34.972004i,0,1,0,0.00,13.18,1
1386966124,0,0,0,4,2.513274,0.000000,2.530727,-135.613647,6.763430,341.847870,237.105026_30.838646i,236.530701_34.972004i,0,1,0,0.00,13.35,1
1386966124,0,0,0,4,2.513274,0.000000,2.530727,-135.642731,6.763430,341.847870,237.105026_30.838646i,236.530701_34.972004i,0,1,0,0.00,13.53,1
1386966124,0,0,0,4,2.513274,0.000000,2.530727,-135.660187,6.763430,341.847870,237.105026_30.838646i,236.530701_34.972004i,0,1,0,0.00,13.70,1
1386966124,0,0,0,4,2.513274,0.000000,2.530727,-135.671829,6.763430,341.847870,237.105026_30.838646i,236.530701_34.972004i,0,1,0,0.00,13.88,1
1386966125,0,0,0,4,2.513274,0.000000,2.530727,-135.683456,6.763430,341.847870,237.105026_30.838646i,236.530701_34.972004i,0,1,0,0.00,14.05,1
1386966125,0,0,0,4,2.513274,0.000000,2.530727,-135.689270,6.763430,341.847870,237.105026_30.838646i,236.530701_34.972004i,0,1,0,0.00,14.23,1
1386966125,0,0,0,4,2.513274,0.000000,2.530727,-135.695099,6.763430,341.847870,237.105026_30.838646i,236.530701_34.972004i,0,1,0,0.00,14.40,1
1386966125,0,0,0,4,2.513274,0.000000,2.530727,-135.695099,6.763430,341.847870,237.105026_30.838646i,236.530701_34.972004i,0,1,0,0.00,14.58,1
1386966126,0,0,0,4,2.513274,0.000000,2.530727,-135.695099,6.763430,341.847870,237.105026_30.838646i,236.530701_34.972004i,0,1,0,0.00,14.75,1
